636;850800;100;10;1000;1000;0.6;7354;7;instances/4-FullIns_4.col;690;6650;random
616;898268;100;10;1000;1000;0.6;8085;7;instances/4-FullIns_4.col;690;6650;random
612;895010;100;10;1000;1000;0.6;7669;7;instances/4-FullIns_4.col;690;6650;random
649;885161;100;10;1000;1000;0.6;5471;7;instances/4-FullIns_4.col;690;6650;random
635;841120;100;10;1000;1000;0.6;8415;7;instances/4-FullIns_4.col;690;6650;random
623;852429;100;10;1000;1000;0.6;7278;7;instances/4-FullIns_4.col;690;6650;random
646;860199;100;10;1000;1000;0.6;7220;7;instances/4-FullIns_4.col;690;6650;random
635;843011;100;10;1000;1000;0.6;8095;7;instances/4-FullIns_4.col;690;6650;random
659;884891;100;10;1000;1000;0.6;1223;7;instances/4-FullIns_4.col;690;6650;random
635;841172;100;10;1000;1000;0.6;7887;7;instances/4-FullIns_4.col;690;6650;random
636;858360;100;10;1000;1000;0.6;5548;7;instances/4-FullIns_4.col;690;6650;random
600;840566;100;10;1000;1000;0.6;7567;7;instances/4-FullIns_4.col;690;6650;random
631;850789;100;10;1000;1000;0.6;7563;7;instances/4-FullIns_4.col;690;6650;random
611;843818;100;10;1000;1000;0.6;7916;7;instances/4-FullIns_4.col;690;6650;random
655;1654947;100;10;1000;1000;0.6;6052;7;instances/4-FullIns_4.col;690;6650;random
644;890957;100;10;1000;1000;0.6;7999;7;instances/4-FullIns_4.col;690;6650;random
625;851015;100;10;1000;1000;0.6;8053;7;instances/4-FullIns_4.col;690;6650;random
645;834415;100;10;1000;1000;0.6;5432;7;instances/4-FullIns_4.col;690;6650;random
625;860693;100;10;1000;1000;0.6;7546;7;instances/4-FullIns_4.col;690;6650;random
648;843085;100;10;1000;1000;0.6;8175;7;instances/4-FullIns_4.col;690;6650;random
654;1242718;100;10;1000;1000;0.7;8287;7;instances/4-FullIns_4.col;690;6650;random
632;1206835;100;10;1000;1000;0.7;11900;7;instances/4-FullIns_4.col;690;6650;random
623;1130636;100;10;1000;1000;0.7;10878;7;instances/4-FullIns_4.col;690;6650;random
629;1124282;100;10;1000;1000;0.7;8638;7;instances/4-FullIns_4.col;690;6650;random
628;1158272;100;10;1000;1000;0.7;11100;7;instances/4-FullIns_4.col;690;6650;random
647;1178442;100;10;1000;1000;0.7;10935;7;instances/4-FullIns_4.col;690;6650;random
628;1198361;100;10;1000;1000;0.7;11261;7;instances/4-FullIns_4.col;690;6650;random
636;1180467;100;10;1000;1000;0.7;11048;7;instances/4-FullIns_4.col;690;6650;random
649;1182957;100;10;1000;1000;0.7;10958;7;instances/4-FullIns_4.col;690;6650;random
639;1202382;100;10;1000;1000;0.7;11661;7;instances/4-FullIns_4.col;690;6650;random
606;1170622;100;10;1000;1000;0.7;5420;7;instances/4-FullIns_4.col;690;6650;random
635;1200459;100;10;1000;1000;0.7;10803;7;instances/4-FullIns_4.col;690;6650;random
656;1191993;100;10;1000;1000;0.7;8651;7;instances/4-FullIns_4.col;690;6650;random
623;1218732;100;10;1000;1000;0.7;11571;7;instances/4-FullIns_4.col;690;6650;random
627;1197072;100;10;1000;1000;0.7;9453;7;instances/4-FullIns_4.col;690;6650;random
628;1183138;100;10;1000;1000;0.7;11587;7;instances/4-FullIns_4.col;690;6650;random
645;1217834;100;10;1000;1000;0.7;8602;7;instances/4-FullIns_4.col;690;6650;random
636;1180272;100;10;1000;1000;0.7;7259;7;instances/4-FullIns_4.col;690;6650;random
647;1243707;100;10;1000;1000;0.7;10871;7;instances/4-FullIns_4.col;690;6650;random
646;1206348;100;10;1000;1000;0.7;8712;7;instances/4-FullIns_4.col;690;6650;random
616;1715208;100;10;1000;1000;0.8;15647;9;instances/4-FullIns_4.col;690;6650;random
637;1708965;100;10;1000;1000;0.8;13193;9;instances/4-FullIns_4.col;690;6650;random
629;2500613;100;10;1000;1000;0.8;15662;9;instances/4-FullIns_4.col;690;6650;random
648;1717517;100;10;1000;1000;0.8;16617;9;instances/4-FullIns_4.col;690;6650;random
625;1732827;100;10;1000;1000;0.8;16757;9;instances/4-FullIns_4.col;690;6650;random
644;1730003;100;10;1000;1000;0.8;12661;9;instances/4-FullIns_4.col;690;6650;random
643;1685502;100;10;1000;1000;0.8;12788;9;instances/4-FullIns_4.col;690;6650;random
611;1671147;100;10;1000;1000;0.8;16753;9;instances/4-FullIns_4.col;690;6650;random
646;1676548;100;10;1000;1000;0.8;16820;9;instances/4-FullIns_4.col;690;6650;random
630;1735549;100;10;1000;1000;0.8;9580;9;instances/4-FullIns_4.col;690;6650;random
649;1716003;100;10;1000;1000;0.8;8983;9;instances/4-FullIns_4.col;690;6650;random
627;1695154;100;10;1000;1000;0.8;10763;9;instances/4-FullIns_4.col;690;6650;random
631;1679615;100;10;1000;1000;0.8;12774;9;instances/4-FullIns_4.col;690;6650;random
635;1687310;100;10;1000;1000;0.8;14466;9;instances/4-FullIns_4.col;690;6650;random
635;1694629;100;10;1000;1000;0.8;15957;9;instances/4-FullIns_4.col;690;6650;random
642;1727353;100;10;1000;1000;0.8;15989;9;instances/4-FullIns_4.col;690;6650;random
632;1718082;100;10;1000;1000;0.8;13885;9;instances/4-FullIns_4.col;690;6650;random
635;1709543;100;10;1000;1000;0.8;14901;9;instances/4-FullIns_4.col;690;6650;random
652;1694695;100;10;1000;1000;0.8;7742;9;instances/4-FullIns_4.col;690;6650;random
625;1687775;100;10;1000;1000;0.8;14858;9;instances/4-FullIns_4.col;690;6650;random
621;3984421;100;10;1000;1000;0.9;30493;9;instances/4-FullIns_4.col;690;6650;random
615;3288157;100;10;1000;1000;0.9;28057;9;instances/4-FullIns_4.col;690;6650;random
612;3270034;100;10;1000;1000;0.9;28540;9;instances/4-FullIns_4.col;690;6650;random
623;3209188;100;10;1000;1000;0.9;30221;9;instances/4-FullIns_4.col;690;6650;random
607;3238722;100;10;1000;1000;0.9;31630;9;instances/4-FullIns_4.col;690;6650;random
632;3320735;100;10;1000;1000;0.9;28057;9;instances/4-FullIns_4.col;690;6650;random
641;3274832;100;10;1000;1000;0.9;23649;9;instances/4-FullIns_4.col;690;6650;random
643;3209714;100;10;1000;1000;0.9;9864;9;instances/4-FullIns_4.col;690;6650;random
630;3219969;100;10;1000;1000;0.9;30531;9;instances/4-FullIns_4.col;690;6650;random
607;3203503;100;10;1000;1000;0.9;16128;9;instances/4-FullIns_4.col;690;6650;random
614;3901877;100;10;1000;1000;0.9;26236;9;instances/4-FullIns_4.col;690;6650;random
626;3222011;100;10;1000;1000;0.9;29540;9;instances/4-FullIns_4.col;690;6650;random
620;3209932;100;10;1000;1000;0.9;31035;9;instances/4-FullIns_4.col;690;6650;random
607;3233386;100;10;1000;1000;0.9;31378;9;instances/4-FullIns_4.col;690;6650;random
632;3217428;100;10;1000;1000;0.9;30080;9;instances/4-FullIns_4.col;690;6650;random
636;3287887;100;10;1000;1000;0.9;31531;9;instances/4-FullIns_4.col;690;6650;random
633;3191645;100;10;1000;1000;0.9;28562;9;instances/4-FullIns_4.col;690;6650;random
621;3243437;100;10;1000;1000;0.9;29269;9;instances/4-FullIns_4.col;690;6650;random
623;3260257;100;10;1000;1000;0.9;24496;9;instances/4-FullIns_4.col;690;6650;random
628;3222731;100;10;1000;1000;0.9;17564;9;instances/4-FullIns_4.col;690;6650;random
638;1550359;1000;10;1000;1000;0.6;14976;9;instances/4-FullIns_4.col;690;6650;random
656;2220547;1000;10;1000;1000;0.6;13748;9;instances/4-FullIns_4.col;690;6650;random
648;1512512;1000;10;1000;1000;0.6;14787;9;instances/4-FullIns_4.col;690;6650;random
649;1572101;1000;10;1000;1000;0.6;12863;9;instances/4-FullIns_4.col;690;6650;random
659;1513436;1000;10;1000;1000;0.6;13551;9;instances/4-FullIns_4.col;690;6650;random
646;1539527;1000;10;1000;1000;0.6;14792;9;instances/4-FullIns_4.col;690;6650;random
640;1507189;1000;10;1000;1000;0.6;12044;9;instances/4-FullIns_4.col;690;6650;random
630;1508064;1000;10;1000;1000;0.6;9591;9;instances/4-FullIns_4.col;690;6650;random
633;1520120;1000;10;1000;1000;0.6;14786;9;instances/4-FullIns_4.col;690;6650;random
634;1541555;1000;10;1000;1000;0.6;14113;9;instances/4-FullIns_4.col;690;6650;random
669;1511090;1000;10;1000;1000;0.6;7791;9;instances/4-FullIns_4.col;690;6650;random
651;1561890;1000;10;1000;1000;0.6;3284;9;instances/4-FullIns_4.col;690;6650;random
664;1518824;1000;10;1000;1000;0.6;11971;9;instances/4-FullIns_4.col;690;6650;random
664;1510360;1000;10;1000;1000;0.6;11958;9;instances/4-FullIns_4.col;690;6650;random
671;1514357;1000;10;1000;1000;0.6;2535;9;instances/4-FullIns_4.col;690;6650;random
633;1538840;1000;10;1000;1000;0.6;13672;9;instances/4-FullIns_4.col;690;6650;random
661;1519163;1000;10;1000;1000;0.6;11581;9;instances/4-FullIns_4.col;690;6650;random
681;1518525;1000;10;1000;1000;0.6;1870;9;instances/4-FullIns_4.col;690;6650;random
663;1540699;1000;10;1000;1000;0.6;5489;9;instances/4-FullIns_4.col;690;6650;random
664;1528713;1000;10;1000;1000;0.6;7395;9;instances/4-FullIns_4.col;690;6650;random
618;2186043;1000;10;1000;1000;0.7;20350;8;instances/4-FullIns_4.col;690;6650;random
630;2189021;1000;10;1000;1000;0.7;20550;8;instances/4-FullIns_4.col;690;6650;random
650;2182423;1000;10;1000;1000;0.7;21312;8;instances/4-FullIns_4.col;690;6650;random
638;2197887;1000;10;1000;1000;0.7;20734;8;instances/4-FullIns_4.col;690;6650;random
654;2192528;1000;10;1000;1000;0.7;21346;8;instances/4-FullIns_4.col;690;6650;random
652;2245535;1000;10;1000;1000;0.7;20892;8;instances/4-FullIns_4.col;690;6650;random
632;2215927;1000;10;1000;1000;0.7;18811;8;instances/4-FullIns_4.col;690;6650;random
644;2210072;1000;10;1000;1000;0.7;20610;8;instances/4-FullIns_4.col;690;6650;random
653;3309353;1000;10;1000;1000;0.7;21745;8;instances/4-FullIns_4.col;690;6650;random
609;2255058;1000;10;1000;1000;0.7;21101;8;instances/4-FullIns_4.col;690;6650;random
639;2246486;1000;10;1000;1000;0.7;21455;8;instances/4-FullIns_4.col;690;6650;random
659;2234838;1000;10;1000;1000;0.7;14791;8;instances/4-FullIns_4.col;690;6650;random
652;2227620;1000;10;1000;1000;0.7;20956;8;instances/4-FullIns_4.col;690;6650;random
638;2235115;1000;10;1000;1000;0.7;19504;8;instances/4-FullIns_4.col;690;6650;random
640;2233860;1000;10;1000;1000;0.7;21402;8;instances/4-FullIns_4.col;690;6650;random
652;2243827;1000;10;1000;1000;0.7;21699;8;instances/4-FullIns_4.col;690;6650;random
638;2187990;1000;10;1000;1000;0.7;21607;8;instances/4-FullIns_4.col;690;6650;random
643;2231032;1000;10;1000;1000;0.7;21505;8;instances/4-FullIns_4.col;690;6650;random
655;2177068;1000;10;1000;1000;0.7;20876;8;instances/4-FullIns_4.col;690;6650;random
637;2231222;1000;10;1000;1000;0.7;9418;8;instances/4-FullIns_4.col;690;6650;random
648;3344910;1000;10;1000;1000;0.8;8654;9;instances/4-FullIns_4.col;690;6650;random
637;4128878;1000;10;1000;1000;0.8;30360;9;instances/4-FullIns_4.col;690;6650;random
642;3410141;1000;10;1000;1000;0.8;31146;9;instances/4-FullIns_4.col;690;6650;random
648;3410299;1000;10;1000;1000;0.8;13806;9;instances/4-FullIns_4.col;690;6650;random
648;3381050;1000;10;1000;1000;0.8;33106;9;instances/4-FullIns_4.col;690;6650;random
630;3340836;1000;10;1000;1000;0.8;32272;9;instances/4-FullIns_4.col;690;6650;random
634;3401241;1000;10;1000;1000;0.8;29639;9;instances/4-FullIns_4.col;690;6650;random
648;3336992;1000;10;1000;1000;0.8;27915;9;instances/4-FullIns_4.col;690;6650;random
605;3369083;1000;10;1000;1000;0.8;32948;9;instances/4-FullIns_4.col;690;6650;random
640;3318188;1000;10;1000;1000;0.8;29070;9;instances/4-FullIns_4.col;690;6650;random
622;3418086;1000;10;1000;1000;0.8;31038;9;instances/4-FullIns_4.col;690;6650;random
645;4133451;1000;10;1000;1000;0.8;32044;9;instances/4-FullIns_4.col;690;6650;random
652;3420473;1000;10;1000;1000;0.8;33248;9;instances/4-FullIns_4.col;690;6650;random
648;3344842;1000;10;1000;1000;0.8;31420;9;instances/4-FullIns_4.col;690;6650;random
648;3343893;1000;10;1000;1000;0.8;29281;9;instances/4-FullIns_4.col;690;6650;random
640;3326510;1000;10;1000;1000;0.8;33064;9;instances/4-FullIns_4.col;690;6650;random
640;3362529;1000;10;1000;1000;0.8;30422;9;instances/4-FullIns_4.col;690;6650;random
650;3366203;1000;10;1000;1000;0.8;26637;9;instances/4-FullIns_4.col;690;6650;random
643;3372899;1000;10;1000;1000;0.8;32124;9;instances/4-FullIns_4.col;690;6650;random
637;3376179;1000;10;1000;1000;0.8;32031;9;instances/4-FullIns_4.col;690;6650;random
630;7444644;1000;10;1000;1000;0.9;61309;10;instances/4-FullIns_4.col;690;6650;random
630;6727133;1000;10;1000;1000;0.9;61018;10;instances/4-FullIns_4.col;690;6650;random
642;6742976;1000;10;1000;1000;0.9;62293;10;instances/4-FullIns_4.col;690;6650;random
618;6764346;1000;10;1000;1000;0.9;64226;10;instances/4-FullIns_4.col;690;6650;random
608;6780359;1000;10;1000;1000;0.9;65004;10;instances/4-FullIns_4.col;690;6650;random
641;7586228;1000;10;1000;1000;0.9;61317;10;instances/4-FullIns_4.col;690;6650;random
618;6742475;1000;10;1000;1000;0.9;58037;10;instances/4-FullIns_4.col;690;6650;random
604;6761213;1000;10;1000;1000;0.9;66178;10;instances/4-FullIns_4.col;690;6650;random
633;6759930;1000;10;1000;1000;0.9;62385;10;instances/4-FullIns_4.col;690;6650;random
627;6697627;1000;10;1000;1000;0.9;65731;10;instances/4-FullIns_4.col;690;6650;random
616;7403488;1000;10;1000;1000;0.9;41775;10;instances/4-FullIns_4.col;690;6650;random
611;6717277;1000;10;1000;1000;0.9;62873;10;instances/4-FullIns_4.col;690;6650;random
608;6745696;1000;10;1000;1000;0.9;62624;10;instances/4-FullIns_4.col;690;6650;random
620;6710701;1000;10;1000;1000;0.9;60622;10;instances/4-FullIns_4.col;690;6650;random
626;6668038;1000;10;1000;1000;0.9;49847;10;instances/4-FullIns_4.col;690;6650;random
642;6722777;1000;10;1000;1000;0.9;34499;10;instances/4-FullIns_4.col;690;6650;random
631;6724834;1000;10;1000;1000;0.9;63736;10;instances/4-FullIns_4.col;690;6650;random
634;7884647;1000;10;1000;1000;0.9;60086;10;instances/4-FullIns_4.col;690;6650;random
642;6702656;1000;10;1000;1000;0.9;59847;10;instances/4-FullIns_4.col;690;6650;random
642;6732936;1000;10;1000;1000;0.9;65100;10;instances/4-FullIns_4.col;690;6650;random
648;2001357;5000;10;1000;1000;0.6;19733;10;instances/4-FullIns_4.col;690;6650;random
637;1996342;5000;10;1000;1000;0.6;9575;10;instances/4-FullIns_4.col;690;6650;random
660;2073966;5000;10;1000;1000;0.6;17758;10;instances/4-FullIns_4.col;690;6650;random
649;2013875;5000;10;1000;1000;0.6;10934;10;instances/4-FullIns_4.col;690;6650;random
641;2005146;5000;10;1000;1000;0.6;19354;10;instances/4-FullIns_4.col;690;6650;random
654;2050901;5000;10;1000;1000;0.6;18881;10;instances/4-FullIns_4.col;690;6650;random
650;2760891;5000;10;1000;1000;0.6;13796;10;instances/4-FullIns_4.col;690;6650;random
661;2050737;5000;10;1000;1000;0.6;11279;10;instances/4-FullIns_4.col;690;6650;random
637;2017260;5000;10;1000;1000;0.6;19586;10;instances/4-FullIns_4.col;690;6650;random
646;2004866;5000;10;1000;1000;0.6;18865;10;instances/4-FullIns_4.col;690;6650;random
649;2073350;5000;10;1000;1000;0.6;16670;10;instances/4-FullIns_4.col;690;6650;random
630;2013131;5000;10;1000;1000;0.6;19207;10;instances/4-FullIns_4.col;690;6650;random
664;2004084;5000;10;1000;1000;0.6;14757;10;instances/4-FullIns_4.col;690;6650;random
635;1985962;5000;10;1000;1000;0.6;18795;10;instances/4-FullIns_4.col;690;6650;random
665;2006326;5000;10;1000;1000;0.6;12830;10;instances/4-FullIns_4.col;690;6650;random
651;2084788;5000;10;1000;1000;0.6;19670;10;instances/4-FullIns_4.col;690;6650;random
649;1980569;5000;10;1000;1000;0.6;16163;10;instances/4-FullIns_4.col;690;6650;random
657;2062013;5000;10;1000;1000;0.6;4805;10;instances/4-FullIns_4.col;690;6650;random
665;1996682;5000;10;1000;1000;0.6;18408;10;instances/4-FullIns_4.col;690;6650;random
663;2065477;5000;10;1000;1000;0.6;11878;10;instances/4-FullIns_4.col;690;6650;random
641;2903645;5000;10;1000;1000;0.7;17346;10;instances/4-FullIns_4.col;690;6650;random
627;3541226;5000;10;1000;1000;0.7;27520;10;instances/4-FullIns_4.col;690;6650;random
651;2888190;5000;10;1000;1000;0.7;9297;10;instances/4-FullIns_4.col;690;6650;random
638;2881841;5000;10;1000;1000;0.7;7186;10;instances/4-FullIns_4.col;690;6650;random
649;2934842;5000;10;1000;1000;0.7;4052;10;instances/4-FullIns_4.col;690;6650;random
628;2881921;5000;10;1000;1000;0.7;27770;10;instances/4-FullIns_4.col;690;6650;random
653;2857124;5000;10;1000;1000;0.7;7064;10;instances/4-FullIns_4.col;690;6650;random
607;2960600;5000;10;1000;1000;0.7;27106;10;instances/4-FullIns_4.col;690;6650;random
648;2830699;5000;10;1000;1000;0.7;13415;10;instances/4-FullIns_4.col;690;6650;random
634;2865648;5000;10;1000;1000;0.7;27041;10;instances/4-FullIns_4.col;690;6650;random
668;2870957;5000;10;1000;1000;0.7;15826;10;instances/4-FullIns_4.col;690;6650;random
633;2824573;5000;10;1000;1000;0.7;27159;10;instances/4-FullIns_4.col;690;6650;random
649;3685809;5000;10;1000;1000;0.7;27473;10;instances/4-FullIns_4.col;690;6650;random
645;2839399;5000;10;1000;1000;0.7;24145;10;instances/4-FullIns_4.col;690;6650;random
620;2872242;5000;10;1000;1000;0.7;27705;10;instances/4-FullIns_4.col;690;6650;random
643;2890769;5000;10;1000;1000;0.7;3436;10;instances/4-FullIns_4.col;690;6650;random
637;2848707;5000;10;1000;1000;0.7;21464;10;instances/4-FullIns_4.col;690;6650;random
656;2851770;5000;10;1000;1000;0.7;27186;10;instances/4-FullIns_4.col;690;6650;random
634;2819755;5000;10;1000;1000;0.7;27155;10;instances/4-FullIns_4.col;690;6650;random
643;2931451;5000;10;1000;1000;0.7;24855;10;instances/4-FullIns_4.col;690;6650;random
624;4620387;5000;10;1000;1000;0.8;43716;10;instances/4-FullIns_4.col;690;6650;random
625;4566686;5000;10;1000;1000;0.8;32729;10;instances/4-FullIns_4.col;690;6650;random
617;5298910;5000;10;1000;1000;0.8;43100;10;instances/4-FullIns_4.col;690;6650;random
638;4598600;5000;10;1000;1000;0.8;2991;10;instances/4-FullIns_4.col;690;6650;random
624;4647818;5000;10;1000;1000;0.8;43160;10;instances/4-FullIns_4.col;690;6650;random
638;4595617;5000;10;1000;1000;0.8;37824;10;instances/4-FullIns_4.col;690;6650;random
602;4625592;5000;10;1000;1000;0.8;44819;10;instances/4-FullIns_4.col;690;6650;random
626;4510236;5000;10;1000;1000;0.8;43400;10;instances/4-FullIns_4.col;690;6650;random
650;4607583;5000;10;1000;1000;0.8;43300;10;instances/4-FullIns_4.col;690;6650;random
618;4531859;5000;10;1000;1000;0.8;42267;10;instances/4-FullIns_4.col;690;6650;random
638;4561582;5000;10;1000;1000;0.8;43512;10;instances/4-FullIns_4.col;690;6650;random
658;4530951;5000;10;1000;1000;0.8;30511;10;instances/4-FullIns_4.col;690;6650;random
636;5664257;5000;10;1000;1000;0.8;2008;10;instances/4-FullIns_4.col;690;6650;random
639;4576266;5000;10;1000;1000;0.8;43820;10;instances/4-FullIns_4.col;690;6650;random
630;4518354;5000;10;1000;1000;0.8;43357;10;instances/4-FullIns_4.col;690;6650;random
627;4537445;5000;10;1000;1000;0.8;43924;10;instances/4-FullIns_4.col;690;6650;random
630;4468621;5000;10;1000;1000;0.8;43629;10;instances/4-FullIns_4.col;690;6650;random
637;4528423;5000;10;1000;1000;0.8;38009;10;instances/4-FullIns_4.col;690;6650;random
627;4562680;5000;10;1000;1000;0.8;42570;10;instances/4-FullIns_4.col;690;6650;random
652;5305395;5000;10;1000;1000;0.8;39955;10;instances/4-FullIns_4.col;690;6650;random
645;9337089;5000;10;1000;1000;0.9;4038;9;instances/4-FullIns_4.col;690;6650;random
612;9332083;5000;10;1000;1000;0.9;91199;9;instances/4-FullIns_4.col;690;6650;random
634;9502680;5000;10;1000;1000;0.9;92895;9;instances/4-FullIns_4.col;690;6650;random
612;10118159;5000;10;1000;1000;0.9;89338;9;instances/4-FullIns_4.col;690;6650;random
627;9396852;5000;10;1000;1000;0.9;85387;9;instances/4-FullIns_4.col;690;6650;random
649;9310433;5000;10;1000;1000;0.9;89374;9;instances/4-FullIns_4.col;690;6650;random
599;10090257;5000;10;1000;1000;0.9;92431;9;instances/4-FullIns_4.col;690;6650;random
620;9403969;5000;10;1000;1000;0.9;83734;9;instances/4-FullIns_4.col;690;6650;random
649;9564946;5000;10;1000;1000;0.9;90961;9;instances/4-FullIns_4.col;690;6650;random
633;9420061;5000;10;1000;1000;0.9;35458;9;instances/4-FullIns_4.col;690;6650;random
636;10110172;5000;10;1000;1000;0.9;83887;9;instances/4-FullIns_4.col;690;6650;random
628;9410909;5000;10;1000;1000;0.9;91895;9;instances/4-FullIns_4.col;690;6650;random
640;9447873;5000;10;1000;1000;0.9;92663;9;instances/4-FullIns_4.col;690;6650;random
638;10088151;5000;10;1000;1000;0.9;91204;9;instances/4-FullIns_4.col;690;6650;random
628;9429055;5000;10;1000;1000;0.9;92642;9;instances/4-FullIns_4.col;690;6650;random
604;9385873;5000;10;1000;1000;0.9;91424;9;instances/4-FullIns_4.col;690;6650;random
644;9418326;5000;10;1000;1000;0.9;87417;9;instances/4-FullIns_4.col;690;6650;random
636;10049409;5000;10;1000;1000;0.9;85955;9;instances/4-FullIns_4.col;690;6650;random
627;9447175;5000;10;1000;1000;0.9;92404;9;instances/4-FullIns_4.col;690;6650;random
622;9428226;5000;10;1000;1000;0.9;88897;9;instances/4-FullIns_4.col;690;6650;random
622;2353070;10000;10;1000;1000;0.6;19927;7;instances/4-FullIns_4.col;690;6650;random
637;2366217;10000;10;1000;1000;0.6;23007;7;instances/4-FullIns_4.col;690;6650;random
610;2382346;10000;10;1000;1000;0.6;21215;7;instances/4-FullIns_4.col;690;6650;random
662;2358253;10000;10;1000;1000;0.6;20543;7;instances/4-FullIns_4.col;690;6650;random
624;2377505;10000;10;1000;1000;0.6;22692;7;instances/4-FullIns_4.col;690;6650;random
612;2364565;10000;10;1000;1000;0.6;22587;7;instances/4-FullIns_4.col;690;6650;random
611;2371892;10000;10;1000;1000;0.6;22838;7;instances/4-FullIns_4.col;690;6650;random
631;2449857;10000;10;1000;1000;0.6;21970;7;instances/4-FullIns_4.col;690;6650;random
632;3403956;10000;10;1000;1000;0.6;1157;7;instances/4-FullIns_4.col;690;6650;random
634;2483414;10000;10;1000;1000;0.6;22969;7;instances/4-FullIns_4.col;690;6650;random
631;2321610;10000;10;1000;1000;0.6;22580;7;instances/4-FullIns_4.col;690;6650;random
659;2334239;10000;10;1000;1000;0.6;15929;7;instances/4-FullIns_4.col;690;6650;random
632;2330505;10000;10;1000;1000;0.6;23152;7;instances/4-FullIns_4.col;690;6650;random
654;2353563;10000;10;1000;1000;0.6;22786;7;instances/4-FullIns_4.col;690;6650;random
662;2347432;10000;10;1000;1000;0.6;21424;7;instances/4-FullIns_4.col;690;6650;random
586;2320364;10000;10;1000;1000;0.6;22552;7;instances/4-FullIns_4.col;690;6650;random
635;2287396;10000;10;1000;1000;0.6;22007;7;instances/4-FullIns_4.col;690;6650;random
641;2342907;10000;10;1000;1000;0.6;22563;7;instances/4-FullIns_4.col;690;6650;random
646;2363913;10000;10;1000;1000;0.6;9282;7;instances/4-FullIns_4.col;690;6650;random
625;2384224;10000;10;1000;1000;0.6;21842;7;instances/4-FullIns_4.col;690;6650;random
652;3180111;10000;10;1000;1000;0.7;17786;10;instances/4-FullIns_4.col;690;6650;random
639;3931157;10000;10;1000;1000;0.7;30585;10;instances/4-FullIns_4.col;690;6650;random
647;3158919;10000;10;1000;1000;0.7;19895;10;instances/4-FullIns_4.col;690;6650;random
650;3146385;10000;10;1000;1000;0.7;29710;10;instances/4-FullIns_4.col;690;6650;random
630;3181595;10000;10;1000;1000;0.7;30152;10;instances/4-FullIns_4.col;690;6650;random
636;3182645;10000;10;1000;1000;0.7;28672;10;instances/4-FullIns_4.col;690;6650;random
656;3189582;10000;10;1000;1000;0.7;28703;10;instances/4-FullIns_4.col;690;6650;random
642;3207837;10000;10;1000;1000;0.7;27680;10;instances/4-FullIns_4.col;690;6650;random
641;3207613;10000;10;1000;1000;0.7;30285;10;instances/4-FullIns_4.col;690;6650;random
668;3173147;10000;10;1000;1000;0.7;20216;10;instances/4-FullIns_4.col;690;6650;random
618;3205863;10000;10;1000;1000;0.7;31303;10;instances/4-FullIns_4.col;690;6650;random
663;3966731;10000;10;1000;1000;0.7;26537;10;instances/4-FullIns_4.col;690;6650;random
645;3239460;10000;10;1000;1000;0.7;31376;10;instances/4-FullIns_4.col;690;6650;random
636;3208742;10000;10;1000;1000;0.7;18781;10;instances/4-FullIns_4.col;690;6650;random
649;3188569;10000;10;1000;1000;0.7;29465;10;instances/4-FullIns_4.col;690;6650;random
643;3193916;10000;10;1000;1000;0.7;26935;10;instances/4-FullIns_4.col;690;6650;random
605;3221198;10000;10;1000;1000;0.7;31330;10;instances/4-FullIns_4.col;690;6650;random
635;3231721;10000;10;1000;1000;0.7;30847;10;instances/4-FullIns_4.col;690;6650;random
651;3185992;10000;10;1000;1000;0.7;21616;10;instances/4-FullIns_4.col;690;6650;random
659;3233870;10000;10;1000;1000;0.7;7322;10;instances/4-FullIns_4.col;690;6650;random
614;5061905;10000;10;1000;1000;0.8;48974;10;instances/4-FullIns_4.col;690;6650;random
637;5815690;10000;10;1000;1000;0.8;45346;10;instances/4-FullIns_4.col;690;6650;random
643;5089728;10000;10;1000;1000;0.8;45841;10;instances/4-FullIns_4.col;690;6650;random
624;5011169;10000;10;1000;1000;0.8;48622;10;instances/4-FullIns_4.col;690;6650;random
640;5002943;10000;10;1000;1000;0.8;47254;10;instances/4-FullIns_4.col;690;6650;random
643;5065286;10000;10;1000;1000;0.8;49349;10;instances/4-FullIns_4.col;690;6650;random
636;5091675;10000;10;1000;1000;0.8;49651;10;instances/4-FullIns_4.col;690;6650;random
619;5772172;10000;10;1000;1000;0.8;48970;10;instances/4-FullIns_4.col;690;6650;random
657;5013797;10000;10;1000;1000;0.8;49187;10;instances/4-FullIns_4.col;690;6650;random
643;5065545;10000;10;1000;1000;0.8;18420;10;instances/4-FullIns_4.col;690;6650;random
640;5124737;10000;10;1000;1000;0.8;23508;10;instances/4-FullIns_4.col;690;6650;random
653;5067792;10000;10;1000;1000;0.8;46809;10;instances/4-FullIns_4.col;690;6650;random
622;5107607;10000;10;1000;1000;0.8;49732;10;instances/4-FullIns_4.col;690;6650;random
643;5822208;10000;10;1000;1000;0.8;44072;10;instances/4-FullIns_4.col;690;6650;random
633;5070014;10000;10;1000;1000;0.8;46657;10;instances/4-FullIns_4.col;690;6650;random
623;5091924;10000;10;1000;1000;0.8;48913;10;instances/4-FullIns_4.col;690;6650;random
632;5009240;10000;10;1000;1000;0.8;3682;10;instances/4-FullIns_4.col;690;6650;random
654;5028118;10000;10;1000;1000;0.8;25661;10;instances/4-FullIns_4.col;690;6650;random
619;5110393;10000;10;1000;1000;0.8;45543;10;instances/4-FullIns_4.col;690;6650;random
636;5041194;10000;10;1000;1000;0.8;40526;10;instances/4-FullIns_4.col;690;6650;random
632;11088597;10000;10;1000;1000;0.9;99937;10;instances/4-FullIns_4.col;690;6650;random
629;10391154;10000;10;1000;1000;0.9;100901;10;instances/4-FullIns_4.col;690;6650;random
638;10323519;10000;10;1000;1000;0.9;92736;10;instances/4-FullIns_4.col;690;6650;random
626;11122117;10000;10;1000;1000;0.9;54487;10;instances/4-FullIns_4.col;690;6650;random
616;10371350;10000;10;1000;1000;0.9;101626;10;instances/4-FullIns_4.col;690;6650;random
617;10331858;10000;10;1000;1000;0.9;102445;10;instances/4-FullIns_4.col;690;6650;random
637;11151406;10000;10;1000;1000;0.9;100468;10;instances/4-FullIns_4.col;690;6650;random
596;10364030;10000;10;1000;1000;0.9;96380;10;instances/4-FullIns_4.col;690;6650;random
632;10324446;10000;10;1000;1000;0.9;102285;10;instances/4-FullIns_4.col;690;6650;random
617;11129718;10000;10;1000;1000;0.9;95319;10;instances/4-FullIns_4.col;690;6650;random
642;10390001;10000;10;1000;1000;0.9;95880;10;instances/4-FullIns_4.col;690;6650;random
640;10386205;10000;10;1000;1000;0.9;99329;10;instances/4-FullIns_4.col;690;6650;random
621;11121000;10000;10;1000;1000;0.9;101996;10;instances/4-FullIns_4.col;690;6650;random
632;10357077;10000;10;1000;1000;0.9;96031;10;instances/4-FullIns_4.col;690;6650;random
641;10403073;10000;10;1000;1000;0.9;102209;10;instances/4-FullIns_4.col;690;6650;random
611;11131574;10000;10;1000;1000;0.9;98001;10;instances/4-FullIns_4.col;690;6650;random
634;10428950;10000;10;1000;1000;0.9;99779;10;instances/4-FullIns_4.col;690;6650;random
615;10494859;10000;10;1000;1000;0.9;102410;10;instances/4-FullIns_4.col;690;6650;random
628;11063532;10000;10;1000;1000;0.9;102091;10;instances/4-FullIns_4.col;690;6650;random
622;10353170;10000;10;1000;1000;0.9;101612;10;instances/4-FullIns_4.col;690;6650;random
80;829769;100;10;1000;1000;0.6;0;7;instances/4-FullIns_4.col;690;6650;greedy
80;831869;100;10;1000;1000;0.6;0;7;instances/4-FullIns_4.col;690;6650;greedy
80;859284;100;10;1000;1000;0.6;0;7;instances/4-FullIns_4.col;690;6650;greedy
78;829983;100;10;1000;1000;0.6;1;7;instances/4-FullIns_4.col;690;6650;greedy
80;839919;100;10;1000;1000;0.6;0;7;instances/4-FullIns_4.col;690;6650;greedy
80;830574;100;10;1000;1000;0.6;0;7;instances/4-FullIns_4.col;690;6650;greedy
80;855475;100;10;1000;1000;0.6;0;7;instances/4-FullIns_4.col;690;6650;greedy
80;825667;100;10;1000;1000;0.6;0;7;instances/4-FullIns_4.col;690;6650;greedy
80;825704;100;10;1000;1000;0.6;0;7;instances/4-FullIns_4.col;690;6650;greedy
80;845949;100;10;1000;1000;0.6;0;7;instances/4-FullIns_4.col;690;6650;greedy
80;841514;100;10;1000;1000;0.6;0;7;instances/4-FullIns_4.col;690;6650;greedy
80;845843;100;10;1000;1000;0.6;0;7;instances/4-FullIns_4.col;690;6650;greedy
75;837862;100;10;1000;1000;0.6;0;7;instances/4-FullIns_4.col;690;6650;greedy
80;826480;100;10;1000;1000;0.6;0;7;instances/4-FullIns_4.col;690;6650;greedy
80;869487;100;10;1000;1000;0.6;0;7;instances/4-FullIns_4.col;690;6650;greedy
80;841289;100;10;1000;1000;0.6;0;7;instances/4-FullIns_4.col;690;6650;greedy
79;855574;100;10;1000;1000;0.6;1;7;instances/4-FullIns_4.col;690;6650;greedy
80;828925;100;10;1000;1000;0.6;0;7;instances/4-FullIns_4.col;690;6650;greedy
80;843488;100;10;1000;1000;0.6;0;7;instances/4-FullIns_4.col;690;6650;greedy
80;823944;100;10;1000;1000;0.6;0;7;instances/4-FullIns_4.col;690;6650;greedy
80;1156932;100;10;1000;1000;0.7;0;7;instances/4-FullIns_4.col;690;6650;greedy
80;1199697;100;10;1000;1000;0.7;0;7;instances/4-FullIns_4.col;690;6650;greedy
80;1207365;100;10;1000;1000;0.7;0;7;instances/4-FullIns_4.col;690;6650;greedy
80;1167180;100;10;1000;1000;0.7;0;7;instances/4-FullIns_4.col;690;6650;greedy
80;1224446;100;10;1000;1000;0.7;0;7;instances/4-FullIns_4.col;690;6650;greedy
80;1203654;100;10;1000;1000;0.7;0;7;instances/4-FullIns_4.col;690;6650;greedy
80;1133703;100;10;1000;1000;0.7;0;7;instances/4-FullIns_4.col;690;6650;greedy
80;1100514;100;10;1000;1000;0.7;0;7;instances/4-FullIns_4.col;690;6650;greedy
80;1072412;100;10;1000;1000;0.7;0;7;instances/4-FullIns_4.col;690;6650;greedy
80;1088819;100;10;1000;1000;0.7;0;7;instances/4-FullIns_4.col;690;6650;greedy
80;1106385;100;10;1000;1000;0.7;0;7;instances/4-FullIns_4.col;690;6650;greedy
80;1115120;100;10;1000;1000;0.7;0;7;instances/4-FullIns_4.col;690;6650;greedy
80;1200612;100;10;1000;1000;0.7;0;7;instances/4-FullIns_4.col;690;6650;greedy
80;1270714;100;10;1000;1000;0.7;0;7;instances/4-FullIns_4.col;690;6650;greedy
80;1275506;100;10;1000;1000;0.7;0;7;instances/4-FullIns_4.col;690;6650;greedy
80;1164699;100;10;1000;1000;0.7;0;7;instances/4-FullIns_4.col;690;6650;greedy
80;1191787;100;10;1000;1000;0.7;0;7;instances/4-FullIns_4.col;690;6650;greedy
80;1163204;100;10;1000;1000;0.7;0;7;instances/4-FullIns_4.col;690;6650;greedy
80;1220398;100;10;1000;1000;0.7;0;7;instances/4-FullIns_4.col;690;6650;greedy
80;1239404;100;10;1000;1000;0.7;0;7;instances/4-FullIns_4.col;690;6650;greedy
80;1717853;100;10;1000;1000;0.8;0;9;instances/4-FullIns_4.col;690;6650;greedy
80;1738699;100;10;1000;1000;0.8;0;9;instances/4-FullIns_4.col;690;6650;greedy
80;1725515;100;10;1000;1000;0.8;0;9;instances/4-FullIns_4.col;690;6650;greedy
80;1744824;100;10;1000;1000;0.8;0;9;instances/4-FullIns_4.col;690;6650;greedy
80;1701751;100;10;1000;1000;0.8;0;9;instances/4-FullIns_4.col;690;6650;greedy
80;1743498;100;10;1000;1000;0.8;0;9;instances/4-FullIns_4.col;690;6650;greedy
80;2417277;100;10;1000;1000;0.8;0;9;instances/4-FullIns_4.col;690;6650;greedy
80;1712536;100;10;1000;1000;0.8;0;9;instances/4-FullIns_4.col;690;6650;greedy
76;1713459;100;10;1000;1000;0.8;0;9;instances/4-FullIns_4.col;690;6650;greedy
80;1711617;100;10;1000;1000;0.8;0;9;instances/4-FullIns_4.col;690;6650;greedy
80;1724552;100;10;1000;1000;0.8;0;9;instances/4-FullIns_4.col;690;6650;greedy
80;1760930;100;10;1000;1000;0.8;0;9;instances/4-FullIns_4.col;690;6650;greedy
80;1743453;100;10;1000;1000;0.8;0;9;instances/4-FullIns_4.col;690;6650;greedy
80;1731568;100;10;1000;1000;0.8;0;9;instances/4-FullIns_4.col;690;6650;greedy
80;1597651;100;10;1000;1000;0.8;0;9;instances/4-FullIns_4.col;690;6650;greedy
80;1664161;100;10;1000;1000;0.8;0;9;instances/4-FullIns_4.col;690;6650;greedy
80;1648512;100;10;1000;1000;0.8;0;9;instances/4-FullIns_4.col;690;6650;greedy
80;1725057;100;10;1000;1000;0.8;0;9;instances/4-FullIns_4.col;690;6650;greedy
80;1655445;100;10;1000;1000;0.8;0;9;instances/4-FullIns_4.col;690;6650;greedy
80;1593659;100;10;1000;1000;0.8;0;9;instances/4-FullIns_4.col;690;6650;greedy
80;3050132;100;10;1000;1000;0.9;0;9;instances/4-FullIns_4.col;690;6650;greedy
80;3294179;100;10;1000;1000;0.9;0;9;instances/4-FullIns_4.col;690;6650;greedy
80;4041788;100;10;1000;1000;0.9;0;9;instances/4-FullIns_4.col;690;6650;greedy
80;3231024;100;10;1000;1000;0.9;0;9;instances/4-FullIns_4.col;690;6650;greedy
80;3188812;100;10;1000;1000;0.9;0;9;instances/4-FullIns_4.col;690;6650;greedy
80;3214491;100;10;1000;1000;0.9;0;9;instances/4-FullIns_4.col;690;6650;greedy
80;3105110;100;10;1000;1000;0.9;0;9;instances/4-FullIns_4.col;690;6650;greedy
80;3152596;100;10;1000;1000;0.9;0;9;instances/4-FullIns_4.col;690;6650;greedy
80;3149492;100;10;1000;1000;0.9;0;9;instances/4-FullIns_4.col;690;6650;greedy
80;3228863;100;10;1000;1000;0.9;0;9;instances/4-FullIns_4.col;690;6650;greedy
80;3192645;100;10;1000;1000;0.9;0;9;instances/4-FullIns_4.col;690;6650;greedy
80;3250405;100;10;1000;1000;0.9;0;9;instances/4-FullIns_4.col;690;6650;greedy
80;3874753;100;10;1000;1000;0.9;0;9;instances/4-FullIns_4.col;690;6650;greedy
80;3237348;100;10;1000;1000;0.9;0;9;instances/4-FullIns_4.col;690;6650;greedy
80;3172177;100;10;1000;1000;0.9;0;9;instances/4-FullIns_4.col;690;6650;greedy
80;3145466;100;10;1000;1000;0.9;0;9;instances/4-FullIns_4.col;690;6650;greedy
80;3254449;100;10;1000;1000;0.9;0;9;instances/4-FullIns_4.col;690;6650;greedy
80;3173110;100;10;1000;1000;0.9;0;9;instances/4-FullIns_4.col;690;6650;greedy
78;3188424;100;10;1000;1000;0.9;2;9;instances/4-FullIns_4.col;690;6650;greedy
80;3272449;100;10;1000;1000;0.9;0;9;instances/4-FullIns_4.col;690;6650;greedy
80;1492304;1000;10;1000;1000;0.6;0;9;instances/4-FullIns_4.col;690;6650;greedy
80;1450479;1000;10;1000;1000;0.6;0;9;instances/4-FullIns_4.col;690;6650;greedy
80;1482409;1000;10;1000;1000;0.6;0;9;instances/4-FullIns_4.col;690;6650;greedy
80;1524253;1000;10;1000;1000;0.6;0;9;instances/4-FullIns_4.col;690;6650;greedy
80;1500428;1000;10;1000;1000;0.6;0;9;instances/4-FullIns_4.col;690;6650;greedy
80;1492143;1000;10;1000;1000;0.6;0;9;instances/4-FullIns_4.col;690;6650;greedy
80;2234278;1000;10;1000;1000;0.6;0;9;instances/4-FullIns_4.col;690;6650;greedy
80;1488717;1000;10;1000;1000;0.6;0;9;instances/4-FullIns_4.col;690;6650;greedy
80;1542568;1000;10;1000;1000;0.6;0;9;instances/4-FullIns_4.col;690;6650;greedy
80;1483381;1000;10;1000;1000;0.6;0;9;instances/4-FullIns_4.col;690;6650;greedy
80;1479542;1000;10;1000;1000;0.6;0;9;instances/4-FullIns_4.col;690;6650;greedy
80;1501845;1000;10;1000;1000;0.6;0;9;instances/4-FullIns_4.col;690;6650;greedy
80;1453107;1000;10;1000;1000;0.6;0;9;instances/4-FullIns_4.col;690;6650;greedy
80;1520708;1000;10;1000;1000;0.6;0;9;instances/4-FullIns_4.col;690;6650;greedy
80;1500153;1000;10;1000;1000;0.6;0;9;instances/4-FullIns_4.col;690;6650;greedy
80;1462958;1000;10;1000;1000;0.6;0;9;instances/4-FullIns_4.col;690;6650;greedy
80;1494400;1000;10;1000;1000;0.6;0;9;instances/4-FullIns_4.col;690;6650;greedy
80;1497075;1000;10;1000;1000;0.6;0;9;instances/4-FullIns_4.col;690;6650;greedy
80;1476821;1000;10;1000;1000;0.6;0;9;instances/4-FullIns_4.col;690;6650;greedy
80;1492044;1000;10;1000;1000;0.6;0;9;instances/4-FullIns_4.col;690;6650;greedy
80;2166074;1000;10;1000;1000;0.7;0;8;instances/4-FullIns_4.col;690;6650;greedy
80;2215497;1000;10;1000;1000;0.7;0;8;instances/4-FullIns_4.col;690;6650;greedy
80;2188881;1000;10;1000;1000;0.7;0;8;instances/4-FullIns_4.col;690;6650;greedy
80;2192028;1000;10;1000;1000;0.7;0;8;instances/4-FullIns_4.col;690;6650;greedy
80;2154409;1000;10;1000;1000;0.7;0;8;instances/4-FullIns_4.col;690;6650;greedy
80;2836132;1000;10;1000;1000;0.7;0;8;instances/4-FullIns_4.col;690;6650;greedy
80;2165355;1000;10;1000;1000;0.7;0;8;instances/4-FullIns_4.col;690;6650;greedy
80;2159450;1000;10;1000;1000;0.7;0;8;instances/4-FullIns_4.col;690;6650;greedy
80;2108231;1000;10;1000;1000;0.7;0;8;instances/4-FullIns_4.col;690;6650;greedy
80;2219661;1000;10;1000;1000;0.7;0;8;instances/4-FullIns_4.col;690;6650;greedy
80;2207455;1000;10;1000;1000;0.7;0;8;instances/4-FullIns_4.col;690;6650;greedy
80;2126031;1000;10;1000;1000;0.7;0;8;instances/4-FullIns_4.col;690;6650;greedy
80;2116821;1000;10;1000;1000;0.7;0;8;instances/4-FullIns_4.col;690;6650;greedy
80;2189351;1000;10;1000;1000;0.7;0;8;instances/4-FullIns_4.col;690;6650;greedy
80;2164227;1000;10;1000;1000;0.7;0;8;instances/4-FullIns_4.col;690;6650;greedy
80;2117067;1000;10;1000;1000;0.7;0;8;instances/4-FullIns_4.col;690;6650;greedy
80;2196193;1000;10;1000;1000;0.7;0;8;instances/4-FullIns_4.col;690;6650;greedy
80;2204877;1000;10;1000;1000;0.7;0;8;instances/4-FullIns_4.col;690;6650;greedy
80;2186905;1000;10;1000;1000;0.7;0;8;instances/4-FullIns_4.col;690;6650;greedy
80;2167052;1000;10;1000;1000;0.7;0;8;instances/4-FullIns_4.col;690;6650;greedy
80;4144595;1000;10;1000;1000;0.8;0;9;instances/4-FullIns_4.col;690;6650;greedy
80;3236427;1000;10;1000;1000;0.8;0;9;instances/4-FullIns_4.col;690;6650;greedy
80;3343896;1000;10;1000;1000;0.8;0;9;instances/4-FullIns_4.col;690;6650;greedy
80;3391742;1000;10;1000;1000;0.8;0;9;instances/4-FullIns_4.col;690;6650;greedy
80;3238451;1000;10;1000;1000;0.8;0;9;instances/4-FullIns_4.col;690;6650;greedy
80;3432670;1000;10;1000;1000;0.8;0;9;instances/4-FullIns_4.col;690;6650;greedy
80;3295754;1000;10;1000;1000;0.8;0;9;instances/4-FullIns_4.col;690;6650;greedy
80;3401426;1000;10;1000;1000;0.8;0;9;instances/4-FullIns_4.col;690;6650;greedy
80;3345199;1000;10;1000;1000;0.8;0;9;instances/4-FullIns_4.col;690;6650;greedy
80;4209450;1000;10;1000;1000;0.8;0;9;instances/4-FullIns_4.col;690;6650;greedy
80;3364701;1000;10;1000;1000;0.8;0;9;instances/4-FullIns_4.col;690;6650;greedy
80;3194569;1000;10;1000;1000;0.8;0;9;instances/4-FullIns_4.col;690;6650;greedy
80;3426933;1000;10;1000;1000;0.8;0;9;instances/4-FullIns_4.col;690;6650;greedy
80;3272048;1000;10;1000;1000;0.8;0;9;instances/4-FullIns_4.col;690;6650;greedy
80;3495091;1000;10;1000;1000;0.8;0;9;instances/4-FullIns_4.col;690;6650;greedy
80;3314092;1000;10;1000;1000;0.8;0;9;instances/4-FullIns_4.col;690;6650;greedy
80;3306420;1000;10;1000;1000;0.8;0;9;instances/4-FullIns_4.col;690;6650;greedy
80;3435623;1000;10;1000;1000;0.8;0;9;instances/4-FullIns_4.col;690;6650;greedy
80;3443923;1000;10;1000;1000;0.8;0;9;instances/4-FullIns_4.col;690;6650;greedy
80;3400994;1000;10;1000;1000;0.8;0;9;instances/4-FullIns_4.col;690;6650;greedy
80;6801767;1000;10;1000;1000;0.9;0;10;instances/4-FullIns_4.col;690;6650;greedy
80;7715840;1000;10;1000;1000;0.9;0;10;instances/4-FullIns_4.col;690;6650;greedy
80;6557276;1000;10;1000;1000;0.9;0;10;instances/4-FullIns_4.col;690;6650;greedy
80;6644741;1000;10;1000;1000;0.9;0;10;instances/4-FullIns_4.col;690;6650;greedy
80;6772063;1000;10;1000;1000;0.9;0;10;instances/4-FullIns_4.col;690;6650;greedy
80;6630473;1000;10;1000;1000;0.9;0;10;instances/4-FullIns_4.col;690;6650;greedy
80;6728669;1000;10;1000;1000;0.9;0;10;instances/4-FullIns_4.col;690;6650;greedy
80;6836935;1000;10;1000;1000;0.9;0;10;instances/4-FullIns_4.col;690;6650;greedy
80;7713154;1000;10;1000;1000;0.9;0;10;instances/4-FullIns_4.col;690;6650;greedy
80;6612896;1000;10;1000;1000;0.9;0;10;instances/4-FullIns_4.col;690;6650;greedy
80;6731879;1000;10;1000;1000;0.9;0;10;instances/4-FullIns_4.col;690;6650;greedy
80;6651996;1000;10;1000;1000;0.9;0;10;instances/4-FullIns_4.col;690;6650;greedy
80;6649609;1000;10;1000;1000;0.9;0;10;instances/4-FullIns_4.col;690;6650;greedy
80;7503922;1000;10;1000;1000;0.9;0;10;instances/4-FullIns_4.col;690;6650;greedy
80;6588075;1000;10;1000;1000;0.9;0;10;instances/4-FullIns_4.col;690;6650;greedy
80;6596597;1000;10;1000;1000;0.9;0;10;instances/4-FullIns_4.col;690;6650;greedy
80;6629578;1000;10;1000;1000;0.9;0;10;instances/4-FullIns_4.col;690;6650;greedy
80;6960109;1000;10;1000;1000;0.9;0;10;instances/4-FullIns_4.col;690;6650;greedy
80;7570764;1000;10;1000;1000;0.9;0;10;instances/4-FullIns_4.col;690;6650;greedy
80;6824762;1000;10;1000;1000;0.9;0;10;instances/4-FullIns_4.col;690;6650;greedy
80;1945009;5000;10;1000;1000;0.6;0;10;instances/4-FullIns_4.col;690;6650;greedy
80;1987539;5000;10;1000;1000;0.6;0;10;instances/4-FullIns_4.col;690;6650;greedy
80;1985863;5000;10;1000;1000;0.6;0;10;instances/4-FullIns_4.col;690;6650;greedy
80;1980557;5000;10;1000;1000;0.6;0;10;instances/4-FullIns_4.col;690;6650;greedy
80;1963210;5000;10;1000;1000;0.6;0;10;instances/4-FullIns_4.col;690;6650;greedy
80;1992951;5000;10;1000;1000;0.6;0;10;instances/4-FullIns_4.col;690;6650;greedy
80;1970806;5000;10;1000;1000;0.6;0;10;instances/4-FullIns_4.col;690;6650;greedy
80;2023401;5000;10;1000;1000;0.6;0;10;instances/4-FullIns_4.col;690;6650;greedy
80;1963594;5000;10;1000;1000;0.6;0;10;instances/4-FullIns_4.col;690;6650;greedy
80;2009480;5000;10;1000;1000;0.6;0;10;instances/4-FullIns_4.col;690;6650;greedy
80;2039518;5000;10;1000;1000;0.6;0;10;instances/4-FullIns_4.col;690;6650;greedy
80;2661358;5000;10;1000;1000;0.6;0;10;instances/4-FullIns_4.col;690;6650;greedy
80;1997776;5000;10;1000;1000;0.6;0;10;instances/4-FullIns_4.col;690;6650;greedy
80;2043810;5000;10;1000;1000;0.6;0;10;instances/4-FullIns_4.col;690;6650;greedy
80;2012089;5000;10;1000;1000;0.6;0;10;instances/4-FullIns_4.col;690;6650;greedy
80;2032481;5000;10;1000;1000;0.6;0;10;instances/4-FullIns_4.col;690;6650;greedy
80;1982892;5000;10;1000;1000;0.6;0;10;instances/4-FullIns_4.col;690;6650;greedy
80;2112050;5000;10;1000;1000;0.6;0;10;instances/4-FullIns_4.col;690;6650;greedy
80;2170686;5000;10;1000;1000;0.6;0;10;instances/4-FullIns_4.col;690;6650;greedy
80;2041845;5000;10;1000;1000;0.6;0;10;instances/4-FullIns_4.col;690;6650;greedy
80;2884564;5000;10;1000;1000;0.7;0;10;instances/4-FullIns_4.col;690;6650;greedy
80;2825304;5000;10;1000;1000;0.7;0;10;instances/4-FullIns_4.col;690;6650;greedy
80;2857118;5000;10;1000;1000;0.7;0;10;instances/4-FullIns_4.col;690;6650;greedy
80;2800423;5000;10;1000;1000;0.7;0;10;instances/4-FullIns_4.col;690;6650;greedy
79;2819647;5000;10;1000;1000;0.7;1;10;instances/4-FullIns_4.col;690;6650;greedy
80;3574424;5000;10;1000;1000;0.7;0;10;instances/4-FullIns_4.col;690;6650;greedy
80;2812787;5000;10;1000;1000;0.7;0;10;instances/4-FullIns_4.col;690;6650;greedy
80;2857656;5000;10;1000;1000;0.7;0;10;instances/4-FullIns_4.col;690;6650;greedy
80;2818181;5000;10;1000;1000;0.7;0;10;instances/4-FullIns_4.col;690;6650;greedy
80;2819428;5000;10;1000;1000;0.7;0;10;instances/4-FullIns_4.col;690;6650;greedy
80;2800623;5000;10;1000;1000;0.7;0;10;instances/4-FullIns_4.col;690;6650;greedy
80;2880951;5000;10;1000;1000;0.7;0;10;instances/4-FullIns_4.col;690;6650;greedy
80;2896494;5000;10;1000;1000;0.7;0;10;instances/4-FullIns_4.col;690;6650;greedy
80;2899288;5000;10;1000;1000;0.7;0;10;instances/4-FullIns_4.col;690;6650;greedy
80;2820709;5000;10;1000;1000;0.7;0;10;instances/4-FullIns_4.col;690;6650;greedy
80;2834044;5000;10;1000;1000;0.7;0;10;instances/4-FullIns_4.col;690;6650;greedy
80;3627162;5000;10;1000;1000;0.7;0;10;instances/4-FullIns_4.col;690;6650;greedy
80;2861262;5000;10;1000;1000;0.7;0;10;instances/4-FullIns_4.col;690;6650;greedy
80;2901298;5000;10;1000;1000;0.7;0;10;instances/4-FullIns_4.col;690;6650;greedy
80;2917896;5000;10;1000;1000;0.7;0;10;instances/4-FullIns_4.col;690;6650;greedy
80;4540433;5000;10;1000;1000;0.8;0;10;instances/4-FullIns_4.col;690;6650;greedy
80;4487403;5000;10;1000;1000;0.8;0;10;instances/4-FullIns_4.col;690;6650;greedy
76;4513073;5000;10;1000;1000;0.8;0;10;instances/4-FullIns_4.col;690;6650;greedy
80;4543159;5000;10;1000;1000;0.8;0;10;instances/4-FullIns_4.col;690;6650;greedy
80;5368894;5000;10;1000;1000;0.8;0;10;instances/4-FullIns_4.col;690;6650;greedy
80;4605055;5000;10;1000;1000;0.8;0;10;instances/4-FullIns_4.col;690;6650;greedy
80;4549050;5000;10;1000;1000;0.8;0;10;instances/4-FullIns_4.col;690;6650;greedy
80;4579337;5000;10;1000;1000;0.8;0;10;instances/4-FullIns_4.col;690;6650;greedy
80;4453727;5000;10;1000;1000;0.8;0;10;instances/4-FullIns_4.col;690;6650;greedy
80;4718592;5000;10;1000;1000;0.8;0;10;instances/4-FullIns_4.col;690;6650;greedy
80;4551940;5000;10;1000;1000;0.8;0;10;instances/4-FullIns_4.col;690;6650;greedy
80;5329375;5000;10;1000;1000;0.8;0;10;instances/4-FullIns_4.col;690;6650;greedy
80;4498205;5000;10;1000;1000;0.8;0;10;instances/4-FullIns_4.col;690;6650;greedy
80;4534033;5000;10;1000;1000;0.8;0;10;instances/4-FullIns_4.col;690;6650;greedy
80;4453135;5000;10;1000;1000;0.8;0;10;instances/4-FullIns_4.col;690;6650;greedy
80;4478001;5000;10;1000;1000;0.8;0;10;instances/4-FullIns_4.col;690;6650;greedy
80;4499052;5000;10;1000;1000;0.8;0;10;instances/4-FullIns_4.col;690;6650;greedy
80;4514784;5000;10;1000;1000;0.8;0;10;instances/4-FullIns_4.col;690;6650;greedy
80;4543874;5000;10;1000;1000;0.8;0;10;instances/4-FullIns_4.col;690;6650;greedy
80;5235751;5000;10;1000;1000;0.8;0;10;instances/4-FullIns_4.col;690;6650;greedy
80;9316465;5000;10;1000;1000;0.9;0;9;instances/4-FullIns_4.col;690;6650;greedy
80;9557580;5000;10;1000;1000;0.9;0;9;instances/4-FullIns_4.col;690;6650;greedy
80;10107600;5000;10;1000;1000;0.9;0;9;instances/4-FullIns_4.col;690;6650;greedy
80;9368537;5000;10;1000;1000;0.9;0;9;instances/4-FullIns_4.col;690;6650;greedy
80;9324769;5000;10;1000;1000;0.9;0;9;instances/4-FullIns_4.col;690;6650;greedy
80;9519509;5000;10;1000;1000;0.9;0;9;instances/4-FullIns_4.col;690;6650;greedy
80;10143414;5000;10;1000;1000;0.9;0;9;instances/4-FullIns_4.col;690;6650;greedy
80;9326936;5000;10;1000;1000;0.9;0;9;instances/4-FullIns_4.col;690;6650;greedy
80;9342740;5000;10;1000;1000;0.9;0;9;instances/4-FullIns_4.col;690;6650;greedy
80;10076667;5000;10;1000;1000;0.9;0;9;instances/4-FullIns_4.col;690;6650;greedy
80;9380519;5000;10;1000;1000;0.9;0;9;instances/4-FullIns_4.col;690;6650;greedy
80;9290231;5000;10;1000;1000;0.9;0;9;instances/4-FullIns_4.col;690;6650;greedy
80;9313648;5000;10;1000;1000;0.9;0;9;instances/4-FullIns_4.col;690;6650;greedy
80;10151194;5000;10;1000;1000;0.9;0;9;instances/4-FullIns_4.col;690;6650;greedy
80;9380792;5000;10;1000;1000;0.9;0;9;instances/4-FullIns_4.col;690;6650;greedy
80;9433701;5000;10;1000;1000;0.9;0;9;instances/4-FullIns_4.col;690;6650;greedy
80;10433260;5000;10;1000;1000;0.9;0;9;instances/4-FullIns_4.col;690;6650;greedy
80;9463178;5000;10;1000;1000;0.9;0;9;instances/4-FullIns_4.col;690;6650;greedy
80;9435635;5000;10;1000;1000;0.9;0;9;instances/4-FullIns_4.col;690;6650;greedy
78;9398729;5000;10;1000;1000;0.9;0;9;instances/4-FullIns_4.col;690;6650;greedy
80;3079072;10000;10;1000;1000;0.6;0;7;instances/4-FullIns_4.col;690;6650;greedy
80;2319438;10000;10;1000;1000;0.6;0;7;instances/4-FullIns_4.col;690;6650;greedy
80;2261045;10000;10;1000;1000;0.6;0;7;instances/4-FullIns_4.col;690;6650;greedy
80;2226340;10000;10;1000;1000;0.6;0;7;instances/4-FullIns_4.col;690;6650;greedy
79;2358234;10000;10;1000;1000;0.6;1;7;instances/4-FullIns_4.col;690;6650;greedy
80;2317417;10000;10;1000;1000;0.6;0;7;instances/4-FullIns_4.col;690;6650;greedy
80;2318045;10000;10;1000;1000;0.6;0;7;instances/4-FullIns_4.col;690;6650;greedy
80;2308825;10000;10;1000;1000;0.6;0;7;instances/4-FullIns_4.col;690;6650;greedy
80;2338522;10000;10;1000;1000;0.6;0;7;instances/4-FullIns_4.col;690;6650;greedy
80;2310273;10000;10;1000;1000;0.6;0;7;instances/4-FullIns_4.col;690;6650;greedy
80;2291805;10000;10;1000;1000;0.6;0;7;instances/4-FullIns_4.col;690;6650;greedy
80;2349774;10000;10;1000;1000;0.6;0;7;instances/4-FullIns_4.col;690;6650;greedy
80;2326202;10000;10;1000;1000;0.6;0;7;instances/4-FullIns_4.col;690;6650;greedy
80;2398829;10000;10;1000;1000;0.6;0;7;instances/4-FullIns_4.col;690;6650;greedy
80;3230810;10000;10;1000;1000;0.6;0;7;instances/4-FullIns_4.col;690;6650;greedy
80;2347305;10000;10;1000;1000;0.6;0;7;instances/4-FullIns_4.col;690;6650;greedy
80;2368065;10000;10;1000;1000;0.6;0;7;instances/4-FullIns_4.col;690;6650;greedy
80;2403348;10000;10;1000;1000;0.6;0;7;instances/4-FullIns_4.col;690;6650;greedy
80;2287356;10000;10;1000;1000;0.6;0;7;instances/4-FullIns_4.col;690;6650;greedy
80;2290452;10000;10;1000;1000;0.6;0;7;instances/4-FullIns_4.col;690;6650;greedy
80;3100372;10000;10;1000;1000;0.7;0;10;instances/4-FullIns_4.col;690;6650;greedy
80;3224326;10000;10;1000;1000;0.7;0;10;instances/4-FullIns_4.col;690;6650;greedy
80;3122065;10000;10;1000;1000;0.7;0;10;instances/4-FullIns_4.col;690;6650;greedy
80;3170054;10000;10;1000;1000;0.7;0;10;instances/4-FullIns_4.col;690;6650;greedy
80;3190729;10000;10;1000;1000;0.7;0;10;instances/4-FullIns_4.col;690;6650;greedy
80;3120654;10000;10;1000;1000;0.7;0;10;instances/4-FullIns_4.col;690;6650;greedy
80;3972180;10000;10;1000;1000;0.7;0;10;instances/4-FullIns_4.col;690;6650;greedy
80;3160506;10000;10;1000;1000;0.7;0;10;instances/4-FullIns_4.col;690;6650;greedy
80;3170490;10000;10;1000;1000;0.7;0;10;instances/4-FullIns_4.col;690;6650;greedy
80;3028069;10000;10;1000;1000;0.7;0;10;instances/4-FullIns_4.col;690;6650;greedy
80;3122907;10000;10;1000;1000;0.7;0;10;instances/4-FullIns_4.col;690;6650;greedy
80;3162251;10000;10;1000;1000;0.7;0;10;instances/4-FullIns_4.col;690;6650;greedy
80;3164023;10000;10;1000;1000;0.7;0;10;instances/4-FullIns_4.col;690;6650;greedy
80;3256969;10000;10;1000;1000;0.7;0;10;instances/4-FullIns_4.col;690;6650;greedy
80;3228772;10000;10;1000;1000;0.7;0;10;instances/4-FullIns_4.col;690;6650;greedy
80;3181348;10000;10;1000;1000;0.7;0;10;instances/4-FullIns_4.col;690;6650;greedy
80;4101447;10000;10;1000;1000;0.7;0;10;instances/4-FullIns_4.col;690;6650;greedy
80;3175042;10000;10;1000;1000;0.7;0;10;instances/4-FullIns_4.col;690;6650;greedy
80;3150295;10000;10;1000;1000;0.7;0;10;instances/4-FullIns_4.col;690;6650;greedy
80;3039980;10000;10;1000;1000;0.7;0;10;instances/4-FullIns_4.col;690;6650;greedy
80;5034531;10000;10;1000;1000;0.8;0;10;instances/4-FullIns_4.col;690;6650;greedy
80;4926556;10000;10;1000;1000;0.8;0;10;instances/4-FullIns_4.col;690;6650;greedy
80;4950859;10000;10;1000;1000;0.8;0;10;instances/4-FullIns_4.col;690;6650;greedy
80;5026573;10000;10;1000;1000;0.8;0;10;instances/4-FullIns_4.col;690;6650;greedy
80;6108846;10000;10;1000;1000;0.8;0;10;instances/4-FullIns_4.col;690;6650;greedy
80;5103936;10000;10;1000;1000;0.8;0;10;instances/4-FullIns_4.col;690;6650;greedy
80;5060644;10000;10;1000;1000;0.8;0;10;instances/4-FullIns_4.col;690;6650;greedy
80;4760991;10000;10;1000;1000;0.8;0;10;instances/4-FullIns_4.col;690;6650;greedy
80;4907781;10000;10;1000;1000;0.8;0;10;instances/4-FullIns_4.col;690;6650;greedy
80;4979076;10000;10;1000;1000;0.8;0;10;instances/4-FullIns_4.col;690;6650;greedy
80;5933474;10000;10;1000;1000;0.8;0;10;instances/4-FullIns_4.col;690;6650;greedy
80;5027304;10000;10;1000;1000;0.8;0;10;instances/4-FullIns_4.col;690;6650;greedy
80;4695234;10000;10;1000;1000;0.8;0;10;instances/4-FullIns_4.col;690;6650;greedy
80;4904679;10000;10;1000;1000;0.8;0;10;instances/4-FullIns_4.col;690;6650;greedy
80;5025271;10000;10;1000;1000;0.8;0;10;instances/4-FullIns_4.col;690;6650;greedy
80;5048117;10000;10;1000;1000;0.8;0;10;instances/4-FullIns_4.col;690;6650;greedy
80;5004049;10000;10;1000;1000;0.8;0;10;instances/4-FullIns_4.col;690;6650;greedy
80;6085833;10000;10;1000;1000;0.8;0;10;instances/4-FullIns_4.col;690;6650;greedy
80;4955920;10000;10;1000;1000;0.8;0;10;instances/4-FullIns_4.col;690;6650;greedy
80;4780831;10000;10;1000;1000;0.8;0;10;instances/4-FullIns_4.col;690;6650;greedy
80;10365012;10000;10;1000;1000;0.9;0;10;instances/4-FullIns_4.col;690;6650;greedy
80;11471307;10000;10;1000;1000;0.9;0;10;instances/4-FullIns_4.col;690;6650;greedy
80;10076803;10000;10;1000;1000;0.9;0;10;instances/4-FullIns_4.col;690;6650;greedy
80;10228726;10000;10;1000;1000;0.9;0;10;instances/4-FullIns_4.col;690;6650;greedy
80;11315989;10000;10;1000;1000;0.9;0;10;instances/4-FullIns_4.col;690;6650;greedy
80;10073840;10000;10;1000;1000;0.9;0;10;instances/4-FullIns_4.col;690;6650;greedy
80;10378534;10000;10;1000;1000;0.9;0;10;instances/4-FullIns_4.col;690;6650;greedy
80;11367401;10000;10;1000;1000;0.9;0;10;instances/4-FullIns_4.col;690;6650;greedy
80;10238573;10000;10;1000;1000;0.9;0;10;instances/4-FullIns_4.col;690;6650;greedy
80;10175294;10000;10;1000;1000;0.9;0;10;instances/4-FullIns_4.col;690;6650;greedy
80;10476221;10000;10;1000;1000;0.9;0;10;instances/4-FullIns_4.col;690;6650;greedy
80;11263081;10000;10;1000;1000;0.9;0;10;instances/4-FullIns_4.col;690;6650;greedy
80;10044484;10000;10;1000;1000;0.9;0;10;instances/4-FullIns_4.col;690;6650;greedy
80;10262691;10000;10;1000;1000;0.9;0;10;instances/4-FullIns_4.col;690;6650;greedy
80;11592130;10000;10;1000;1000;0.9;0;10;instances/4-FullIns_4.col;690;6650;greedy
80;10099323;10000;10;1000;1000;0.9;0;10;instances/4-FullIns_4.col;690;6650;greedy
80;10342819;10000;10;1000;1000;0.9;0;10;instances/4-FullIns_4.col;690;6650;greedy
80;11487751;10000;10;1000;1000;0.9;0;10;instances/4-FullIns_4.col;690;6650;greedy
80;10115265;10000;10;1000;1000;0.9;0;10;instances/4-FullIns_4.col;690;6650;greedy
80;10330462;10000;10;1000;1000;0.9;0;10;instances/4-FullIns_4.col;690;6650;greedy
