741;675443;100;10;1000;1000;0.6;7706;7;instances/ash331GPIA.col;662;4185;random
752;734598;100;10;1000;1000;0.6;8949;7;instances/ash331GPIA.col;662;4185;random
746;691602;100;10;1000;1000;0.6;7171;7;instances/ash331GPIA.col;662;4185;random
732;661358;100;10;1000;1000;0.6;6167;7;instances/ash331GPIA.col;662;4185;random
721;650665;100;10;1000;1000;0.6;8086;7;instances/ash331GPIA.col;662;4185;random
728;661212;100;10;1000;1000;0.6;8485;7;instances/ash331GPIA.col;662;4185;random
760;678169;100;10;1000;1000;0.6;7994;7;instances/ash331GPIA.col;662;4185;random
719;701168;100;10;1000;1000;0.6;6096;7;instances/ash331GPIA.col;662;4185;random
755;713423;100;10;1000;1000;0.6;7753;7;instances/ash331GPIA.col;662;4185;random
739;691996;100;10;1000;1000;0.6;6868;7;instances/ash331GPIA.col;662;4185;random
736;673056;100;10;1000;1000;0.6;7923;7;instances/ash331GPIA.col;662;4185;random
714;706497;100;10;1000;1000;0.6;8294;7;instances/ash331GPIA.col;662;4185;random
747;674839;100;10;1000;1000;0.6;8075;7;instances/ash331GPIA.col;662;4185;random
743;680208;100;10;1000;1000;0.6;3407;7;instances/ash331GPIA.col;662;4185;random
736;715768;100;10;1000;1000;0.6;8149;7;instances/ash331GPIA.col;662;4185;random
735;682537;100;10;1000;1000;0.6;7685;7;instances/ash331GPIA.col;662;4185;random
737;695066;100;10;1000;1000;0.6;7292;7;instances/ash331GPIA.col;662;4185;random
747;687004;100;10;1000;1000;0.6;8448;7;instances/ash331GPIA.col;662;4185;random
744;691276;100;10;1000;1000;0.6;1023;7;instances/ash331GPIA.col;662;4185;random
752;679491;100;10;1000;1000;0.6;7418;7;instances/ash331GPIA.col;662;4185;random
726;996519;100;10;1000;1000;0.7;11568;7;instances/ash331GPIA.col;662;4185;random
717;1000993;100;10;1000;1000;0.7;10207;7;instances/ash331GPIA.col;662;4185;random
714;978575;100;10;1000;1000;0.7;11314;7;instances/ash331GPIA.col;662;4185;random
737;977533;100;10;1000;1000;0.7;11243;7;instances/ash331GPIA.col;662;4185;random
714;1000241;100;10;1000;1000;0.7;9958;7;instances/ash331GPIA.col;662;4185;random
723;966665;100;10;1000;1000;0.7;11535;7;instances/ash331GPIA.col;662;4185;random
730;1626419;100;10;1000;1000;0.7;10645;7;instances/ash331GPIA.col;662;4185;random
741;940520;100;10;1000;1000;0.7;9733;7;instances/ash331GPIA.col;662;4185;random
728;976677;100;10;1000;1000;0.7;11202;7;instances/ash331GPIA.col;662;4185;random
743;998145;100;10;1000;1000;0.7;11712;7;instances/ash331GPIA.col;662;4185;random
726;971967;100;10;1000;1000;0.7;11319;7;instances/ash331GPIA.col;662;4185;random
715;960847;100;10;1000;1000;0.7;9339;7;instances/ash331GPIA.col;662;4185;random
724;977595;100;10;1000;1000;0.7;8777;7;instances/ash331GPIA.col;662;4185;random
733;1012398;100;10;1000;1000;0.7;12143;7;instances/ash331GPIA.col;662;4185;random
728;1024780;100;10;1000;1000;0.7;10464;7;instances/ash331GPIA.col;662;4185;random
743;981030;100;10;1000;1000;0.7;11226;7;instances/ash331GPIA.col;662;4185;random
734;1003123;100;10;1000;1000;0.7;9688;7;instances/ash331GPIA.col;662;4185;random
707;1012399;100;10;1000;1000;0.7;10959;7;instances/ash331GPIA.col;662;4185;random
726;944573;100;10;1000;1000;0.7;11599;7;instances/ash331GPIA.col;662;4185;random
726;991061;100;10;1000;1000;0.7;12002;7;instances/ash331GPIA.col;662;4185;random
743;1352784;100;10;1000;1000;0.8;10329;9;instances/ash331GPIA.col;662;4185;random
731;1391909;100;10;1000;1000;0.8;16839;9;instances/ash331GPIA.col;662;4185;random
749;1485459;100;10;1000;1000;0.8;14491;9;instances/ash331GPIA.col;662;4185;random
704;1343215;100;10;1000;1000;0.8;16390;9;instances/ash331GPIA.col;662;4185;random
741;1459248;100;10;1000;1000;0.8;13476;9;instances/ash331GPIA.col;662;4185;random
733;1341724;100;10;1000;1000;0.8;15718;9;instances/ash331GPIA.col;662;4185;random
690;1486797;100;10;1000;1000;0.8;16061;9;instances/ash331GPIA.col;662;4185;random
735;1356080;100;10;1000;1000;0.8;17041;9;instances/ash331GPIA.col;662;4185;random
723;1369641;100;10;1000;1000;0.8;17176;9;instances/ash331GPIA.col;662;4185;random
725;1528200;100;10;1000;1000;0.8;17103;9;instances/ash331GPIA.col;662;4185;random
748;1408316;100;10;1000;1000;0.8;6214;9;instances/ash331GPIA.col;662;4185;random
727;1490340;100;10;1000;1000;0.8;16413;9;instances/ash331GPIA.col;662;4185;random
738;1389731;100;10;1000;1000;0.8;16288;9;instances/ash331GPIA.col;662;4185;random
714;2000918;100;10;1000;1000;0.8;17063;9;instances/ash331GPIA.col;662;4185;random
717;1359172;100;10;1000;1000;0.8;12299;9;instances/ash331GPIA.col;662;4185;random
731;1443072;100;10;1000;1000;0.8;15372;9;instances/ash331GPIA.col;662;4185;random
738;1432867;100;10;1000;1000;0.8;16597;9;instances/ash331GPIA.col;662;4185;random
733;1363475;100;10;1000;1000;0.8;14106;9;instances/ash331GPIA.col;662;4185;random
733;1379766;100;10;1000;1000;0.8;9306;9;instances/ash331GPIA.col;662;4185;random
715;1353437;100;10;1000;1000;0.8;15027;9;instances/ash331GPIA.col;662;4185;random
728;2590002;100;10;1000;1000;0.9;33067;9;instances/ash331GPIA.col;662;4185;random
694;2646225;100;10;1000;1000;0.9;29853;9;instances/ash331GPIA.col;662;4185;random
715;2545859;100;10;1000;1000;0.9;27039;9;instances/ash331GPIA.col;662;4185;random
702;2578145;100;10;1000;1000;0.9;28013;9;instances/ash331GPIA.col;662;4185;random
729;2573159;100;10;1000;1000;0.9;29693;9;instances/ash331GPIA.col;662;4185;random
727;2615934;100;10;1000;1000;0.9;22981;9;instances/ash331GPIA.col;662;4185;random
736;2563791;100;10;1000;1000;0.9;16297;9;instances/ash331GPIA.col;662;4185;random
717;2608588;100;10;1000;1000;0.9;25582;9;instances/ash331GPIA.col;662;4185;random
717;3187215;100;10;1000;1000;0.9;26205;9;instances/ash331GPIA.col;662;4185;random
700;2567725;100;10;1000;1000;0.9;31673;9;instances/ash331GPIA.col;662;4185;random
730;2617338;100;10;1000;1000;0.9;27348;9;instances/ash331GPIA.col;662;4185;random
716;2566560;100;10;1000;1000;0.9;32592;9;instances/ash331GPIA.col;662;4185;random
694;2540305;100;10;1000;1000;0.9;31704;9;instances/ash331GPIA.col;662;4185;random
695;2592094;100;10;1000;1000;0.9;31722;9;instances/ash331GPIA.col;662;4185;random
725;2558694;100;10;1000;1000;0.9;28214;9;instances/ash331GPIA.col;662;4185;random
715;2578833;100;10;1000;1000;0.9;17149;9;instances/ash331GPIA.col;662;4185;random
731;2606547;100;10;1000;1000;0.9;20627;9;instances/ash331GPIA.col;662;4185;random
708;2590951;100;10;1000;1000;0.9;15399;9;instances/ash331GPIA.col;662;4185;random
738;2587289;100;10;1000;1000;0.9;31265;9;instances/ash331GPIA.col;662;4185;random
726;2540095;100;10;1000;1000;0.9;25532;9;instances/ash331GPIA.col;662;4185;random
732;1206858;1000;10;1000;1000;0.6;14521;9;instances/ash331GPIA.col;662;4185;random
750;1198672;1000;10;1000;1000;0.6;13999;9;instances/ash331GPIA.col;662;4185;random
745;1885901;1000;10;1000;1000;0.6;6825;9;instances/ash331GPIA.col;662;4185;random
765;1241685;1000;10;1000;1000;0.6;15518;9;instances/ash331GPIA.col;662;4185;random
746;1243768;1000;10;1000;1000;0.6;10970;9;instances/ash331GPIA.col;662;4185;random
746;1260423;1000;10;1000;1000;0.6;11948;9;instances/ash331GPIA.col;662;4185;random
756;1213494;1000;10;1000;1000;0.6;1449;9;instances/ash331GPIA.col;662;4185;random
747;1209670;1000;10;1000;1000;0.6;10360;9;instances/ash331GPIA.col;662;4185;random
724;1249081;1000;10;1000;1000;0.6;13721;9;instances/ash331GPIA.col;662;4185;random
733;1221057;1000;10;1000;1000;0.6;15607;9;instances/ash331GPIA.col;662;4185;random
751;1225468;1000;10;1000;1000;0.6;13239;9;instances/ash331GPIA.col;662;4185;random
766;1191145;1000;10;1000;1000;0.6;10237;9;instances/ash331GPIA.col;662;4185;random
728;1204768;1000;10;1000;1000;0.6;14733;9;instances/ash331GPIA.col;662;4185;random
729;1220637;1000;10;1000;1000;0.6;15061;9;instances/ash331GPIA.col;662;4185;random
736;1225284;1000;10;1000;1000;0.6;14756;9;instances/ash331GPIA.col;662;4185;random
755;1191555;1000;10;1000;1000;0.6;7295;9;instances/ash331GPIA.col;662;4185;random
726;1203002;1000;10;1000;1000;0.6;14751;9;instances/ash331GPIA.col;662;4185;random
760;1217709;1000;10;1000;1000;0.6;14045;9;instances/ash331GPIA.col;662;4185;random
726;1225914;1000;10;1000;1000;0.6;14022;9;instances/ash331GPIA.col;662;4185;random
755;1381381;1000;10;1000;1000;0.6;12769;9;instances/ash331GPIA.col;662;4185;random
695;1792207;1000;10;1000;1000;0.7;13469;8;instances/ash331GPIA.col;662;4185;random
767;1792254;1000;10;1000;1000;0.7;14324;8;instances/ash331GPIA.col;662;4185;random
726;1805471;1000;10;1000;1000;0.7;21896;8;instances/ash331GPIA.col;662;4185;random
725;1749447;1000;10;1000;1000;0.7;21116;8;instances/ash331GPIA.col;662;4185;random
744;1783989;1000;10;1000;1000;0.7;17917;8;instances/ash331GPIA.col;662;4185;random
733;1746206;1000;10;1000;1000;0.7;22362;8;instances/ash331GPIA.col;662;4185;random
709;2371443;1000;10;1000;1000;0.7;21180;8;instances/ash331GPIA.col;662;4185;random
731;1729856;1000;10;1000;1000;0.7;4499;8;instances/ash331GPIA.col;662;4185;random
740;1795622;1000;10;1000;1000;0.7;20954;8;instances/ash331GPIA.col;662;4185;random
745;1728450;1000;10;1000;1000;0.7;20340;8;instances/ash331GPIA.col;662;4185;random
746;1790383;1000;10;1000;1000;0.7;16456;8;instances/ash331GPIA.col;662;4185;random
742;1823446;1000;10;1000;1000;0.7;20839;8;instances/ash331GPIA.col;662;4185;random
749;1790340;1000;10;1000;1000;0.7;21791;8;instances/ash331GPIA.col;662;4185;random
715;1741943;1000;10;1000;1000;0.7;21382;8;instances/ash331GPIA.col;662;4185;random
723;1736175;1000;10;1000;1000;0.7;22070;8;instances/ash331GPIA.col;662;4185;random
732;1783697;1000;10;1000;1000;0.7;22442;8;instances/ash331GPIA.col;662;4185;random
711;1731623;1000;10;1000;1000;0.7;21473;8;instances/ash331GPIA.col;662;4185;random
735;1756721;1000;10;1000;1000;0.7;7607;8;instances/ash331GPIA.col;662;4185;random
702;1736584;1000;10;1000;1000;0.7;20833;8;instances/ash331GPIA.col;662;4185;random
713;1775511;1000;10;1000;1000;0.7;21333;8;instances/ash331GPIA.col;662;4185;random
721;2691190;1000;10;1000;1000;0.8;32880;9;instances/ash331GPIA.col;662;4185;random
731;2683073;1000;10;1000;1000;0.8;33309;9;instances/ash331GPIA.col;662;4185;random
729;3353517;1000;10;1000;1000;0.8;30853;9;instances/ash331GPIA.col;662;4185;random
713;2662060;1000;10;1000;1000;0.8;31603;9;instances/ash331GPIA.col;662;4185;random
746;2749829;1000;10;1000;1000;0.8;34391;9;instances/ash331GPIA.col;662;4185;random
716;2694952;1000;10;1000;1000;0.8;32878;9;instances/ash331GPIA.col;662;4185;random
714;2654778;1000;10;1000;1000;0.8;33177;9;instances/ash331GPIA.col;662;4185;random
714;2699867;1000;10;1000;1000;0.8;34411;9;instances/ash331GPIA.col;662;4185;random
736;2666139;1000;10;1000;1000;0.8;32309;9;instances/ash331GPIA.col;662;4185;random
692;2678702;1000;10;1000;1000;0.8;34179;9;instances/ash331GPIA.col;662;4185;random
711;2674987;1000;10;1000;1000;0.8;32882;9;instances/ash331GPIA.col;662;4185;random
720;2726248;1000;10;1000;1000;0.8;31986;9;instances/ash331GPIA.col;662;4185;random
739;2728126;1000;10;1000;1000;0.8;32618;9;instances/ash331GPIA.col;662;4185;random
711;2688333;1000;10;1000;1000;0.8;33671;9;instances/ash331GPIA.col;662;4185;random
728;3311510;1000;10;1000;1000;0.8;32566;9;instances/ash331GPIA.col;662;4185;random
721;2729082;1000;10;1000;1000;0.8;33327;9;instances/ash331GPIA.col;662;4185;random
731;2746346;1000;10;1000;1000;0.8;33604;9;instances/ash331GPIA.col;662;4185;random
733;2636684;1000;10;1000;1000;0.8;29847;9;instances/ash331GPIA.col;662;4185;random
726;2674231;1000;10;1000;1000;0.8;32771;9;instances/ash331GPIA.col;662;4185;random
740;2657704;1000;10;1000;1000;0.8;32300;9;instances/ash331GPIA.col;662;4185;random
739;5374734;1000;10;1000;1000;0.9;62453;10;instances/ash331GPIA.col;662;4185;random
716;5451214;1000;10;1000;1000;0.9;68550;10;instances/ash331GPIA.col;662;4185;random
733;5365254;1000;10;1000;1000;0.9;65783;10;instances/ash331GPIA.col;662;4185;random
735;6061229;1000;10;1000;1000;0.9;59418;10;instances/ash331GPIA.col;662;4185;random
735;5472572;1000;10;1000;1000;0.9;66678;10;instances/ash331GPIA.col;662;4185;random
716;5412818;1000;10;1000;1000;0.9;64759;10;instances/ash331GPIA.col;662;4185;random
717;5367083;1000;10;1000;1000;0.9;63564;10;instances/ash331GPIA.col;662;4185;random
710;5390584;1000;10;1000;1000;0.9;62812;10;instances/ash331GPIA.col;662;4185;random
718;5516503;1000;10;1000;1000;0.9;56401;10;instances/ash331GPIA.col;662;4185;random
701;6120858;1000;10;1000;1000;0.9;68485;10;instances/ash331GPIA.col;662;4185;random
733;5385636;1000;10;1000;1000;0.9;54473;10;instances/ash331GPIA.col;662;4185;random
732;5312406;1000;10;1000;1000;0.9;54207;10;instances/ash331GPIA.col;662;4185;random
727;5323005;1000;10;1000;1000;0.9;65347;10;instances/ash331GPIA.col;662;4185;random
720;5309153;1000;10;1000;1000;0.9;68342;10;instances/ash331GPIA.col;662;4185;random
735;5370194;1000;10;1000;1000;0.9;59378;10;instances/ash331GPIA.col;662;4185;random
712;5420939;1000;10;1000;1000;0.9;67356;10;instances/ash331GPIA.col;662;4185;random
729;5376841;1000;10;1000;1000;0.9;60534;10;instances/ash331GPIA.col;662;4185;random
688;5445692;1000;10;1000;1000;0.9;68011;10;instances/ash331GPIA.col;662;4185;random
727;6274231;1000;10;1000;1000;0.9;68720;10;instances/ash331GPIA.col;662;4185;random
745;5332241;1000;10;1000;1000;0.9;64772;10;instances/ash331GPIA.col;662;4185;random
740;1607633;5000;10;1000;1000;0.6;19938;10;instances/ash331GPIA.col;662;4185;random
747;1625845;5000;10;1000;1000;0.6;20556;10;instances/ash331GPIA.col;662;4185;random
742;1611948;5000;10;1000;1000;0.6;19462;10;instances/ash331GPIA.col;662;4185;random
758;1609184;5000;10;1000;1000;0.6;12722;10;instances/ash331GPIA.col;662;4185;random
736;1605331;5000;10;1000;1000;0.6;7243;10;instances/ash331GPIA.col;662;4185;random
725;1660127;5000;10;1000;1000;0.6;19024;10;instances/ash331GPIA.col;662;4185;random
699;1627832;5000;10;1000;1000;0.6;19795;10;instances/ash331GPIA.col;662;4185;random
737;1652012;5000;10;1000;1000;0.6;9040;10;instances/ash331GPIA.col;662;4185;random
750;1624111;5000;10;1000;1000;0.6;13476;10;instances/ash331GPIA.col;662;4185;random
707;1628789;5000;10;1000;1000;0.6;20443;10;instances/ash331GPIA.col;662;4185;random
761;1617949;5000;10;1000;1000;0.6;2183;10;instances/ash331GPIA.col;662;4185;random
738;1594868;5000;10;1000;1000;0.6;18383;10;instances/ash331GPIA.col;662;4185;random
765;1586089;5000;10;1000;1000;0.6;18784;10;instances/ash331GPIA.col;662;4185;random
717;1594445;5000;10;1000;1000;0.6;19236;10;instances/ash331GPIA.col;662;4185;random
756;2332291;5000;10;1000;1000;0.6;19124;10;instances/ash331GPIA.col;662;4185;random
751;1656964;5000;10;1000;1000;0.6;20313;10;instances/ash331GPIA.col;662;4185;random
754;1609382;5000;10;1000;1000;0.6;18002;10;instances/ash331GPIA.col;662;4185;random
762;1615964;5000;10;1000;1000;0.6;11625;10;instances/ash331GPIA.col;662;4185;random
741;1629107;5000;10;1000;1000;0.6;19647;10;instances/ash331GPIA.col;662;4185;random
727;1608391;5000;10;1000;1000;0.6;19973;10;instances/ash331GPIA.col;662;4185;random
732;2355107;5000;10;1000;1000;0.7;26474;10;instances/ash331GPIA.col;662;4185;random
736;2292498;5000;10;1000;1000;0.7;23484;10;instances/ash331GPIA.col;662;4185;random
730;2300498;5000;10;1000;1000;0.7;25284;10;instances/ash331GPIA.col;662;4185;random
725;2340559;5000;10;1000;1000;0.7;29159;10;instances/ash331GPIA.col;662;4185;random
731;2276927;5000;10;1000;1000;0.7;26561;10;instances/ash331GPIA.col;662;4185;random
756;2262141;5000;10;1000;1000;0.7;7156;10;instances/ash331GPIA.col;662;4185;random
731;2238213;5000;10;1000;1000;0.7;28889;10;instances/ash331GPIA.col;662;4185;random
748;2244852;5000;10;1000;1000;0.7;23141;10;instances/ash331GPIA.col;662;4185;random
729;2241448;5000;10;1000;1000;0.7;26852;10;instances/ash331GPIA.col;662;4185;random
743;2910691;5000;10;1000;1000;0.7;28203;10;instances/ash331GPIA.col;662;4185;random
739;2265269;5000;10;1000;1000;0.7;27925;10;instances/ash331GPIA.col;662;4185;random
752;2260456;5000;10;1000;1000;0.7;27794;10;instances/ash331GPIA.col;662;4185;random
723;2336272;5000;10;1000;1000;0.7;29008;10;instances/ash331GPIA.col;662;4185;random
732;2239161;5000;10;1000;1000;0.7;21498;10;instances/ash331GPIA.col;662;4185;random
714;2233280;5000;10;1000;1000;0.7;28094;10;instances/ash331GPIA.col;662;4185;random
727;2231740;5000;10;1000;1000;0.7;27706;10;instances/ash331GPIA.col;662;4185;random
738;2318329;5000;10;1000;1000;0.7;27930;10;instances/ash331GPIA.col;662;4185;random
744;2262156;5000;10;1000;1000;0.7;24954;10;instances/ash331GPIA.col;662;4185;random
747;2250817;5000;10;1000;1000;0.7;25390;10;instances/ash331GPIA.col;662;4185;random
737;2242292;5000;10;1000;1000;0.7;26967;10;instances/ash331GPIA.col;662;4185;random
746;3644204;5000;10;1000;1000;0.8;45254;10;instances/ash331GPIA.col;662;4185;random
734;3538153;5000;10;1000;1000;0.8;45027;10;instances/ash331GPIA.col;662;4185;random
744;4247709;5000;10;1000;1000;0.8;41021;10;instances/ash331GPIA.col;662;4185;random
743;3554000;5000;10;1000;1000;0.8;19992;10;instances/ash331GPIA.col;662;4185;random
729;3589087;5000;10;1000;1000;0.8;45039;10;instances/ash331GPIA.col;662;4185;random
731;3711585;5000;10;1000;1000;0.8;45025;10;instances/ash331GPIA.col;662;4185;random
744;3695731;5000;10;1000;1000;0.8;39208;10;instances/ash331GPIA.col;662;4185;random
708;3672170;5000;10;1000;1000;0.8;45006;10;instances/ash331GPIA.col;662;4185;random
733;3583157;5000;10;1000;1000;0.8;45259;10;instances/ash331GPIA.col;662;4185;random
742;3620650;5000;10;1000;1000;0.8;37823;10;instances/ash331GPIA.col;662;4185;random
750;6650846;5000;10;1000;1000;0.8;43855;10;instances/ash331GPIA.col;662;4185;random
724;5397129;5000;10;1000;1000;0.8;45192;10;instances/ash331GPIA.col;662;4185;random
741;3795839;5000;10;1000;1000;0.8;44795;10;instances/ash331GPIA.col;662;4185;random
741;3666478;5000;10;1000;1000;0.8;44753;10;instances/ash331GPIA.col;662;4185;random
739;4589068;5000;10;1000;1000;0.8;35978;10;instances/ash331GPIA.col;662;4185;random
735;3625551;5000;10;1000;1000;0.8;44393;10;instances/ash331GPIA.col;662;4185;random
733;3600859;5000;10;1000;1000;0.8;43571;10;instances/ash331GPIA.col;662;4185;random
745;3568313;5000;10;1000;1000;0.8;41925;10;instances/ash331GPIA.col;662;4185;random
734;3566114;5000;10;1000;1000;0.8;45848;10;instances/ash331GPIA.col;662;4185;random
740;3694574;5000;10;1000;1000;0.8;44330;10;instances/ash331GPIA.col;662;4185;random
729;7549153;5000;10;1000;1000;0.9;94335;9;instances/ash331GPIA.col;662;4185;random
730;8249057;5000;10;1000;1000;0.9;94847;9;instances/ash331GPIA.col;662;4185;random
733;7463609;5000;10;1000;1000;0.9;91523;9;instances/ash331GPIA.col;662;4185;random
700;7397445;5000;10;1000;1000;0.9;91970;9;instances/ash331GPIA.col;662;4185;random
715;7519407;5000;10;1000;1000;0.9;93396;9;instances/ash331GPIA.col;662;4185;random
672;8115161;5000;10;1000;1000;0.9;96060;9;instances/ash331GPIA.col;662;4185;random
716;7459629;5000;10;1000;1000;0.9;93311;9;instances/ash331GPIA.col;662;4185;random
727;7482608;5000;10;1000;1000;0.9;53937;9;instances/ash331GPIA.col;662;4185;random
707;7479461;5000;10;1000;1000;0.9;90277;9;instances/ash331GPIA.col;662;4185;random
717;7470109;5000;10;1000;1000;0.9;94651;9;instances/ash331GPIA.col;662;4185;random
698;8150937;5000;10;1000;1000;0.9;95591;9;instances/ash331GPIA.col;662;4185;random
743;7368472;5000;10;1000;1000;0.9;90282;9;instances/ash331GPIA.col;662;4185;random
690;7468313;5000;10;1000;1000;0.9;93686;9;instances/ash331GPIA.col;662;4185;random
706;7493231;5000;10;1000;1000;0.9;93437;9;instances/ash331GPIA.col;662;4185;random
727;8241310;5000;10;1000;1000;0.9;75979;9;instances/ash331GPIA.col;662;4185;random
713;7468813;5000;10;1000;1000;0.9;95962;9;instances/ash331GPIA.col;662;4185;random
704;7345490;5000;10;1000;1000;0.9;95754;9;instances/ash331GPIA.col;662;4185;random
718;7387985;5000;10;1000;1000;0.9;86437;9;instances/ash331GPIA.col;662;4185;random
740;8099500;5000;10;1000;1000;0.9;55356;9;instances/ash331GPIA.col;662;4185;random
703;7535208;5000;10;1000;1000;0.9;87971;9;instances/ash331GPIA.col;662;4185;random
725;1852257;10000;10;1000;1000;0.6;22440;7;instances/ash331GPIA.col;662;4185;random
704;1825644;10000;10;1000;1000;0.6;22701;7;instances/ash331GPIA.col;662;4185;random
713;1901951;10000;10;1000;1000;0.6;23914;7;instances/ash331GPIA.col;662;4185;random
731;1914566;10000;10;1000;1000;0.6;23009;7;instances/ash331GPIA.col;662;4185;random
732;1888256;10000;10;1000;1000;0.6;20968;7;instances/ash331GPIA.col;662;4185;random
704;1920774;10000;10;1000;1000;0.6;23377;7;instances/ash331GPIA.col;662;4185;random
720;1858782;10000;10;1000;1000;0.6;23859;7;instances/ash331GPIA.col;662;4185;random
736;1906911;10000;10;1000;1000;0.6;23641;7;instances/ash331GPIA.col;662;4185;random
748;1962860;10000;10;1000;1000;0.6;22352;7;instances/ash331GPIA.col;662;4185;random
738;2065474;10000;10;1000;1000;0.6;23992;7;instances/ash331GPIA.col;662;4185;random
721;1930702;10000;10;1000;1000;0.6;21724;7;instances/ash331GPIA.col;662;4185;random
733;1908746;10000;10;1000;1000;0.6;23792;7;instances/ash331GPIA.col;662;4185;random
705;2649376;10000;10;1000;1000;0.6;23724;7;instances/ash331GPIA.col;662;4185;random
733;1972337;10000;10;1000;1000;0.6;23338;7;instances/ash331GPIA.col;662;4185;random
726;1919986;10000;10;1000;1000;0.6;23379;7;instances/ash331GPIA.col;662;4185;random
738;1907436;10000;10;1000;1000;0.6;22648;7;instances/ash331GPIA.col;662;4185;random
718;1891308;10000;10;1000;1000;0.6;22435;7;instances/ash331GPIA.col;662;4185;random
714;1840401;10000;10;1000;1000;0.6;22581;7;instances/ash331GPIA.col;662;4185;random
733;1823046;10000;10;1000;1000;0.6;23105;7;instances/ash331GPIA.col;662;4185;random
731;1834142;10000;10;1000;1000;0.6;23099;7;instances/ash331GPIA.col;662;4185;random
750;2527420;10000;10;1000;1000;0.7;18473;10;instances/ash331GPIA.col;662;4185;random
724;2561038;10000;10;1000;1000;0.7;10417;10;instances/ash331GPIA.col;662;4185;random
739;2521048;10000;10;1000;1000;0.7;31231;10;instances/ash331GPIA.col;662;4185;random
737;2571337;10000;10;1000;1000;0.7;31903;10;instances/ash331GPIA.col;662;4185;random
749;2572157;10000;10;1000;1000;0.7;23019;10;instances/ash331GPIA.col;662;4185;random
740;2592488;10000;10;1000;1000;0.7;21704;10;instances/ash331GPIA.col;662;4185;random
748;3327691;10000;10;1000;1000;0.7;26647;10;instances/ash331GPIA.col;662;4185;random
732;2609201;10000;10;1000;1000;0.7;32606;10;instances/ash331GPIA.col;662;4185;random
740;2576643;10000;10;1000;1000;0.7;31436;10;instances/ash331GPIA.col;662;4185;random
738;2572546;10000;10;1000;1000;0.7;26839;10;instances/ash331GPIA.col;662;4185;random
729;2382385;10000;10;1000;1000;0.7;31131;10;instances/ash331GPIA.col;662;4185;random
749;2417425;10000;10;1000;1000;0.7;31363;10;instances/ash331GPIA.col;662;4185;random
730;2533195;10000;10;1000;1000;0.7;32179;10;instances/ash331GPIA.col;662;4185;random
751;2566750;10000;10;1000;1000;0.7;22201;10;instances/ash331GPIA.col;662;4185;random
736;2529492;10000;10;1000;1000;0.7;31027;10;instances/ash331GPIA.col;662;4185;random
739;2605547;10000;10;1000;1000;0.7;31137;10;instances/ash331GPIA.col;662;4185;random
750;2525102;10000;10;1000;1000;0.7;21216;10;instances/ash331GPIA.col;662;4185;random
743;2584564;10000;10;1000;1000;0.7;23918;10;instances/ash331GPIA.col;662;4185;random
734;2551169;10000;10;1000;1000;0.7;26445;10;instances/ash331GPIA.col;662;4185;random
740;3370659;10000;10;1000;1000;0.7;30188;10;instances/ash331GPIA.col;662;4185;random
723;4045564;10000;10;1000;1000;0.8;48419;10;instances/ash331GPIA.col;662;4185;random
737;4049017;10000;10;1000;1000;0.8;39740;10;instances/ash331GPIA.col;662;4185;random
716;3842950;10000;10;1000;1000;0.8;50305;10;instances/ash331GPIA.col;662;4185;random
732;4007913;10000;10;1000;1000;0.8;48038;10;instances/ash331GPIA.col;662;4185;random
730;3988611;10000;10;1000;1000;0.8;51039;10;instances/ash331GPIA.col;662;4185;random
725;3974979;10000;10;1000;1000;0.8;50271;10;instances/ash331GPIA.col;662;4185;random
727;4001302;10000;10;1000;1000;0.8;40763;10;instances/ash331GPIA.col;662;4185;random
729;4790829;10000;10;1000;1000;0.8;47953;10;instances/ash331GPIA.col;662;4185;random
722;4058731;10000;10;1000;1000;0.8;51635;10;instances/ash331GPIA.col;662;4185;random
681;3964382;10000;10;1000;1000;0.8;51325;10;instances/ash331GPIA.col;662;4185;random
718;3965296;10000;10;1000;1000;0.8;44712;10;instances/ash331GPIA.col;662;4185;random
730;3951613;10000;10;1000;1000;0.8;37877;10;instances/ash331GPIA.col;662;4185;random
757;3864915;10000;10;1000;1000;0.8;20852;10;instances/ash331GPIA.col;662;4185;random
694;4043045;10000;10;1000;1000;0.8;49410;10;instances/ash331GPIA.col;662;4185;random
705;3965024;10000;10;1000;1000;0.8;50071;10;instances/ash331GPIA.col;662;4185;random
719;4731864;10000;10;1000;1000;0.8;48834;10;instances/ash331GPIA.col;662;4185;random
721;4131306;10000;10;1000;1000;0.8;50080;10;instances/ash331GPIA.col;662;4185;random
713;3955091;10000;10;1000;1000;0.8;49612;10;instances/ash331GPIA.col;662;4185;random
728;3972655;10000;10;1000;1000;0.8;13862;10;instances/ash331GPIA.col;662;4185;random
717;3927674;10000;10;1000;1000;0.8;50493;10;instances/ash331GPIA.col;662;4185;random
717;8131808;10000;10;1000;1000;0.9;105883;10;instances/ash331GPIA.col;662;4185;random
736;8993712;10000;10;1000;1000;0.9;100930;10;instances/ash331GPIA.col;662;4185;random
715;8136038;10000;10;1000;1000;0.9;98098;10;instances/ash331GPIA.col;662;4185;random
729;8158230;10000;10;1000;1000;0.9;105557;10;instances/ash331GPIA.col;662;4185;random
729;8243934;10000;10;1000;1000;0.9;40104;10;instances/ash331GPIA.col;662;4185;random
734;9129267;10000;10;1000;1000;0.9;78219;10;instances/ash331GPIA.col;662;4185;random
712;8163874;10000;10;1000;1000;0.9;101874;10;instances/ash331GPIA.col;662;4185;random
688;8090940;10000;10;1000;1000;0.9;105461;10;instances/ash331GPIA.col;662;4185;random
731;8183048;10000;10;1000;1000;0.9;102029;10;instances/ash331GPIA.col;662;4185;random
734;8971323;10000;10;1000;1000;0.9;104548;10;instances/ash331GPIA.col;662;4185;random
729;8296694;10000;10;1000;1000;0.9;105908;10;instances/ash331GPIA.col;662;4185;random
720;8227802;10000;10;1000;1000;0.9;40586;10;instances/ash331GPIA.col;662;4185;random
727;8146093;10000;10;1000;1000;0.9;103003;10;instances/ash331GPIA.col;662;4185;random
713;8996160;10000;10;1000;1000;0.9;105004;10;instances/ash331GPIA.col;662;4185;random
729;8191892;10000;10;1000;1000;0.9;101509;10;instances/ash331GPIA.col;662;4185;random
742;8204790;10000;10;1000;1000;0.9;54831;10;instances/ash331GPIA.col;662;4185;random
739;8198942;10000;10;1000;1000;0.9;95930;10;instances/ash331GPIA.col;662;4185;random
713;8998784;10000;10;1000;1000;0.9;100163;10;instances/ash331GPIA.col;662;4185;random
724;8060260;10000;10;1000;1000;0.9;102707;10;instances/ash331GPIA.col;662;4185;random
722;8232606;10000;10;1000;1000;0.9;32639;10;instances/ash331GPIA.col;662;4185;random
139;629956;100;10;1000;1000;0.6;0;7;instances/ash331GPIA.col;662;4185;greedy
139;621799;100;10;1000;1000;0.6;0;7;instances/ash331GPIA.col;662;4185;greedy
139;624194;100;10;1000;1000;0.6;0;7;instances/ash331GPIA.col;662;4185;greedy
139;640817;100;10;1000;1000;0.6;0;7;instances/ash331GPIA.col;662;4185;greedy
139;633958;100;10;1000;1000;0.6;0;7;instances/ash331GPIA.col;662;4185;greedy
138;657966;100;10;1000;1000;0.6;0;7;instances/ash331GPIA.col;662;4185;greedy
139;678007;100;10;1000;1000;0.6;0;7;instances/ash331GPIA.col;662;4185;greedy
138;674113;100;10;1000;1000;0.6;0;7;instances/ash331GPIA.col;662;4185;greedy
139;655653;100;10;1000;1000;0.6;0;7;instances/ash331GPIA.col;662;4185;greedy
139;671514;100;10;1000;1000;0.6;0;7;instances/ash331GPIA.col;662;4185;greedy
139;655910;100;10;1000;1000;0.6;0;7;instances/ash331GPIA.col;662;4185;greedy
139;642711;100;10;1000;1000;0.6;0;7;instances/ash331GPIA.col;662;4185;greedy
139;675387;100;10;1000;1000;0.6;0;7;instances/ash331GPIA.col;662;4185;greedy
139;659172;100;10;1000;1000;0.6;0;7;instances/ash331GPIA.col;662;4185;greedy
139;649474;100;10;1000;1000;0.6;0;7;instances/ash331GPIA.col;662;4185;greedy
138;653565;100;10;1000;1000;0.6;1;7;instances/ash331GPIA.col;662;4185;greedy
139;689569;100;10;1000;1000;0.6;0;7;instances/ash331GPIA.col;662;4185;greedy
139;644963;100;10;1000;1000;0.6;0;7;instances/ash331GPIA.col;662;4185;greedy
139;652941;100;10;1000;1000;0.6;0;7;instances/ash331GPIA.col;662;4185;greedy
139;703791;100;10;1000;1000;0.6;0;7;instances/ash331GPIA.col;662;4185;greedy
139;912013;100;10;1000;1000;0.7;0;7;instances/ash331GPIA.col;662;4185;greedy
139;925450;100;10;1000;1000;0.7;0;7;instances/ash331GPIA.col;662;4185;greedy
139;934690;100;10;1000;1000;0.7;0;7;instances/ash331GPIA.col;662;4185;greedy
136;923563;100;10;1000;1000;0.7;1;7;instances/ash331GPIA.col;662;4185;greedy
139;942126;100;10;1000;1000;0.7;0;7;instances/ash331GPIA.col;662;4185;greedy
139;930425;100;10;1000;1000;0.7;0;7;instances/ash331GPIA.col;662;4185;greedy
139;1684323;100;10;1000;1000;0.7;0;7;instances/ash331GPIA.col;662;4185;greedy
139;941028;100;10;1000;1000;0.7;0;7;instances/ash331GPIA.col;662;4185;greedy
139;936990;100;10;1000;1000;0.7;0;7;instances/ash331GPIA.col;662;4185;greedy
138;924547;100;10;1000;1000;0.7;2;7;instances/ash331GPIA.col;662;4185;greedy
139;910246;100;10;1000;1000;0.7;0;7;instances/ash331GPIA.col;662;4185;greedy
139;892271;100;10;1000;1000;0.7;0;7;instances/ash331GPIA.col;662;4185;greedy
139;914096;100;10;1000;1000;0.7;0;7;instances/ash331GPIA.col;662;4185;greedy
137;917287;100;10;1000;1000;0.7;1;7;instances/ash331GPIA.col;662;4185;greedy
139;924884;100;10;1000;1000;0.7;0;7;instances/ash331GPIA.col;662;4185;greedy
139;895011;100;10;1000;1000;0.7;0;7;instances/ash331GPIA.col;662;4185;greedy
139;891274;100;10;1000;1000;0.7;0;7;instances/ash331GPIA.col;662;4185;greedy
139;935363;100;10;1000;1000;0.7;0;7;instances/ash331GPIA.col;662;4185;greedy
139;956267;100;10;1000;1000;0.7;0;7;instances/ash331GPIA.col;662;4185;greedy
138;928996;100;10;1000;1000;0.7;0;7;instances/ash331GPIA.col;662;4185;greedy
139;1292467;100;10;1000;1000;0.8;0;9;instances/ash331GPIA.col;662;4185;greedy
139;1283228;100;10;1000;1000;0.8;0;9;instances/ash331GPIA.col;662;4185;greedy
139;1325975;100;10;1000;1000;0.8;0;9;instances/ash331GPIA.col;662;4185;greedy
139;1304439;100;10;1000;1000;0.8;0;9;instances/ash331GPIA.col;662;4185;greedy
139;1347550;100;10;1000;1000;0.8;0;9;instances/ash331GPIA.col;662;4185;greedy
139;1339557;100;10;1000;1000;0.8;0;9;instances/ash331GPIA.col;662;4185;greedy
139;1360869;100;10;1000;1000;0.8;0;9;instances/ash331GPIA.col;662;4185;greedy
139;1338222;100;10;1000;1000;0.8;0;9;instances/ash331GPIA.col;662;4185;greedy
134;1313455;100;10;1000;1000;0.8;0;9;instances/ash331GPIA.col;662;4185;greedy
138;1288154;100;10;1000;1000;0.8;0;9;instances/ash331GPIA.col;662;4185;greedy
139;1353511;100;10;1000;1000;0.8;0;9;instances/ash331GPIA.col;662;4185;greedy
139;1359923;100;10;1000;1000;0.8;0;9;instances/ash331GPIA.col;662;4185;greedy
139;1311963;100;10;1000;1000;0.8;0;9;instances/ash331GPIA.col;662;4185;greedy
139;1313390;100;10;1000;1000;0.8;0;9;instances/ash331GPIA.col;662;4185;greedy
139;1315874;100;10;1000;1000;0.8;0;9;instances/ash331GPIA.col;662;4185;greedy
139;2029135;100;10;1000;1000;0.8;0;9;instances/ash331GPIA.col;662;4185;greedy
139;1325169;100;10;1000;1000;0.8;0;9;instances/ash331GPIA.col;662;4185;greedy
139;1326271;100;10;1000;1000;0.8;0;9;instances/ash331GPIA.col;662;4185;greedy
139;1276956;100;10;1000;1000;0.8;0;9;instances/ash331GPIA.col;662;4185;greedy
139;1281583;100;10;1000;1000;0.8;0;9;instances/ash331GPIA.col;662;4185;greedy
139;2518125;100;10;1000;1000;0.9;0;9;instances/ash331GPIA.col;662;4185;greedy
139;2570194;100;10;1000;1000;0.9;0;9;instances/ash331GPIA.col;662;4185;greedy
139;2451019;100;10;1000;1000;0.9;0;9;instances/ash331GPIA.col;662;4185;greedy
138;2501495;100;10;1000;1000;0.9;2;9;instances/ash331GPIA.col;662;4185;greedy
139;2617144;100;10;1000;1000;0.9;0;9;instances/ash331GPIA.col;662;4185;greedy
139;2502462;100;10;1000;1000;0.9;0;9;instances/ash331GPIA.col;662;4185;greedy
139;2540284;100;10;1000;1000;0.9;0;9;instances/ash331GPIA.col;662;4185;greedy
138;2580822;100;10;1000;1000;0.9;1;9;instances/ash331GPIA.col;662;4185;greedy
139;2535450;100;10;1000;1000;0.9;0;9;instances/ash331GPIA.col;662;4185;greedy
139;2534024;100;10;1000;1000;0.9;0;9;instances/ash331GPIA.col;662;4185;greedy
138;2564254;100;10;1000;1000;0.9;0;9;instances/ash331GPIA.col;662;4185;greedy
139;2551451;100;10;1000;1000;0.9;0;9;instances/ash331GPIA.col;662;4185;greedy
139;2573520;100;10;1000;1000;0.9;0;9;instances/ash331GPIA.col;662;4185;greedy
139;2494316;100;10;1000;1000;0.9;0;9;instances/ash331GPIA.col;662;4185;greedy
139;2572445;100;10;1000;1000;0.9;0;9;instances/ash331GPIA.col;662;4185;greedy
139;2524615;100;10;1000;1000;0.9;0;9;instances/ash331GPIA.col;662;4185;greedy
139;3527704;100;10;1000;1000;0.9;0;9;instances/ash331GPIA.col;662;4185;greedy
138;2512628;100;10;1000;1000;0.9;2;9;instances/ash331GPIA.col;662;4185;greedy
138;2411114;100;10;1000;1000;0.9;0;9;instances/ash331GPIA.col;662;4185;greedy
139;2545895;100;10;1000;1000;0.9;0;9;instances/ash331GPIA.col;662;4185;greedy
139;1221052;1000;10;1000;1000;0.6;0;9;instances/ash331GPIA.col;662;4185;greedy
139;1198575;1000;10;1000;1000;0.6;0;9;instances/ash331GPIA.col;662;4185;greedy
139;1125748;1000;10;1000;1000;0.6;0;9;instances/ash331GPIA.col;662;4185;greedy
139;1154609;1000;10;1000;1000;0.6;0;9;instances/ash331GPIA.col;662;4185;greedy
139;1146207;1000;10;1000;1000;0.6;0;9;instances/ash331GPIA.col;662;4185;greedy
139;1185566;1000;10;1000;1000;0.6;0;9;instances/ash331GPIA.col;662;4185;greedy
139;1181709;1000;10;1000;1000;0.6;0;9;instances/ash331GPIA.col;662;4185;greedy
139;1186971;1000;10;1000;1000;0.6;0;9;instances/ash331GPIA.col;662;4185;greedy
139;1169472;1000;10;1000;1000;0.6;0;9;instances/ash331GPIA.col;662;4185;greedy
139;1135350;1000;10;1000;1000;0.6;0;9;instances/ash331GPIA.col;662;4185;greedy
139;1147495;1000;10;1000;1000;0.6;0;9;instances/ash331GPIA.col;662;4185;greedy
139;1135956;1000;10;1000;1000;0.6;0;9;instances/ash331GPIA.col;662;4185;greedy
139;1228157;1000;10;1000;1000;0.6;0;9;instances/ash331GPIA.col;662;4185;greedy
139;1161434;1000;10;1000;1000;0.6;0;9;instances/ash331GPIA.col;662;4185;greedy
139;1204139;1000;10;1000;1000;0.6;0;9;instances/ash331GPIA.col;662;4185;greedy
139;1185832;1000;10;1000;1000;0.6;0;9;instances/ash331GPIA.col;662;4185;greedy
138;1168542;1000;10;1000;1000;0.6;2;9;instances/ash331GPIA.col;662;4185;greedy
139;1219244;1000;10;1000;1000;0.6;0;9;instances/ash331GPIA.col;662;4185;greedy
139;1179794;1000;10;1000;1000;0.6;0;9;instances/ash331GPIA.col;662;4185;greedy
139;2024968;1000;10;1000;1000;0.6;0;9;instances/ash331GPIA.col;662;4185;greedy
139;1743932;1000;10;1000;1000;0.7;0;8;instances/ash331GPIA.col;662;4185;greedy
139;1669762;1000;10;1000;1000;0.7;0;8;instances/ash331GPIA.col;662;4185;greedy
139;1575735;1000;10;1000;1000;0.7;0;8;instances/ash331GPIA.col;662;4185;greedy
139;1669955;1000;10;1000;1000;0.7;0;8;instances/ash331GPIA.col;662;4185;greedy
139;1724551;1000;10;1000;1000;0.7;0;8;instances/ash331GPIA.col;662;4185;greedy
139;1715788;1000;10;1000;1000;0.7;0;8;instances/ash331GPIA.col;662;4185;greedy
139;1635505;1000;10;1000;1000;0.7;0;8;instances/ash331GPIA.col;662;4185;greedy
139;1594538;1000;10;1000;1000;0.7;0;8;instances/ash331GPIA.col;662;4185;greedy
139;1636605;1000;10;1000;1000;0.7;0;8;instances/ash331GPIA.col;662;4185;greedy
137;1706315;1000;10;1000;1000;0.7;0;8;instances/ash331GPIA.col;662;4185;greedy
139;1718420;1000;10;1000;1000;0.7;0;8;instances/ash331GPIA.col;662;4185;greedy
139;1710010;1000;10;1000;1000;0.7;0;8;instances/ash331GPIA.col;662;4185;greedy
139;1765123;1000;10;1000;1000;0.7;0;8;instances/ash331GPIA.col;662;4185;greedy
139;1710544;1000;10;1000;1000;0.7;0;8;instances/ash331GPIA.col;662;4185;greedy
139;1729611;1000;10;1000;1000;0.7;0;8;instances/ash331GPIA.col;662;4185;greedy
139;1721866;1000;10;1000;1000;0.7;0;8;instances/ash331GPIA.col;662;4185;greedy
139;1718101;1000;10;1000;1000;0.7;0;8;instances/ash331GPIA.col;662;4185;greedy
139;1722411;1000;10;1000;1000;0.7;0;8;instances/ash331GPIA.col;662;4185;greedy
139;2448712;1000;10;1000;1000;0.7;0;8;instances/ash331GPIA.col;662;4185;greedy
139;1735761;1000;10;1000;1000;0.7;0;8;instances/ash331GPIA.col;662;4185;greedy
139;2653473;1000;10;1000;1000;0.8;0;9;instances/ash331GPIA.col;662;4185;greedy
139;2615425;1000;10;1000;1000;0.8;0;9;instances/ash331GPIA.col;662;4185;greedy
139;2592936;1000;10;1000;1000;0.8;0;9;instances/ash331GPIA.col;662;4185;greedy
139;2728270;1000;10;1000;1000;0.8;0;9;instances/ash331GPIA.col;662;4185;greedy
139;2707245;1000;10;1000;1000;0.8;0;9;instances/ash331GPIA.col;662;4185;greedy
139;2685717;1000;10;1000;1000;0.8;0;9;instances/ash331GPIA.col;662;4185;greedy
139;2618495;1000;10;1000;1000;0.8;0;9;instances/ash331GPIA.col;662;4185;greedy
139;2640295;1000;10;1000;1000;0.8;0;9;instances/ash331GPIA.col;662;4185;greedy
139;2662124;1000;10;1000;1000;0.8;0;9;instances/ash331GPIA.col;662;4185;greedy
139;2667943;1000;10;1000;1000;0.8;0;9;instances/ash331GPIA.col;662;4185;greedy
139;2655144;1000;10;1000;1000;0.8;0;9;instances/ash331GPIA.col;662;4185;greedy
139;3281612;1000;10;1000;1000;0.8;0;9;instances/ash331GPIA.col;662;4185;greedy
139;2710809;1000;10;1000;1000;0.8;0;9;instances/ash331GPIA.col;662;4185;greedy
139;2610457;1000;10;1000;1000;0.8;0;9;instances/ash331GPIA.col;662;4185;greedy
139;2631344;1000;10;1000;1000;0.8;0;9;instances/ash331GPIA.col;662;4185;greedy
139;2702490;1000;10;1000;1000;0.8;0;9;instances/ash331GPIA.col;662;4185;greedy
135;2563968;1000;10;1000;1000;0.8;5;9;instances/ash331GPIA.col;662;4185;greedy
139;2644292;1000;10;1000;1000;0.8;0;9;instances/ash331GPIA.col;662;4185;greedy
136;2662931;1000;10;1000;1000;0.8;1;9;instances/ash331GPIA.col;662;4185;greedy
139;2665228;1000;10;1000;1000;0.8;0;9;instances/ash331GPIA.col;662;4185;greedy
139;5342797;1000;10;1000;1000;0.9;0;10;instances/ash331GPIA.col;662;4185;greedy
139;6129713;1000;10;1000;1000;0.9;0;10;instances/ash331GPIA.col;662;4185;greedy
139;5286470;1000;10;1000;1000;0.9;0;10;instances/ash331GPIA.col;662;4185;greedy
139;5272863;1000;10;1000;1000;0.9;0;10;instances/ash331GPIA.col;662;4185;greedy
139;5242874;1000;10;1000;1000;0.9;0;10;instances/ash331GPIA.col;662;4185;greedy
139;5396617;1000;10;1000;1000;0.9;0;10;instances/ash331GPIA.col;662;4185;greedy
138;5318931;1000;10;1000;1000;0.9;0;10;instances/ash331GPIA.col;662;4185;greedy
139;6097405;1000;10;1000;1000;0.9;0;10;instances/ash331GPIA.col;662;4185;greedy
139;5317166;1000;10;1000;1000;0.9;0;10;instances/ash331GPIA.col;662;4185;greedy
139;5300015;1000;10;1000;1000;0.9;0;10;instances/ash331GPIA.col;662;4185;greedy
139;5272921;1000;10;1000;1000;0.9;0;10;instances/ash331GPIA.col;662;4185;greedy
139;5432603;1000;10;1000;1000;0.9;0;10;instances/ash331GPIA.col;662;4185;greedy
139;5448495;1000;10;1000;1000;0.9;0;10;instances/ash331GPIA.col;662;4185;greedy
137;6107285;1000;10;1000;1000;0.9;0;10;instances/ash331GPIA.col;662;4185;greedy
139;5473735;1000;10;1000;1000;0.9;0;10;instances/ash331GPIA.col;662;4185;greedy
138;5265010;1000;10;1000;1000;0.9;0;10;instances/ash331GPIA.col;662;4185;greedy
137;5375736;1000;10;1000;1000;0.9;0;10;instances/ash331GPIA.col;662;4185;greedy
139;5338603;1000;10;1000;1000;0.9;0;10;instances/ash331GPIA.col;662;4185;greedy
138;5308311;1000;10;1000;1000;0.9;0;10;instances/ash331GPIA.col;662;4185;greedy
139;5999808;1000;10;1000;1000;0.9;0;10;instances/ash331GPIA.col;662;4185;greedy
139;1564979;5000;10;1000;1000;0.6;0;10;instances/ash331GPIA.col;662;4185;greedy
139;1543699;5000;10;1000;1000;0.6;0;10;instances/ash331GPIA.col;662;4185;greedy
139;1548667;5000;10;1000;1000;0.6;0;10;instances/ash331GPIA.col;662;4185;greedy
138;1554271;5000;10;1000;1000;0.6;1;10;instances/ash331GPIA.col;662;4185;greedy
139;1579333;5000;10;1000;1000;0.6;0;10;instances/ash331GPIA.col;662;4185;greedy
139;1559119;5000;10;1000;1000;0.6;0;10;instances/ash331GPIA.col;662;4185;greedy
139;1546688;5000;10;1000;1000;0.6;0;10;instances/ash331GPIA.col;662;4185;greedy
139;1520067;5000;10;1000;1000;0.6;0;10;instances/ash331GPIA.col;662;4185;greedy
139;1548291;5000;10;1000;1000;0.6;0;10;instances/ash331GPIA.col;662;4185;greedy
139;1584020;5000;10;1000;1000;0.6;0;10;instances/ash331GPIA.col;662;4185;greedy
139;1595409;5000;10;1000;1000;0.6;0;10;instances/ash331GPIA.col;662;4185;greedy
139;1583012;5000;10;1000;1000;0.6;0;10;instances/ash331GPIA.col;662;4185;greedy
139;1577713;5000;10;1000;1000;0.6;0;10;instances/ash331GPIA.col;662;4185;greedy
139;1575125;5000;10;1000;1000;0.6;0;10;instances/ash331GPIA.col;662;4185;greedy
139;1583080;5000;10;1000;1000;0.6;0;10;instances/ash331GPIA.col;662;4185;greedy
139;1620801;5000;10;1000;1000;0.6;0;10;instances/ash331GPIA.col;662;4185;greedy
139;1550390;5000;10;1000;1000;0.6;0;10;instances/ash331GPIA.col;662;4185;greedy
139;1543885;5000;10;1000;1000;0.6;0;10;instances/ash331GPIA.col;662;4185;greedy
139;1548019;5000;10;1000;1000;0.6;0;10;instances/ash331GPIA.col;662;4185;greedy
139;2343010;5000;10;1000;1000;0.6;0;10;instances/ash331GPIA.col;662;4185;greedy
139;2272071;5000;10;1000;1000;0.7;0;10;instances/ash331GPIA.col;662;4185;greedy
139;2185170;5000;10;1000;1000;0.7;0;10;instances/ash331GPIA.col;662;4185;greedy
139;2242787;5000;10;1000;1000;0.7;0;10;instances/ash331GPIA.col;662;4185;greedy
139;2372767;5000;10;1000;1000;0.7;0;10;instances/ash331GPIA.col;662;4185;greedy
139;2273781;5000;10;1000;1000;0.7;0;10;instances/ash331GPIA.col;662;4185;greedy
139;2167183;5000;10;1000;1000;0.7;0;10;instances/ash331GPIA.col;662;4185;greedy
138;2197813;5000;10;1000;1000;0.7;1;10;instances/ash331GPIA.col;662;4185;greedy
139;2300523;5000;10;1000;1000;0.7;0;10;instances/ash331GPIA.col;662;4185;greedy
138;2175682;5000;10;1000;1000;0.7;1;10;instances/ash331GPIA.col;662;4185;greedy
139;2212619;5000;10;1000;1000;0.7;0;10;instances/ash331GPIA.col;662;4185;greedy
139;2208867;5000;10;1000;1000;0.7;0;10;instances/ash331GPIA.col;662;4185;greedy
139;2371010;5000;10;1000;1000;0.7;0;10;instances/ash331GPIA.col;662;4185;greedy
137;2237412;5000;10;1000;1000;0.7;0;10;instances/ash331GPIA.col;662;4185;greedy
139;2251588;5000;10;1000;1000;0.7;0;10;instances/ash331GPIA.col;662;4185;greedy
139;2982282;5000;10;1000;1000;0.7;0;10;instances/ash331GPIA.col;662;4185;greedy
139;2210128;5000;10;1000;1000;0.7;0;10;instances/ash331GPIA.col;662;4185;greedy
139;2191817;5000;10;1000;1000;0.7;0;10;instances/ash331GPIA.col;662;4185;greedy
139;2203442;5000;10;1000;1000;0.7;0;10;instances/ash331GPIA.col;662;4185;greedy
139;2224984;5000;10;1000;1000;0.7;0;10;instances/ash331GPIA.col;662;4185;greedy
139;2194150;5000;10;1000;1000;0.7;0;10;instances/ash331GPIA.col;662;4185;greedy
139;3533631;5000;10;1000;1000;0.8;0;10;instances/ash331GPIA.col;662;4185;greedy
139;3546145;5000;10;1000;1000;0.8;0;10;instances/ash331GPIA.col;662;4185;greedy
139;3570045;5000;10;1000;1000;0.8;0;10;instances/ash331GPIA.col;662;4185;greedy
139;3587157;5000;10;1000;1000;0.8;0;10;instances/ash331GPIA.col;662;4185;greedy
139;3531188;5000;10;1000;1000;0.8;0;10;instances/ash331GPIA.col;662;4185;greedy
139;3613936;5000;10;1000;1000;0.8;0;10;instances/ash331GPIA.col;662;4185;greedy
139;3680792;5000;10;1000;1000;0.8;0;10;instances/ash331GPIA.col;662;4185;greedy
139;3606797;5000;10;1000;1000;0.8;0;10;instances/ash331GPIA.col;662;4185;greedy
139;3546910;5000;10;1000;1000;0.8;0;10;instances/ash331GPIA.col;662;4185;greedy
139;4592112;5000;10;1000;1000;0.8;0;10;instances/ash331GPIA.col;662;4185;greedy
139;3523670;5000;10;1000;1000;0.8;0;10;instances/ash331GPIA.col;662;4185;greedy
139;3544045;5000;10;1000;1000;0.8;0;10;instances/ash331GPIA.col;662;4185;greedy
139;3568503;5000;10;1000;1000;0.8;0;10;instances/ash331GPIA.col;662;4185;greedy
137;3536477;5000;10;1000;1000;0.8;1;10;instances/ash331GPIA.col;662;4185;greedy
139;3600593;5000;10;1000;1000;0.8;0;10;instances/ash331GPIA.col;662;4185;greedy
139;3465585;5000;10;1000;1000;0.8;0;10;instances/ash331GPIA.col;662;4185;greedy
139;3603740;5000;10;1000;1000;0.8;0;10;instances/ash331GPIA.col;662;4185;greedy
139;3481276;5000;10;1000;1000;0.8;0;10;instances/ash331GPIA.col;662;4185;greedy
139;4465716;5000;10;1000;1000;0.8;0;10;instances/ash331GPIA.col;662;4185;greedy
139;3604036;5000;10;1000;1000;0.8;0;10;instances/ash331GPIA.col;662;4185;greedy
138;7316543;5000;10;1000;1000;0.9;6;9;instances/ash331GPIA.col;662;4185;greedy
137;7493616;5000;10;1000;1000;0.9;1;9;instances/ash331GPIA.col;662;4185;greedy
139;7505873;5000;10;1000;1000;0.9;0;9;instances/ash331GPIA.col;662;4185;greedy
139;8323253;5000;10;1000;1000;0.9;0;9;instances/ash331GPIA.col;662;4185;greedy
139;7370727;5000;10;1000;1000;0.9;0;9;instances/ash331GPIA.col;662;4185;greedy
139;7497241;5000;10;1000;1000;0.9;0;9;instances/ash331GPIA.col;662;4185;greedy
139;7593986;5000;10;1000;1000;0.9;0;9;instances/ash331GPIA.col;662;4185;greedy
139;7414925;5000;10;1000;1000;0.9;0;9;instances/ash331GPIA.col;662;4185;greedy
139;8188794;5000;10;1000;1000;0.9;0;9;instances/ash331GPIA.col;662;4185;greedy
139;7399520;5000;10;1000;1000;0.9;0;9;instances/ash331GPIA.col;662;4185;greedy
139;7366541;5000;10;1000;1000;0.9;0;9;instances/ash331GPIA.col;662;4185;greedy
139;7438496;5000;10;1000;1000;0.9;0;9;instances/ash331GPIA.col;662;4185;greedy
139;7299264;5000;10;1000;1000;0.9;0;9;instances/ash331GPIA.col;662;4185;greedy
139;7372204;5000;10;1000;1000;0.9;0;9;instances/ash331GPIA.col;662;4185;greedy
139;8560287;5000;10;1000;1000;0.9;0;9;instances/ash331GPIA.col;662;4185;greedy
139;7329978;5000;10;1000;1000;0.9;0;9;instances/ash331GPIA.col;662;4185;greedy
139;7434330;5000;10;1000;1000;0.9;0;9;instances/ash331GPIA.col;662;4185;greedy
139;7361414;5000;10;1000;1000;0.9;0;9;instances/ash331GPIA.col;662;4185;greedy
139;8070272;5000;10;1000;1000;0.9;0;9;instances/ash331GPIA.col;662;4185;greedy
139;7389184;5000;10;1000;1000;0.9;0;9;instances/ash331GPIA.col;662;4185;greedy
139;1873648;10000;10;1000;1000;0.6;0;7;instances/ash331GPIA.col;662;4185;greedy
139;1834298;10000;10;1000;1000;0.6;0;7;instances/ash331GPIA.col;662;4185;greedy
139;1875642;10000;10;1000;1000;0.6;0;7;instances/ash331GPIA.col;662;4185;greedy
139;1826195;10000;10;1000;1000;0.6;0;7;instances/ash331GPIA.col;662;4185;greedy
139;1842097;10000;10;1000;1000;0.6;0;7;instances/ash331GPIA.col;662;4185;greedy
139;1817452;10000;10;1000;1000;0.6;0;7;instances/ash331GPIA.col;662;4185;greedy
139;1803373;10000;10;1000;1000;0.6;0;7;instances/ash331GPIA.col;662;4185;greedy
139;1822847;10000;10;1000;1000;0.6;0;7;instances/ash331GPIA.col;662;4185;greedy
139;1847454;10000;10;1000;1000;0.6;0;7;instances/ash331GPIA.col;662;4185;greedy
139;1811042;10000;10;1000;1000;0.6;0;7;instances/ash331GPIA.col;662;4185;greedy
139;1837375;10000;10;1000;1000;0.6;0;7;instances/ash331GPIA.col;662;4185;greedy
139;1847054;10000;10;1000;1000;0.6;0;7;instances/ash331GPIA.col;662;4185;greedy
139;2583406;10000;10;1000;1000;0.6;0;7;instances/ash331GPIA.col;662;4185;greedy
139;1859494;10000;10;1000;1000;0.6;0;7;instances/ash331GPIA.col;662;4185;greedy
139;1833609;10000;10;1000;1000;0.6;0;7;instances/ash331GPIA.col;662;4185;greedy
139;1842510;10000;10;1000;1000;0.6;0;7;instances/ash331GPIA.col;662;4185;greedy
139;1842192;10000;10;1000;1000;0.6;0;7;instances/ash331GPIA.col;662;4185;greedy
139;1873358;10000;10;1000;1000;0.6;0;7;instances/ash331GPIA.col;662;4185;greedy
139;1845644;10000;10;1000;1000;0.6;0;7;instances/ash331GPIA.col;662;4185;greedy
139;1871394;10000;10;1000;1000;0.6;0;7;instances/ash331GPIA.col;662;4185;greedy
139;2451344;10000;10;1000;1000;0.7;0;10;instances/ash331GPIA.col;662;4185;greedy
139;2468708;10000;10;1000;1000;0.7;0;10;instances/ash331GPIA.col;662;4185;greedy
139;2489470;10000;10;1000;1000;0.7;0;10;instances/ash331GPIA.col;662;4185;greedy
139;2479776;10000;10;1000;1000;0.7;0;10;instances/ash331GPIA.col;662;4185;greedy
139;2491741;10000;10;1000;1000;0.7;0;10;instances/ash331GPIA.col;662;4185;greedy
139;2529927;10000;10;1000;1000;0.7;0;10;instances/ash331GPIA.col;662;4185;greedy
139;2479431;10000;10;1000;1000;0.7;0;10;instances/ash331GPIA.col;662;4185;greedy
139;3352979;10000;10;1000;1000;0.7;0;10;instances/ash331GPIA.col;662;4185;greedy
139;2537674;10000;10;1000;1000;0.7;0;10;instances/ash331GPIA.col;662;4185;greedy
139;2514103;10000;10;1000;1000;0.7;0;10;instances/ash331GPIA.col;662;4185;greedy
139;2580435;10000;10;1000;1000;0.7;0;10;instances/ash331GPIA.col;662;4185;greedy
139;2573631;10000;10;1000;1000;0.7;0;10;instances/ash331GPIA.col;662;4185;greedy
139;2464490;10000;10;1000;1000;0.7;0;10;instances/ash331GPIA.col;662;4185;greedy
139;2481486;10000;10;1000;1000;0.7;0;10;instances/ash331GPIA.col;662;4185;greedy
139;2486002;10000;10;1000;1000;0.7;0;10;instances/ash331GPIA.col;662;4185;greedy
139;2507016;10000;10;1000;1000;0.7;0;10;instances/ash331GPIA.col;662;4185;greedy
139;2481518;10000;10;1000;1000;0.7;0;10;instances/ash331GPIA.col;662;4185;greedy
139;2535255;10000;10;1000;1000;0.7;0;10;instances/ash331GPIA.col;662;4185;greedy
139;2517459;10000;10;1000;1000;0.7;0;10;instances/ash331GPIA.col;662;4185;greedy
139;2470643;10000;10;1000;1000;0.7;0;10;instances/ash331GPIA.col;662;4185;greedy
139;4714198;10000;10;1000;1000;0.8;0;10;instances/ash331GPIA.col;662;4185;greedy
139;3994795;10000;10;1000;1000;0.8;0;10;instances/ash331GPIA.col;662;4185;greedy
139;3967793;10000;10;1000;1000;0.8;0;10;instances/ash331GPIA.col;662;4185;greedy
139;3942708;10000;10;1000;1000;0.8;0;10;instances/ash331GPIA.col;662;4185;greedy
139;3955370;10000;10;1000;1000;0.8;0;10;instances/ash331GPIA.col;662;4185;greedy
139;3951819;10000;10;1000;1000;0.8;0;10;instances/ash331GPIA.col;662;4185;greedy
139;3975964;10000;10;1000;1000;0.8;0;10;instances/ash331GPIA.col;662;4185;greedy
139;3991164;10000;10;1000;1000;0.8;0;10;instances/ash331GPIA.col;662;4185;greedy
139;4823249;10000;10;1000;1000;0.8;0;10;instances/ash331GPIA.col;662;4185;greedy
137;3954138;10000;10;1000;1000;0.8;0;10;instances/ash331GPIA.col;662;4185;greedy
139;3907636;10000;10;1000;1000;0.8;0;10;instances/ash331GPIA.col;662;4185;greedy
139;3755945;10000;10;1000;1000;0.8;0;10;instances/ash331GPIA.col;662;4185;greedy
139;3901024;10000;10;1000;1000;0.8;0;10;instances/ash331GPIA.col;662;4185;greedy
139;3962640;10000;10;1000;1000;0.8;0;10;instances/ash331GPIA.col;662;4185;greedy
139;4003394;10000;10;1000;1000;0.8;0;10;instances/ash331GPIA.col;662;4185;greedy
139;3945054;10000;10;1000;1000;0.8;0;10;instances/ash331GPIA.col;662;4185;greedy
139;5093163;10000;10;1000;1000;0.8;0;10;instances/ash331GPIA.col;662;4185;greedy
138;4027349;10000;10;1000;1000;0.8;3;10;instances/ash331GPIA.col;662;4185;greedy
139;4023887;10000;10;1000;1000;0.8;0;10;instances/ash331GPIA.col;662;4185;greedy
139;3777254;10000;10;1000;1000;0.8;0;10;instances/ash331GPIA.col;662;4185;greedy
139;8210719;10000;10;1000;1000;0.9;0;10;instances/ash331GPIA.col;662;4185;greedy
139;8156024;10000;10;1000;1000;0.9;0;10;instances/ash331GPIA.col;662;4185;greedy
139;9197343;10000;10;1000;1000;0.9;0;10;instances/ash331GPIA.col;662;4185;greedy
139;7998993;10000;10;1000;1000;0.9;0;10;instances/ash331GPIA.col;662;4185;greedy
139;8030205;10000;10;1000;1000;0.9;0;10;instances/ash331GPIA.col;662;4185;greedy
139;8158405;10000;10;1000;1000;0.9;0;10;instances/ash331GPIA.col;662;4185;greedy
139;9123300;10000;10;1000;1000;0.9;0;10;instances/ash331GPIA.col;662;4185;greedy
138;7810212;10000;10;1000;1000;0.9;0;10;instances/ash331GPIA.col;662;4185;greedy
139;8123451;10000;10;1000;1000;0.9;0;10;instances/ash331GPIA.col;662;4185;greedy
139;8220393;10000;10;1000;1000;0.9;0;10;instances/ash331GPIA.col;662;4185;greedy
138;9289598;10000;10;1000;1000;0.9;0;10;instances/ash331GPIA.col;662;4185;greedy
139;7941530;10000;10;1000;1000;0.9;0;10;instances/ash331GPIA.col;662;4185;greedy
139;8214500;10000;10;1000;1000;0.9;0;10;instances/ash331GPIA.col;662;4185;greedy
139;8189048;10000;10;1000;1000;0.9;0;10;instances/ash331GPIA.col;662;4185;greedy
139;8292824;10000;10;1000;1000;0.9;0;10;instances/ash331GPIA.col;662;4185;greedy
139;8448671;10000;10;1000;1000;0.9;0;10;instances/ash331GPIA.col;662;4185;greedy
138;8671956;10000;10;1000;1000;0.9;0;10;instances/ash331GPIA.col;662;4185;greedy
139;8291050;10000;10;1000;1000;0.9;0;10;instances/ash331GPIA.col;662;4185;greedy
139;8948349;10000;10;1000;1000;0.9;0;10;instances/ash331GPIA.col;662;4185;greedy
137;8302788;10000;10;1000;1000;0.9;0;10;instances/ash331GPIA.col;662;4185;greedy
