275;786632;100;10;1000;1000;0.6;5780;7;instances/DSJC250.1.col;250;3218;random
281;812893;100;10;1000;1000;0.6;8217;7;instances/DSJC250.1.col;250;3218;random
296;771575;100;10;1000;1000;0.6;5500;7;instances/DSJC250.1.col;250;3218;random
303;788827;100;10;1000;1000;0.6;8736;7;instances/DSJC250.1.col;250;3218;random
281;797861;100;10;1000;1000;0.6;8720;7;instances/DSJC250.1.col;250;3218;random
289;790861;100;10;1000;1000;0.6;8612;7;instances/DSJC250.1.col;250;3218;random
297;767517;100;10;1000;1000;0.6;6955;7;instances/DSJC250.1.col;250;3218;random
288;791300;100;10;1000;1000;0.6;7416;7;instances/DSJC250.1.col;250;3218;random
299;819417;100;10;1000;1000;0.6;3714;7;instances/DSJC250.1.col;250;3218;random
299;769452;100;10;1000;1000;0.6;6690;7;instances/DSJC250.1.col;250;3218;random
284;1420721;100;10;1000;1000;0.6;7151;7;instances/DSJC250.1.col;250;3218;random
289;789218;100;10;1000;1000;0.6;8231;7;instances/DSJC250.1.col;250;3218;random
286;783618;100;10;1000;1000;0.6;7894;7;instances/DSJC250.1.col;250;3218;random
294;812117;100;10;1000;1000;0.6;5640;7;instances/DSJC250.1.col;250;3218;random
273;811705;100;10;1000;1000;0.6;8274;7;instances/DSJC250.1.col;250;3218;random
304;768439;100;10;1000;1000;0.6;1690;7;instances/DSJC250.1.col;250;3218;random
290;770745;100;10;1000;1000;0.6;3406;7;instances/DSJC250.1.col;250;3218;random
297;787491;100;10;1000;1000;0.6;8587;7;instances/DSJC250.1.col;250;3218;random
292;803752;100;10;1000;1000;0.6;8608;7;instances/DSJC250.1.col;250;3218;random
287;787555;100;10;1000;1000;0.6;7557;7;instances/DSJC250.1.col;250;3218;random
290;1142637;100;10;1000;1000;0.7;8291;7;instances/DSJC250.1.col;250;3218;random
295;1105451;100;10;1000;1000;0.7;12057;7;instances/DSJC250.1.col;250;3218;random
280;1179478;100;10;1000;1000;0.7;11474;7;instances/DSJC250.1.col;250;3218;random
292;1075508;100;10;1000;1000;0.7;11086;7;instances/DSJC250.1.col;250;3218;random
296;1067887;100;10;1000;1000;0.7;9817;7;instances/DSJC250.1.col;250;3218;random
292;1066905;100;10;1000;1000;0.7;11483;7;instances/DSJC250.1.col;250;3218;random
286;1078780;100;10;1000;1000;0.7;7174;7;instances/DSJC250.1.col;250;3218;random
282;1106241;100;10;1000;1000;0.7;10068;7;instances/DSJC250.1.col;250;3218;random
283;1093817;100;10;1000;1000;0.7;10678;7;instances/DSJC250.1.col;250;3218;random
296;1053262;100;10;1000;1000;0.7;11734;7;instances/DSJC250.1.col;250;3218;random
277;1079883;100;10;1000;1000;0.7;11667;7;instances/DSJC250.1.col;250;3218;random
295;1087693;100;10;1000;1000;0.7;336;7;instances/DSJC250.1.col;250;3218;random
298;1065649;100;10;1000;1000;0.7;8599;7;instances/DSJC250.1.col;250;3218;random
279;1096718;100;10;1000;1000;0.7;11352;7;instances/DSJC250.1.col;250;3218;random
297;1068343;100;10;1000;1000;0.7;10543;7;instances/DSJC250.1.col;250;3218;random
288;1092922;100;10;1000;1000;0.7;11510;7;instances/DSJC250.1.col;250;3218;random
293;1095506;100;10;1000;1000;0.7;11556;7;instances/DSJC250.1.col;250;3218;random
290;1107810;100;10;1000;1000;0.7;12091;7;instances/DSJC250.1.col;250;3218;random
274;1123640;100;10;1000;1000;0.7;9275;7;instances/DSJC250.1.col;250;3218;random
265;1155720;100;10;1000;1000;0.7;8684;7;instances/DSJC250.1.col;250;3218;random
282;1634051;100;10;1000;1000;0.8;17374;9;instances/DSJC250.1.col;250;3218;random
285;2188676;100;10;1000;1000;0.8;14458;9;instances/DSJC250.1.col;250;3218;random
283;1625095;100;10;1000;1000;0.8;11307;9;instances/DSJC250.1.col;250;3218;random
297;1668748;100;10;1000;1000;0.8;1714;9;instances/DSJC250.1.col;250;3218;random
288;1587960;100;10;1000;1000;0.8;12492;9;instances/DSJC250.1.col;250;3218;random
276;1574898;100;10;1000;1000;0.8;13282;9;instances/DSJC250.1.col;250;3218;random
289;1551481;100;10;1000;1000;0.8;12464;9;instances/DSJC250.1.col;250;3218;random
290;1577169;100;10;1000;1000;0.8;16554;9;instances/DSJC250.1.col;250;3218;random
264;1542602;100;10;1000;1000;0.8;8906;9;instances/DSJC250.1.col;250;3218;random
278;1543903;100;10;1000;1000;0.8;5712;9;instances/DSJC250.1.col;250;3218;random
289;1568925;100;10;1000;1000;0.8;16084;9;instances/DSJC250.1.col;250;3218;random
283;1532604;100;10;1000;1000;0.8;17313;9;instances/DSJC250.1.col;250;3218;random
288;1510223;100;10;1000;1000;0.8;14804;9;instances/DSJC250.1.col;250;3218;random
296;1550268;100;10;1000;1000;0.8;17597;9;instances/DSJC250.1.col;250;3218;random
302;1537206;100;10;1000;1000;0.8;14140;9;instances/DSJC250.1.col;250;3218;random
284;1530053;100;10;1000;1000;0.8;5611;9;instances/DSJC250.1.col;250;3218;random
290;1538477;100;10;1000;1000;0.8;9371;9;instances/DSJC250.1.col;250;3218;random
291;1548836;100;10;1000;1000;0.8;2932;9;instances/DSJC250.1.col;250;3218;random
291;1531123;100;10;1000;1000;0.8;12838;9;instances/DSJC250.1.col;250;3218;random
291;1531747;100;10;1000;1000;0.8;17077;9;instances/DSJC250.1.col;250;3218;random
280;2894053;100;10;1000;1000;0.9;997;9;instances/DSJC250.1.col;250;3218;random
286;3442508;100;10;1000;1000;0.9;32942;9;instances/DSJC250.1.col;250;3218;random
282;2948489;100;10;1000;1000;0.9;30842;9;instances/DSJC250.1.col;250;3218;random
270;3011917;100;10;1000;1000;0.9;30006;9;instances/DSJC250.1.col;250;3218;random
285;2911646;100;10;1000;1000;0.9;31914;9;instances/DSJC250.1.col;250;3218;random
284;2907425;100;10;1000;1000;0.9;30418;9;instances/DSJC250.1.col;250;3218;random
283;2937011;100;10;1000;1000;0.9;28123;9;instances/DSJC250.1.col;250;3218;random
285;2331909;100;10;1000;1000;0.9;15721;9;instances/DSJC250.1.col;250;3218;random
285;1629752;100;10;1000;1000;0.9;33019;9;instances/DSJC250.1.col;250;3218;random
282;1648594;100;10;1000;1000;0.9;28401;9;instances/DSJC250.1.col;250;3218;random
280;1569616;100;10;1000;1000;0.9;9398;9;instances/DSJC250.1.col;250;3218;random
292;1666902;100;10;1000;1000;0.9;29333;9;instances/DSJC250.1.col;250;3218;random
284;1692217;100;10;1000;1000;0.9;26899;9;instances/DSJC250.1.col;250;3218;random
291;1665271;100;10;1000;1000;0.9;29835;9;instances/DSJC250.1.col;250;3218;random
289;1773345;100;10;1000;1000;0.9;31779;9;instances/DSJC250.1.col;250;3218;random
275;2254272;100;10;1000;1000;0.9;29396;9;instances/DSJC250.1.col;250;3218;random
291;1629357;100;10;1000;1000;0.9;31054;9;instances/DSJC250.1.col;250;3218;random
279;1667114;100;10;1000;1000;0.9;31769;9;instances/DSJC250.1.col;250;3218;random
285;1715236;100;10;1000;1000;0.9;30801;9;instances/DSJC250.1.col;250;3218;random
290;1692795;100;10;1000;1000;0.9;27709;9;instances/DSJC250.1.col;250;3218;random
286;917845;1000;10;1000;1000;0.6;15315;9;instances/DSJC250.1.col;250;3218;random
288;894601;1000;10;1000;1000;0.6;1049;9;instances/DSJC250.1.col;250;3218;random
294;854750;1000;10;1000;1000;0.6;15154;9;instances/DSJC250.1.col;250;3218;random
296;974787;1000;10;1000;1000;0.6;7720;9;instances/DSJC250.1.col;250;3218;random
297;889550;1000;10;1000;1000;0.6;15202;9;instances/DSJC250.1.col;250;3218;random
290;745039;1000;10;1000;1000;0.6;3348;9;instances/DSJC250.1.col;250;3218;random
308;770296;1000;10;1000;1000;0.6;15526;9;instances/DSJC250.1.col;250;3218;random
288;849844;1000;10;1000;1000;0.6;3406;9;instances/DSJC250.1.col;250;3218;random
297;741605;1000;10;1000;1000;0.6;14421;9;instances/DSJC250.1.col;250;3218;random
285;757907;1000;10;1000;1000;0.6;5571;9;instances/DSJC250.1.col;250;3218;random
292;800364;1000;10;1000;1000;0.6;13941;9;instances/DSJC250.1.col;250;3218;random
305;737611;1000;10;1000;1000;0.6;2853;9;instances/DSJC250.1.col;250;3218;random
287;829003;1000;10;1000;1000;0.6;3703;9;instances/DSJC250.1.col;250;3218;random
293;797577;1000;10;1000;1000;0.6;11433;9;instances/DSJC250.1.col;250;3218;random
297;796039;1000;10;1000;1000;0.6;15146;9;instances/DSJC250.1.col;250;3218;random
292;813105;1000;10;1000;1000;0.6;15129;9;instances/DSJC250.1.col;250;3218;random
292;722116;1000;10;1000;1000;0.6;12179;9;instances/DSJC250.1.col;250;3218;random
301;747778;1000;10;1000;1000;0.6;9093;9;instances/DSJC250.1.col;250;3218;random
288;775321;1000;10;1000;1000;0.6;10676;9;instances/DSJC250.1.col;250;3218;random
282;752822;1000;10;1000;1000;0.6;14116;9;instances/DSJC250.1.col;250;3218;random
286;1087089;1000;10;1000;1000;0.7;21979;8;instances/DSJC250.1.col;250;3218;random
287;1126789;1000;10;1000;1000;0.7;20148;8;instances/DSJC250.1.col;250;3218;random
284;1129702;1000;10;1000;1000;0.7;19760;8;instances/DSJC250.1.col;250;3218;random
284;1050692;1000;10;1000;1000;0.7;22266;8;instances/DSJC250.1.col;250;3218;random
297;1055279;1000;10;1000;1000;0.7;13012;8;instances/DSJC250.1.col;250;3218;random
297;1047073;1000;10;1000;1000;0.7;19758;8;instances/DSJC250.1.col;250;3218;random
289;1061216;1000;10;1000;1000;0.7;21718;8;instances/DSJC250.1.col;250;3218;random
293;1075969;1000;10;1000;1000;0.7;21861;8;instances/DSJC250.1.col;250;3218;random
288;1650730;1000;10;1000;1000;0.7;22264;8;instances/DSJC250.1.col;250;3218;random
279;1123325;1000;10;1000;1000;0.7;22359;8;instances/DSJC250.1.col;250;3218;random
296;1047006;1000;10;1000;1000;0.7;14740;8;instances/DSJC250.1.col;250;3218;random
285;1062896;1000;10;1000;1000;0.7;21949;8;instances/DSJC250.1.col;250;3218;random
291;1129698;1000;10;1000;1000;0.7;21562;8;instances/DSJC250.1.col;250;3218;random
290;1049950;1000;10;1000;1000;0.7;22412;8;instances/DSJC250.1.col;250;3218;random
299;1056350;1000;10;1000;1000;0.7;8624;8;instances/DSJC250.1.col;250;3218;random
298;1086128;1000;10;1000;1000;0.7;15043;8;instances/DSJC250.1.col;250;3218;random
282;1050050;1000;10;1000;1000;0.7;21192;8;instances/DSJC250.1.col;250;3218;random
295;1087200;1000;10;1000;1000;0.7;20493;8;instances/DSJC250.1.col;250;3218;random
299;1079809;1000;10;1000;1000;0.7;21325;8;instances/DSJC250.1.col;250;3218;random
293;1048054;1000;10;1000;1000;0.7;21275;8;instances/DSJC250.1.col;250;3218;random
278;1674036;1000;10;1000;1000;0.8;33270;9;instances/DSJC250.1.col;250;3218;random
285;1609924;1000;10;1000;1000;0.8;32040;9;instances/DSJC250.1.col;250;3218;random
290;1647936;1000;10;1000;1000;0.8;27613;9;instances/DSJC250.1.col;250;3218;random
281;1634900;1000;10;1000;1000;0.8;33306;9;instances/DSJC250.1.col;250;3218;random
270;1619670;1000;10;1000;1000;0.8;14507;9;instances/DSJC250.1.col;250;3218;random
280;1672302;1000;10;1000;1000;0.8;34643;9;instances/DSJC250.1.col;250;3218;random
292;1677672;1000;10;1000;1000;0.8;25373;9;instances/DSJC250.1.col;250;3218;random
295;1750664;1000;10;1000;1000;0.8;28826;9;instances/DSJC250.1.col;250;3218;random
284;1745749;1000;10;1000;1000;0.8;33907;9;instances/DSJC250.1.col;250;3218;random
289;1664871;1000;10;1000;1000;0.8;23677;9;instances/DSJC250.1.col;250;3218;random
286;1787570;1000;10;1000;1000;0.8;18962;9;instances/DSJC250.1.col;250;3218;random
295;2383469;1000;10;1000;1000;0.8;34533;9;instances/DSJC250.1.col;250;3218;random
286;1662591;1000;10;1000;1000;0.8;33989;9;instances/DSJC250.1.col;250;3218;random
271;1713745;1000;10;1000;1000;0.8;28594;9;instances/DSJC250.1.col;250;3218;random
280;1676074;1000;10;1000;1000;0.8;30442;9;instances/DSJC250.1.col;250;3218;random
284;1772424;1000;10;1000;1000;0.8;30729;9;instances/DSJC250.1.col;250;3218;random
287;1693587;1000;10;1000;1000;0.8;7940;9;instances/DSJC250.1.col;250;3218;random
274;1746437;1000;10;1000;1000;0.8;33462;9;instances/DSJC250.1.col;250;3218;random
290;1840167;1000;10;1000;1000;0.8;31221;9;instances/DSJC250.1.col;250;3218;random
283;1769118;1000;10;1000;1000;0.8;34754;9;instances/DSJC250.1.col;250;3218;random
285;3221721;1000;10;1000;1000;0.9;68995;10;instances/DSJC250.1.col;250;3218;random
269;3269034;1000;10;1000;1000;0.9;54783;10;instances/DSJC250.1.col;250;3218;random
278;3216095;1000;10;1000;1000;0.9;65216;10;instances/DSJC250.1.col;250;3218;random
277;3265681;1000;10;1000;1000;0.9;63702;10;instances/DSJC250.1.col;250;3218;random
282;3263130;1000;10;1000;1000;0.9;68329;10;instances/DSJC250.1.col;250;3218;random
283;3811118;1000;10;1000;1000;0.9;67591;10;instances/DSJC250.1.col;250;3218;random
286;3275096;1000;10;1000;1000;0.9;65312;10;instances/DSJC250.1.col;250;3218;random
282;3282093;1000;10;1000;1000;0.9;59661;10;instances/DSJC250.1.col;250;3218;random
286;3226595;1000;10;1000;1000;0.9;64667;10;instances/DSJC250.1.col;250;3218;random
289;3276164;1000;10;1000;1000;0.9;56594;10;instances/DSJC250.1.col;250;3218;random
290;3246231;1000;10;1000;1000;0.9;5971;10;instances/DSJC250.1.col;250;3218;random
279;3203282;1000;10;1000;1000;0.9;61596;10;instances/DSJC250.1.col;250;3218;random
283;3205969;1000;10;1000;1000;0.9;67838;10;instances/DSJC250.1.col;250;3218;random
282;3212192;1000;10;1000;1000;0.9;50357;10;instances/DSJC250.1.col;250;3218;random
278;3234511;1000;10;1000;1000;0.9;64136;10;instances/DSJC250.1.col;250;3218;random
261;3871278;1000;10;1000;1000;0.9;62803;10;instances/DSJC250.1.col;250;3218;random
282;3218101;1000;10;1000;1000;0.9;68022;10;instances/DSJC250.1.col;250;3218;random
285;3284048;1000;10;1000;1000;0.9;60345;10;instances/DSJC250.1.col;250;3218;random
287;3308369;1000;10;1000;1000;0.9;68378;10;instances/DSJC250.1.col;250;3218;random
279;3247501;1000;10;1000;1000;0.9;68571;10;instances/DSJC250.1.col;250;3218;random
283;990309;5000;10;1000;1000;0.6;20145;10;instances/DSJC250.1.col;250;3218;random
300;1022528;5000;10;1000;1000;0.6;7505;10;instances/DSJC250.1.col;250;3218;random
297;976449;5000;10;1000;1000;0.6;4708;10;instances/DSJC250.1.col;250;3218;random
300;987745;5000;10;1000;1000;0.6;20235;10;instances/DSJC250.1.col;250;3218;random
300;962982;5000;10;1000;1000;0.6;9409;10;instances/DSJC250.1.col;250;3218;random
291;962691;5000;10;1000;1000;0.6;17457;10;instances/DSJC250.1.col;250;3218;random
296;955169;5000;10;1000;1000;0.6;11935;10;instances/DSJC250.1.col;250;3218;random
287;980673;5000;10;1000;1000;0.6;20534;10;instances/DSJC250.1.col;250;3218;random
301;985792;5000;10;1000;1000;0.6;17694;10;instances/DSJC250.1.col;250;3218;random
293;990491;5000;10;1000;1000;0.6;13637;10;instances/DSJC250.1.col;250;3218;random
298;971782;5000;10;1000;1000;0.6;19266;10;instances/DSJC250.1.col;250;3218;random
285;987215;5000;10;1000;1000;0.6;19463;10;instances/DSJC250.1.col;250;3218;random
281;962017;5000;10;1000;1000;0.6;3968;10;instances/DSJC250.1.col;250;3218;random
288;986199;5000;10;1000;1000;0.6;11885;10;instances/DSJC250.1.col;250;3218;random
293;978951;5000;10;1000;1000;0.6;19973;10;instances/DSJC250.1.col;250;3218;random
279;976934;5000;10;1000;1000;0.6;16436;10;instances/DSJC250.1.col;250;3218;random
299;1011174;5000;10;1000;1000;0.6;3350;10;instances/DSJC250.1.col;250;3218;random
290;1578571;5000;10;1000;1000;0.6;20394;10;instances/DSJC250.1.col;250;3218;random
286;964152;5000;10;1000;1000;0.6;19519;10;instances/DSJC250.1.col;250;3218;random
285;994024;5000;10;1000;1000;0.6;17304;10;instances/DSJC250.1.col;250;3218;random
301;1428217;5000;10;1000;1000;0.7;26880;10;instances/DSJC250.1.col;250;3218;random
284;1442251;5000;10;1000;1000;0.7;27278;10;instances/DSJC250.1.col;250;3218;random
275;1388785;5000;10;1000;1000;0.7;25040;10;instances/DSJC250.1.col;250;3218;random
296;1390923;5000;10;1000;1000;0.7;29287;10;instances/DSJC250.1.col;250;3218;random
293;1371696;5000;10;1000;1000;0.7;22216;10;instances/DSJC250.1.col;250;3218;random
290;1400233;5000;10;1000;1000;0.7;28738;10;instances/DSJC250.1.col;250;3218;random
281;1388748;5000;10;1000;1000;0.7;27533;10;instances/DSJC250.1.col;250;3218;random
288;1373694;5000;10;1000;1000;0.7;10368;10;instances/DSJC250.1.col;250;3218;random
297;1421392;5000;10;1000;1000;0.7;22798;10;instances/DSJC250.1.col;250;3218;random
281;1380851;5000;10;1000;1000;0.7;29057;10;instances/DSJC250.1.col;250;3218;random
289;1387589;5000;10;1000;1000;0.7;16089;10;instances/DSJC250.1.col;250;3218;random
283;1389648;5000;10;1000;1000;0.7;21134;10;instances/DSJC250.1.col;250;3218;random
291;1428137;5000;10;1000;1000;0.7;23605;10;instances/DSJC250.1.col;250;3218;random
297;1377643;5000;10;1000;1000;0.7;28649;10;instances/DSJC250.1.col;250;3218;random
294;1360786;5000;10;1000;1000;0.7;28898;10;instances/DSJC250.1.col;250;3218;random
292;1408505;5000;10;1000;1000;0.7;28765;10;instances/DSJC250.1.col;250;3218;random
293;1381802;5000;10;1000;1000;0.7;6800;10;instances/DSJC250.1.col;250;3218;random
293;1421711;5000;10;1000;1000;0.7;29327;10;instances/DSJC250.1.col;250;3218;random
294;1422352;5000;10;1000;1000;0.7;27911;10;instances/DSJC250.1.col;250;3218;random
299;1453744;5000;10;1000;1000;0.7;12944;10;instances/DSJC250.1.col;250;3218;random
293;2846480;5000;10;1000;1000;0.8;46345;10;instances/DSJC250.1.col;250;3218;random
287;2251866;5000;10;1000;1000;0.8;13434;10;instances/DSJC250.1.col;250;3218;random
284;2203069;5000;10;1000;1000;0.8;42698;10;instances/DSJC250.1.col;250;3218;random
290;2195013;5000;10;1000;1000;0.8;44140;10;instances/DSJC250.1.col;250;3218;random
285;2248827;5000;10;1000;1000;0.8;45252;10;instances/DSJC250.1.col;250;3218;random
280;2215732;5000;10;1000;1000;0.8;44392;10;instances/DSJC250.1.col;250;3218;random
293;2206125;5000;10;1000;1000;0.8;38634;10;instances/DSJC250.1.col;250;3218;random
290;2212979;5000;10;1000;1000;0.8;37865;10;instances/DSJC250.1.col;250;3218;random
281;2222399;5000;10;1000;1000;0.8;34777;10;instances/DSJC250.1.col;250;3218;random
294;2214423;5000;10;1000;1000;0.8;39412;10;instances/DSJC250.1.col;250;3218;random
292;2230335;5000;10;1000;1000;0.8;5830;10;instances/DSJC250.1.col;250;3218;random
287;2196010;5000;10;1000;1000;0.8;43408;10;instances/DSJC250.1.col;250;3218;random
297;2229536;5000;10;1000;1000;0.8;45860;10;instances/DSJC250.1.col;250;3218;random
297;2229514;5000;10;1000;1000;0.8;14463;10;instances/DSJC250.1.col;250;3218;random
298;2271099;5000;10;1000;1000;0.8;44095;10;instances/DSJC250.1.col;250;3218;random
270;2838491;5000;10;1000;1000;0.8;46094;10;instances/DSJC250.1.col;250;3218;random
293;2235415;5000;10;1000;1000;0.8;44135;10;instances/DSJC250.1.col;250;3218;random
295;2214219;5000;10;1000;1000;0.8;37064;10;instances/DSJC250.1.col;250;3218;random
285;2275527;5000;10;1000;1000;0.8;46085;10;instances/DSJC250.1.col;250;3218;random
284;2204564;5000;10;1000;1000;0.8;43155;10;instances/DSJC250.1.col;250;3218;random
286;4572129;5000;10;1000;1000;0.9;81880;9;instances/DSJC250.1.col;250;3218;random
282;4669189;5000;10;1000;1000;0.9;96132;9;instances/DSJC250.1.col;250;3218;random
275;4612221;5000;10;1000;1000;0.9;95949;9;instances/DSJC250.1.col;250;3218;random
267;4615983;5000;10;1000;1000;0.9;89323;9;instances/DSJC250.1.col;250;3218;random
284;5352070;5000;10;1000;1000;0.9;8282;9;instances/DSJC250.1.col;250;3218;random
270;4611125;5000;10;1000;1000;0.9;96131;9;instances/DSJC250.1.col;250;3218;random
277;4643015;5000;10;1000;1000;0.9;25742;9;instances/DSJC250.1.col;250;3218;random
284;4585077;5000;10;1000;1000;0.9;10946;9;instances/DSJC250.1.col;250;3218;random
283;4596339;5000;10;1000;1000;0.9;82851;9;instances/DSJC250.1.col;250;3218;random
256;4580350;5000;10;1000;1000;0.9;95936;9;instances/DSJC250.1.col;250;3218;random
284;4613726;5000;10;1000;1000;0.9;92844;9;instances/DSJC250.1.col;250;3218;random
286;5297133;5000;10;1000;1000;0.9;82704;9;instances/DSJC250.1.col;250;3218;random
287;4697895;5000;10;1000;1000;0.9;71483;9;instances/DSJC250.1.col;250;3218;random
286;4618623;5000;10;1000;1000;0.9;90621;9;instances/DSJC250.1.col;250;3218;random
287;4547212;5000;10;1000;1000;0.9;95682;9;instances/DSJC250.1.col;250;3218;random
291;4671740;5000;10;1000;1000;0.9;70943;9;instances/DSJC250.1.col;250;3218;random
278;4680798;5000;10;1000;1000;0.9;92470;9;instances/DSJC250.1.col;250;3218;random
290;4657941;5000;10;1000;1000;0.9;86387;9;instances/DSJC250.1.col;250;3218;random
290;5298428;5000;10;1000;1000;0.9;90914;9;instances/DSJC250.1.col;250;3218;random
277;4660180;5000;10;1000;1000;0.9;92836;9;instances/DSJC250.1.col;250;3218;random
288;1166908;10000;10;1000;1000;0.6;23302;7;instances/DSJC250.1.col;250;3218;random
268;1173854;10000;10;1000;1000;0.6;23586;7;instances/DSJC250.1.col;250;3218;random
288;1175214;10000;10;1000;1000;0.6;23128;7;instances/DSJC250.1.col;250;3218;random
296;1125241;10000;10;1000;1000;0.6;22866;7;instances/DSJC250.1.col;250;3218;random
294;1129122;10000;10;1000;1000;0.6;23174;7;instances/DSJC250.1.col;250;3218;random
288;1117226;10000;10;1000;1000;0.6;24148;7;instances/DSJC250.1.col;250;3218;random
301;1176204;10000;10;1000;1000;0.6;8831;7;instances/DSJC250.1.col;250;3218;random
282;1156011;10000;10;1000;1000;0.6;23627;7;instances/DSJC250.1.col;250;3218;random
299;1188555;10000;10;1000;1000;0.6;10388;7;instances/DSJC250.1.col;250;3218;random
299;1168067;10000;10;1000;1000;0.6;19451;7;instances/DSJC250.1.col;250;3218;random
297;1153776;10000;10;1000;1000;0.6;5846;7;instances/DSJC250.1.col;250;3218;random
285;1175866;10000;10;1000;1000;0.6;23987;7;instances/DSJC250.1.col;250;3218;random
287;1145909;10000;10;1000;1000;0.6;22945;7;instances/DSJC250.1.col;250;3218;random
295;1137280;10000;10;1000;1000;0.6;22298;7;instances/DSJC250.1.col;250;3218;random
290;1174165;10000;10;1000;1000;0.6;15865;7;instances/DSJC250.1.col;250;3218;random
290;1158793;10000;10;1000;1000;0.6;23753;7;instances/DSJC250.1.col;250;3218;random
296;1193342;10000;10;1000;1000;0.6;22303;7;instances/DSJC250.1.col;250;3218;random
294;1160150;10000;10;1000;1000;0.6;23322;7;instances/DSJC250.1.col;250;3218;random
283;1193814;10000;10;1000;1000;0.6;22836;7;instances/DSJC250.1.col;250;3218;random
297;1212687;10000;10;1000;1000;0.6;5816;7;instances/DSJC250.1.col;250;3218;random
297;1565654;10000;10;1000;1000;0.7;31716;10;instances/DSJC250.1.col;250;3218;random
280;2374514;10000;10;1000;1000;0.7;31574;10;instances/DSJC250.1.col;250;3218;random
294;1591364;10000;10;1000;1000;0.7;28496;10;instances/DSJC250.1.col;250;3218;random
276;1593202;10000;10;1000;1000;0.7;10542;10;instances/DSJC250.1.col;250;3218;random
294;1560285;10000;10;1000;1000;0.7;32327;10;instances/DSJC250.1.col;250;3218;random
289;1627804;10000;10;1000;1000;0.7;26590;10;instances/DSJC250.1.col;250;3218;random
290;1604639;10000;10;1000;1000;0.7;31300;10;instances/DSJC250.1.col;250;3218;random
299;1555008;10000;10;1000;1000;0.7;28048;10;instances/DSJC250.1.col;250;3218;random
297;1635748;10000;10;1000;1000;0.7;7821;10;instances/DSJC250.1.col;250;3218;random
290;1569357;10000;10;1000;1000;0.7;23011;10;instances/DSJC250.1.col;250;3218;random
274;1589280;10000;10;1000;1000;0.7;29917;10;instances/DSJC250.1.col;250;3218;random
287;1593964;10000;10;1000;1000;0.7;8479;10;instances/DSJC250.1.col;250;3218;random
301;1537556;10000;10;1000;1000;0.7;29557;10;instances/DSJC250.1.col;250;3218;random
293;1482261;10000;10;1000;1000;0.7;24033;10;instances/DSJC250.1.col;250;3218;random
296;1540329;10000;10;1000;1000;0.7;29859;10;instances/DSJC250.1.col;250;3218;random
273;1587969;10000;10;1000;1000;0.7;32260;10;instances/DSJC250.1.col;250;3218;random
306;1572281;10000;10;1000;1000;0.7;3853;10;instances/DSJC250.1.col;250;3218;random
287;1588047;10000;10;1000;1000;0.7;20960;10;instances/DSJC250.1.col;250;3218;random
284;1555752;10000;10;1000;1000;0.7;31594;10;instances/DSJC250.1.col;250;3218;random
300;1571223;10000;10;1000;1000;0.7;28783;10;instances/DSJC250.1.col;250;3218;random
276;2449095;10000;10;1000;1000;0.8;45578;10;instances/DSJC250.1.col;250;3218;random
282;3102452;10000;10;1000;1000;0.8;50372;10;instances/DSJC250.1.col;250;3218;random
283;2499533;10000;10;1000;1000;0.8;4205;10;instances/DSJC250.1.col;250;3218;random
292;2497855;10000;10;1000;1000;0.8;49078;10;instances/DSJC250.1.col;250;3218;random
286;2420772;10000;10;1000;1000;0.8;11340;10;instances/DSJC250.1.col;250;3218;random
295;2347941;10000;10;1000;1000;0.8;13175;10;instances/DSJC250.1.col;250;3218;random
289;2371442;10000;10;1000;1000;0.8;11065;10;instances/DSJC250.1.col;250;3218;random
286;2524607;10000;10;1000;1000;0.8;50862;10;instances/DSJC250.1.col;250;3218;random
279;2471077;10000;10;1000;1000;0.8;51557;10;instances/DSJC250.1.col;250;3218;random
289;2438678;10000;10;1000;1000;0.8;46604;10;instances/DSJC250.1.col;250;3218;random
288;2516566;10000;10;1000;1000;0.8;34130;10;instances/DSJC250.1.col;250;3218;random
288;2518676;10000;10;1000;1000;0.8;31316;10;instances/DSJC250.1.col;250;3218;random
289;2504179;10000;10;1000;1000;0.8;31435;10;instances/DSJC250.1.col;250;3218;random
274;2564006;10000;10;1000;1000;0.8;40360;10;instances/DSJC250.1.col;250;3218;random
278;3294471;10000;10;1000;1000;0.8;11376;10;instances/DSJC250.1.col;250;3218;random
289;2561604;10000;10;1000;1000;0.8;27079;10;instances/DSJC250.1.col;250;3218;random
286;2550058;10000;10;1000;1000;0.8;32006;10;instances/DSJC250.1.col;250;3218;random
284;2496141;10000;10;1000;1000;0.8;38155;10;instances/DSJC250.1.col;250;3218;random
294;2498039;10000;10;1000;1000;0.8;43181;10;instances/DSJC250.1.col;250;3218;random
287;2510633;10000;10;1000;1000;0.8;46972;10;instances/DSJC250.1.col;250;3218;random
273;4969953;10000;10;1000;1000;0.9;106434;10;instances/DSJC250.1.col;250;3218;random
286;5185741;10000;10;1000;1000;0.9;106387;10;instances/DSJC250.1.col;250;3218;random
285;5183250;10000;10;1000;1000;0.9;105653;10;instances/DSJC250.1.col;250;3218;random
280;5844442;10000;10;1000;1000;0.9;107043;10;instances/DSJC250.1.col;250;3218;random
289;5186303;10000;10;1000;1000;0.9;101263;10;instances/DSJC250.1.col;250;3218;random
286;4930863;10000;10;1000;1000;0.9;69169;10;instances/DSJC250.1.col;250;3218;random
288;5152284;10000;10;1000;1000;0.9;105564;10;instances/DSJC250.1.col;250;3218;random
290;5165555;10000;10;1000;1000;0.9;98133;10;instances/DSJC250.1.col;250;3218;random
290;5109211;10000;10;1000;1000;0.9;101471;10;instances/DSJC250.1.col;250;3218;random
283;6109378;10000;10;1000;1000;0.9;102259;10;instances/DSJC250.1.col;250;3218;random
286;5650000;10000;10;1000;1000;0.9;101360;10;instances/DSJC250.1.col;250;3218;random
278;5440855;10000;10;1000;1000;0.9;103316;10;instances/DSJC250.1.col;250;3218;random
277;5164010;10000;10;1000;1000;0.9;104210;10;instances/DSJC250.1.col;250;3218;random
285;5220959;10000;10;1000;1000;0.9;94486;10;instances/DSJC250.1.col;250;3218;random
287;5224374;10000;10;1000;1000;0.9;67170;10;instances/DSJC250.1.col;250;3218;random
295;5915959;10000;10;1000;1000;0.9;102432;10;instances/DSJC250.1.col;250;3218;random
285;5315549;10000;10;1000;1000;0.9;103625;10;instances/DSJC250.1.col;250;3218;random
281;5221980;10000;10;1000;1000;0.9;104512;10;instances/DSJC250.1.col;250;3218;random
268;5192285;10000;10;1000;1000;0.9;106057;10;instances/DSJC250.1.col;250;3218;random
283;5068423;10000;10;1000;1000;0.9;72529;10;instances/DSJC250.1.col;250;3218;random
68;431731;100;10;1000;1000;0.6;0;7;instances/DSJC250.1.col;250;3218;greedy
68;416326;100;10;1000;1000;0.6;0;7;instances/DSJC250.1.col;250;3218;greedy
68;430633;100;10;1000;1000;0.6;0;7;instances/DSJC250.1.col;250;3218;greedy
68;418355;100;10;1000;1000;0.6;0;7;instances/DSJC250.1.col;250;3218;greedy
68;410092;100;10;1000;1000;0.6;0;7;instances/DSJC250.1.col;250;3218;greedy
68;430403;100;10;1000;1000;0.6;0;7;instances/DSJC250.1.col;250;3218;greedy
68;392026;100;10;1000;1000;0.6;0;7;instances/DSJC250.1.col;250;3218;greedy
68;403202;100;10;1000;1000;0.6;0;7;instances/DSJC250.1.col;250;3218;greedy
68;409822;100;10;1000;1000;0.6;0;7;instances/DSJC250.1.col;250;3218;greedy
68;453350;100;10;1000;1000;0.6;0;7;instances/DSJC250.1.col;250;3218;greedy
68;420696;100;10;1000;1000;0.6;0;7;instances/DSJC250.1.col;250;3218;greedy
68;410625;100;10;1000;1000;0.6;0;7;instances/DSJC250.1.col;250;3218;greedy
67;396326;100;10;1000;1000;0.6;0;7;instances/DSJC250.1.col;250;3218;greedy
66;404399;100;10;1000;1000;0.6;0;7;instances/DSJC250.1.col;250;3218;greedy
68;440701;100;10;1000;1000;0.6;0;7;instances/DSJC250.1.col;250;3218;greedy
68;409426;100;10;1000;1000;0.6;0;7;instances/DSJC250.1.col;250;3218;greedy
68;411576;100;10;1000;1000;0.6;0;7;instances/DSJC250.1.col;250;3218;greedy
68;426564;100;10;1000;1000;0.6;0;7;instances/DSJC250.1.col;250;3218;greedy
68;398548;100;10;1000;1000;0.6;0;7;instances/DSJC250.1.col;250;3218;greedy
68;399389;100;10;1000;1000;0.6;0;7;instances/DSJC250.1.col;250;3218;greedy
68;572920;100;10;1000;1000;0.7;0;7;instances/DSJC250.1.col;250;3218;greedy
68;582508;100;10;1000;1000;0.7;0;7;instances/DSJC250.1.col;250;3218;greedy
67;554175;100;10;1000;1000;0.7;0;7;instances/DSJC250.1.col;250;3218;greedy
68;569002;100;10;1000;1000;0.7;0;7;instances/DSJC250.1.col;250;3218;greedy
67;557035;100;10;1000;1000;0.7;0;7;instances/DSJC250.1.col;250;3218;greedy
68;539756;100;10;1000;1000;0.7;0;7;instances/DSJC250.1.col;250;3218;greedy
68;568785;100;10;1000;1000;0.7;0;7;instances/DSJC250.1.col;250;3218;greedy
68;528908;100;10;1000;1000;0.7;0;7;instances/DSJC250.1.col;250;3218;greedy
68;555023;100;10;1000;1000;0.7;0;7;instances/DSJC250.1.col;250;3218;greedy
67;575817;100;10;1000;1000;0.7;1;7;instances/DSJC250.1.col;250;3218;greedy
68;537910;100;10;1000;1000;0.7;0;7;instances/DSJC250.1.col;250;3218;greedy
68;584703;100;10;1000;1000;0.7;0;7;instances/DSJC250.1.col;250;3218;greedy
68;607382;100;10;1000;1000;0.7;0;7;instances/DSJC250.1.col;250;3218;greedy
68;600514;100;10;1000;1000;0.7;0;7;instances/DSJC250.1.col;250;3218;greedy
68;586839;100;10;1000;1000;0.7;0;7;instances/DSJC250.1.col;250;3218;greedy
68;581922;100;10;1000;1000;0.7;0;7;instances/DSJC250.1.col;250;3218;greedy
68;572040;100;10;1000;1000;0.7;0;7;instances/DSJC250.1.col;250;3218;greedy
68;603398;100;10;1000;1000;0.7;0;7;instances/DSJC250.1.col;250;3218;greedy
68;555554;100;10;1000;1000;0.7;0;7;instances/DSJC250.1.col;250;3218;greedy
68;576777;100;10;1000;1000;0.7;0;7;instances/DSJC250.1.col;250;3218;greedy
68;812960;100;10;1000;1000;0.8;0;9;instances/DSJC250.1.col;250;3218;greedy
68;814393;100;10;1000;1000;0.8;0;9;instances/DSJC250.1.col;250;3218;greedy
68;822275;100;10;1000;1000;0.8;0;9;instances/DSJC250.1.col;250;3218;greedy
67;850828;100;10;1000;1000;0.8;0;9;instances/DSJC250.1.col;250;3218;greedy
68;817688;100;10;1000;1000;0.8;0;9;instances/DSJC250.1.col;250;3218;greedy
68;828473;100;10;1000;1000;0.8;0;9;instances/DSJC250.1.col;250;3218;greedy
68;817980;100;10;1000;1000;0.8;0;9;instances/DSJC250.1.col;250;3218;greedy
68;816634;100;10;1000;1000;0.8;0;9;instances/DSJC250.1.col;250;3218;greedy
68;861711;100;10;1000;1000;0.8;0;9;instances/DSJC250.1.col;250;3218;greedy
68;848085;100;10;1000;1000;0.8;0;9;instances/DSJC250.1.col;250;3218;greedy
68;823322;100;10;1000;1000;0.8;0;9;instances/DSJC250.1.col;250;3218;greedy
68;1459310;100;10;1000;1000;0.8;0;9;instances/DSJC250.1.col;250;3218;greedy
68;826576;100;10;1000;1000;0.8;0;9;instances/DSJC250.1.col;250;3218;greedy
68;840056;100;10;1000;1000;0.8;0;9;instances/DSJC250.1.col;250;3218;greedy
68;837349;100;10;1000;1000;0.8;0;9;instances/DSJC250.1.col;250;3218;greedy
68;838836;100;10;1000;1000;0.8;0;9;instances/DSJC250.1.col;250;3218;greedy
68;824831;100;10;1000;1000;0.8;0;9;instances/DSJC250.1.col;250;3218;greedy
68;818759;100;10;1000;1000;0.8;0;9;instances/DSJC250.1.col;250;3218;greedy
68;824337;100;10;1000;1000;0.8;0;9;instances/DSJC250.1.col;250;3218;greedy
67;838508;100;10;1000;1000;0.8;1;9;instances/DSJC250.1.col;250;3218;greedy
68;1565016;100;10;1000;1000;0.9;0;9;instances/DSJC250.1.col;250;3218;greedy
67;1605241;100;10;1000;1000;0.9;0;9;instances/DSJC250.1.col;250;3218;greedy
68;1636502;100;10;1000;1000;0.9;0;9;instances/DSJC250.1.col;250;3218;greedy
68;1554766;100;10;1000;1000;0.9;0;9;instances/DSJC250.1.col;250;3218;greedy
68;1639696;100;10;1000;1000;0.9;0;9;instances/DSJC250.1.col;250;3218;greedy
68;1656311;100;10;1000;1000;0.9;0;9;instances/DSJC250.1.col;250;3218;greedy
68;1648206;100;10;1000;1000;0.9;0;9;instances/DSJC250.1.col;250;3218;greedy
68;1613356;100;10;1000;1000;0.9;0;9;instances/DSJC250.1.col;250;3218;greedy
68;1627286;100;10;1000;1000;0.9;0;9;instances/DSJC250.1.col;250;3218;greedy
68;1641426;100;10;1000;1000;0.9;0;9;instances/DSJC250.1.col;250;3218;greedy
68;1625624;100;10;1000;1000;0.9;0;9;instances/DSJC250.1.col;250;3218;greedy
68;1600235;100;10;1000;1000;0.9;0;9;instances/DSJC250.1.col;250;3218;greedy
68;1600804;100;10;1000;1000;0.9;0;9;instances/DSJC250.1.col;250;3218;greedy
68;1557436;100;10;1000;1000;0.9;0;9;instances/DSJC250.1.col;250;3218;greedy
68;1479513;100;10;1000;1000;0.9;0;9;instances/DSJC250.1.col;250;3218;greedy
68;1450406;100;10;1000;1000;0.9;0;9;instances/DSJC250.1.col;250;3218;greedy
68;1562518;100;10;1000;1000;0.9;0;9;instances/DSJC250.1.col;250;3218;greedy
68;1654840;100;10;1000;1000;0.9;0;9;instances/DSJC250.1.col;250;3218;greedy
68;1624954;100;10;1000;1000;0.9;0;9;instances/DSJC250.1.col;250;3218;greedy
68;1642606;100;10;1000;1000;0.9;0;9;instances/DSJC250.1.col;250;3218;greedy
68;775292;1000;10;1000;1000;0.6;0;9;instances/DSJC250.1.col;250;3218;greedy
67;751242;1000;10;1000;1000;0.6;0;9;instances/DSJC250.1.col;250;3218;greedy
68;777585;1000;10;1000;1000;0.6;0;9;instances/DSJC250.1.col;250;3218;greedy
68;800773;1000;10;1000;1000;0.6;0;9;instances/DSJC250.1.col;250;3218;greedy
67;743129;1000;10;1000;1000;0.6;0;9;instances/DSJC250.1.col;250;3218;greedy
68;759670;1000;10;1000;1000;0.6;0;9;instances/DSJC250.1.col;250;3218;greedy
68;769126;1000;10;1000;1000;0.6;0;9;instances/DSJC250.1.col;250;3218;greedy
68;791929;1000;10;1000;1000;0.6;0;9;instances/DSJC250.1.col;250;3218;greedy
68;792056;1000;10;1000;1000;0.6;0;9;instances/DSJC250.1.col;250;3218;greedy
68;802741;1000;10;1000;1000;0.6;0;9;instances/DSJC250.1.col;250;3218;greedy
68;772916;1000;10;1000;1000;0.6;0;9;instances/DSJC250.1.col;250;3218;greedy
68;800701;1000;10;1000;1000;0.6;0;9;instances/DSJC250.1.col;250;3218;greedy
68;757655;1000;10;1000;1000;0.6;0;9;instances/DSJC250.1.col;250;3218;greedy
66;798995;1000;10;1000;1000;0.6;1;9;instances/DSJC250.1.col;250;3218;greedy
68;746236;1000;10;1000;1000;0.6;0;9;instances/DSJC250.1.col;250;3218;greedy
68;749597;1000;10;1000;1000;0.6;0;9;instances/DSJC250.1.col;250;3218;greedy
68;769553;1000;10;1000;1000;0.6;0;9;instances/DSJC250.1.col;250;3218;greedy
68;759652;1000;10;1000;1000;0.6;0;9;instances/DSJC250.1.col;250;3218;greedy
65;752559;1000;10;1000;1000;0.6;5;9;instances/DSJC250.1.col;250;3218;greedy
68;735607;1000;10;1000;1000;0.6;0;9;instances/DSJC250.1.col;250;3218;greedy
68;1071140;1000;10;1000;1000;0.7;0;8;instances/DSJC250.1.col;250;3218;greedy
68;1096159;1000;10;1000;1000;0.7;0;8;instances/DSJC250.1.col;250;3218;greedy
68;1108081;1000;10;1000;1000;0.7;0;8;instances/DSJC250.1.col;250;3218;greedy
68;1129202;1000;10;1000;1000;0.7;0;8;instances/DSJC250.1.col;250;3218;greedy
68;1134452;1000;10;1000;1000;0.7;0;8;instances/DSJC250.1.col;250;3218;greedy
68;1162117;1000;10;1000;1000;0.7;0;8;instances/DSJC250.1.col;250;3218;greedy
68;1092941;1000;10;1000;1000;0.7;0;8;instances/DSJC250.1.col;250;3218;greedy
68;1108005;1000;10;1000;1000;0.7;0;8;instances/DSJC250.1.col;250;3218;greedy
68;1632937;1000;10;1000;1000;0.7;0;8;instances/DSJC250.1.col;250;3218;greedy
68;1081732;1000;10;1000;1000;0.7;0;8;instances/DSJC250.1.col;250;3218;greedy
68;1074967;1000;10;1000;1000;0.7;0;8;instances/DSJC250.1.col;250;3218;greedy
68;1078510;1000;10;1000;1000;0.7;0;8;instances/DSJC250.1.col;250;3218;greedy
68;1075020;1000;10;1000;1000;0.7;0;8;instances/DSJC250.1.col;250;3218;greedy
68;993440;1000;10;1000;1000;0.7;0;8;instances/DSJC250.1.col;250;3218;greedy
68;1039557;1000;10;1000;1000;0.7;0;8;instances/DSJC250.1.col;250;3218;greedy
68;1026668;1000;10;1000;1000;0.7;0;8;instances/DSJC250.1.col;250;3218;greedy
68;1032853;1000;10;1000;1000;0.7;0;8;instances/DSJC250.1.col;250;3218;greedy
67;1124917;1000;10;1000;1000;0.7;0;8;instances/DSJC250.1.col;250;3218;greedy
68;1121015;1000;10;1000;1000;0.7;0;8;instances/DSJC250.1.col;250;3218;greedy
68;1098096;1000;10;1000;1000;0.7;0;8;instances/DSJC250.1.col;250;3218;greedy
68;1629425;1000;10;1000;1000;0.8;0;9;instances/DSJC250.1.col;250;3218;greedy
68;1647131;1000;10;1000;1000;0.8;0;9;instances/DSJC250.1.col;250;3218;greedy
68;1642588;1000;10;1000;1000;0.8;0;9;instances/DSJC250.1.col;250;3218;greedy
68;1662813;1000;10;1000;1000;0.8;0;9;instances/DSJC250.1.col;250;3218;greedy
68;1668299;1000;10;1000;1000;0.8;0;9;instances/DSJC250.1.col;250;3218;greedy
68;1634352;1000;10;1000;1000;0.8;0;9;instances/DSJC250.1.col;250;3218;greedy
68;1647733;1000;10;1000;1000;0.8;0;9;instances/DSJC250.1.col;250;3218;greedy
68;1633217;1000;10;1000;1000;0.8;0;9;instances/DSJC250.1.col;250;3218;greedy
65;1689554;1000;10;1000;1000;0.8;0;9;instances/DSJC250.1.col;250;3218;greedy
68;1728724;1000;10;1000;1000;0.8;0;9;instances/DSJC250.1.col;250;3218;greedy
68;1696424;1000;10;1000;1000;0.8;0;9;instances/DSJC250.1.col;250;3218;greedy
68;1709820;1000;10;1000;1000;0.8;0;9;instances/DSJC250.1.col;250;3218;greedy
67;2362820;1000;10;1000;1000;0.8;0;9;instances/DSJC250.1.col;250;3218;greedy
68;1693643;1000;10;1000;1000;0.8;0;9;instances/DSJC250.1.col;250;3218;greedy
68;1655136;1000;10;1000;1000;0.8;0;9;instances/DSJC250.1.col;250;3218;greedy
68;1668694;1000;10;1000;1000;0.8;0;9;instances/DSJC250.1.col;250;3218;greedy
68;1656487;1000;10;1000;1000;0.8;0;9;instances/DSJC250.1.col;250;3218;greedy
68;1617633;1000;10;1000;1000;0.8;0;9;instances/DSJC250.1.col;250;3218;greedy
68;1657677;1000;10;1000;1000;0.8;0;9;instances/DSJC250.1.col;250;3218;greedy
68;1652272;1000;10;1000;1000;0.8;0;9;instances/DSJC250.1.col;250;3218;greedy
68;3254290;1000;10;1000;1000;0.9;0;10;instances/DSJC250.1.col;250;3218;greedy
68;3268835;1000;10;1000;1000;0.9;0;10;instances/DSJC250.1.col;250;3218;greedy
68;3279909;1000;10;1000;1000;0.9;0;10;instances/DSJC250.1.col;250;3218;greedy
68;3332816;1000;10;1000;1000;0.9;0;10;instances/DSJC250.1.col;250;3218;greedy
68;3317992;1000;10;1000;1000;0.9;0;10;instances/DSJC250.1.col;250;3218;greedy
68;3954172;1000;10;1000;1000;0.9;0;10;instances/DSJC250.1.col;250;3218;greedy
68;3365694;1000;10;1000;1000;0.9;0;10;instances/DSJC250.1.col;250;3218;greedy
65;3219678;1000;10;1000;1000;0.9;0;10;instances/DSJC250.1.col;250;3218;greedy
68;3284307;1000;10;1000;1000;0.9;0;10;instances/DSJC250.1.col;250;3218;greedy
68;3221723;1000;10;1000;1000;0.9;0;10;instances/DSJC250.1.col;250;3218;greedy
68;3226624;1000;10;1000;1000;0.9;0;10;instances/DSJC250.1.col;250;3218;greedy
68;3377797;1000;10;1000;1000;0.9;0;10;instances/DSJC250.1.col;250;3218;greedy
68;3452600;1000;10;1000;1000;0.9;0;10;instances/DSJC250.1.col;250;3218;greedy
68;3358060;1000;10;1000;1000;0.9;0;10;instances/DSJC250.1.col;250;3218;greedy
68;3443037;1000;10;1000;1000;0.9;0;10;instances/DSJC250.1.col;250;3218;greedy
68;4354568;1000;10;1000;1000;0.9;0;10;instances/DSJC250.1.col;250;3218;greedy
68;3379534;1000;10;1000;1000;0.9;0;10;instances/DSJC250.1.col;250;3218;greedy
68;3343377;1000;10;1000;1000;0.9;0;10;instances/DSJC250.1.col;250;3218;greedy
66;3345349;1000;10;1000;1000;0.9;1;10;instances/DSJC250.1.col;250;3218;greedy
68;3262857;1000;10;1000;1000;0.9;0;10;instances/DSJC250.1.col;250;3218;greedy
68;972543;5000;10;1000;1000;0.6;0;10;instances/DSJC250.1.col;250;3218;greedy
68;1026979;5000;10;1000;1000;0.6;0;10;instances/DSJC250.1.col;250;3218;greedy
68;1048637;5000;10;1000;1000;0.6;0;10;instances/DSJC250.1.col;250;3218;greedy
68;1021975;5000;10;1000;1000;0.6;0;10;instances/DSJC250.1.col;250;3218;greedy
68;975287;5000;10;1000;1000;0.6;0;10;instances/DSJC250.1.col;250;3218;greedy
68;976269;5000;10;1000;1000;0.6;0;10;instances/DSJC250.1.col;250;3218;greedy
68;990252;5000;10;1000;1000;0.6;0;10;instances/DSJC250.1.col;250;3218;greedy
68;1029814;5000;10;1000;1000;0.6;0;10;instances/DSJC250.1.col;250;3218;greedy
68;980893;5000;10;1000;1000;0.6;0;10;instances/DSJC250.1.col;250;3218;greedy
68;998901;5000;10;1000;1000;0.6;0;10;instances/DSJC250.1.col;250;3218;greedy
68;1010791;5000;10;1000;1000;0.6;0;10;instances/DSJC250.1.col;250;3218;greedy
68;981665;5000;10;1000;1000;0.6;0;10;instances/DSJC250.1.col;250;3218;greedy
68;1009731;5000;10;1000;1000;0.6;0;10;instances/DSJC250.1.col;250;3218;greedy
68;1019947;5000;10;1000;1000;0.6;0;10;instances/DSJC250.1.col;250;3218;greedy
68;1004092;5000;10;1000;1000;0.6;0;10;instances/DSJC250.1.col;250;3218;greedy
68;973554;5000;10;1000;1000;0.6;0;10;instances/DSJC250.1.col;250;3218;greedy
68;1629173;5000;10;1000;1000;0.6;0;10;instances/DSJC250.1.col;250;3218;greedy
68;1007178;5000;10;1000;1000;0.6;0;10;instances/DSJC250.1.col;250;3218;greedy
68;1018904;5000;10;1000;1000;0.6;0;10;instances/DSJC250.1.col;250;3218;greedy
68;1072530;5000;10;1000;1000;0.6;0;10;instances/DSJC250.1.col;250;3218;greedy
68;1422610;5000;10;1000;1000;0.7;0;10;instances/DSJC250.1.col;250;3218;greedy
68;1378798;5000;10;1000;1000;0.7;0;10;instances/DSJC250.1.col;250;3218;greedy
68;1403957;5000;10;1000;1000;0.7;0;10;instances/DSJC250.1.col;250;3218;greedy
68;1418100;5000;10;1000;1000;0.7;0;10;instances/DSJC250.1.col;250;3218;greedy
68;1407296;5000;10;1000;1000;0.7;0;10;instances/DSJC250.1.col;250;3218;greedy
68;1428673;5000;10;1000;1000;0.7;0;10;instances/DSJC250.1.col;250;3218;greedy
68;1408337;5000;10;1000;1000;0.7;0;10;instances/DSJC250.1.col;250;3218;greedy
68;1376158;5000;10;1000;1000;0.7;0;10;instances/DSJC250.1.col;250;3218;greedy
68;1392377;5000;10;1000;1000;0.7;0;10;instances/DSJC250.1.col;250;3218;greedy
68;1420101;5000;10;1000;1000;0.7;0;10;instances/DSJC250.1.col;250;3218;greedy
68;1425925;5000;10;1000;1000;0.7;0;10;instances/DSJC250.1.col;250;3218;greedy
68;1422277;5000;10;1000;1000;0.7;0;10;instances/DSJC250.1.col;250;3218;greedy
68;1420660;5000;10;1000;1000;0.7;0;10;instances/DSJC250.1.col;250;3218;greedy
68;1385625;5000;10;1000;1000;0.7;0;10;instances/DSJC250.1.col;250;3218;greedy
68;1355610;5000;10;1000;1000;0.7;0;10;instances/DSJC250.1.col;250;3218;greedy
68;1438580;5000;10;1000;1000;0.7;0;10;instances/DSJC250.1.col;250;3218;greedy
68;1421433;5000;10;1000;1000;0.7;0;10;instances/DSJC250.1.col;250;3218;greedy
68;1457221;5000;10;1000;1000;0.7;0;10;instances/DSJC250.1.col;250;3218;greedy
68;1393984;5000;10;1000;1000;0.7;0;10;instances/DSJC250.1.col;250;3218;greedy
68;1470485;5000;10;1000;1000;0.7;0;10;instances/DSJC250.1.col;250;3218;greedy
68;2266139;5000;10;1000;1000;0.8;0;10;instances/DSJC250.1.col;250;3218;greedy
68;2252295;5000;10;1000;1000;0.8;0;10;instances/DSJC250.1.col;250;3218;greedy
68;2266423;5000;10;1000;1000;0.8;0;10;instances/DSJC250.1.col;250;3218;greedy
68;2209221;5000;10;1000;1000;0.8;0;10;instances/DSJC250.1.col;250;3218;greedy
68;2230606;5000;10;1000;1000;0.8;0;10;instances/DSJC250.1.col;250;3218;greedy
68;2305026;5000;10;1000;1000;0.8;0;10;instances/DSJC250.1.col;250;3218;greedy
68;3064579;5000;10;1000;1000;0.8;0;10;instances/DSJC250.1.col;250;3218;greedy
68;2269374;5000;10;1000;1000;0.8;0;10;instances/DSJC250.1.col;250;3218;greedy
68;2267090;5000;10;1000;1000;0.8;0;10;instances/DSJC250.1.col;250;3218;greedy
68;2211456;5000;10;1000;1000;0.8;0;10;instances/DSJC250.1.col;250;3218;greedy
68;2226179;5000;10;1000;1000;0.8;0;10;instances/DSJC250.1.col;250;3218;greedy
68;2235889;5000;10;1000;1000;0.8;0;10;instances/DSJC250.1.col;250;3218;greedy
68;2186573;5000;10;1000;1000;0.8;0;10;instances/DSJC250.1.col;250;3218;greedy
68;2188953;5000;10;1000;1000;0.8;0;10;instances/DSJC250.1.col;250;3218;greedy
68;2201154;5000;10;1000;1000;0.8;0;10;instances/DSJC250.1.col;250;3218;greedy
68;2312377;5000;10;1000;1000;0.8;0;10;instances/DSJC250.1.col;250;3218;greedy
68;2283577;5000;10;1000;1000;0.8;0;10;instances/DSJC250.1.col;250;3218;greedy
68;2210809;5000;10;1000;1000;0.8;0;10;instances/DSJC250.1.col;250;3218;greedy
68;2235633;5000;10;1000;1000;0.8;0;10;instances/DSJC250.1.col;250;3218;greedy
68;2279993;5000;10;1000;1000;0.8;0;10;instances/DSJC250.1.col;250;3218;greedy
68;5125961;5000;10;1000;1000;0.9;0;9;instances/DSJC250.1.col;250;3218;greedy
68;4619805;5000;10;1000;1000;0.9;0;9;instances/DSJC250.1.col;250;3218;greedy
68;4552284;5000;10;1000;1000;0.9;0;9;instances/DSJC250.1.col;250;3218;greedy
68;4584715;5000;10;1000;1000;0.9;0;9;instances/DSJC250.1.col;250;3218;greedy
68;4659344;5000;10;1000;1000;0.9;0;9;instances/DSJC250.1.col;250;3218;greedy
68;4616166;5000;10;1000;1000;0.9;0;9;instances/DSJC250.1.col;250;3218;greedy
67;4693810;5000;10;1000;1000;0.9;0;9;instances/DSJC250.1.col;250;3218;greedy
68;5367615;5000;10;1000;1000;0.9;0;9;instances/DSJC250.1.col;250;3218;greedy
68;4562135;5000;10;1000;1000;0.9;0;9;instances/DSJC250.1.col;250;3218;greedy
68;4599545;5000;10;1000;1000;0.9;0;9;instances/DSJC250.1.col;250;3218;greedy
68;4504048;5000;10;1000;1000;0.9;0;9;instances/DSJC250.1.col;250;3218;greedy
68;4626408;5000;10;1000;1000;0.9;0;9;instances/DSJC250.1.col;250;3218;greedy
68;4510541;5000;10;1000;1000;0.9;0;9;instances/DSJC250.1.col;250;3218;greedy
67;4706323;5000;10;1000;1000;0.9;0;9;instances/DSJC250.1.col;250;3218;greedy
68;5257910;5000;10;1000;1000;0.9;0;9;instances/DSJC250.1.col;250;3218;greedy
68;4533535;5000;10;1000;1000;0.9;0;9;instances/DSJC250.1.col;250;3218;greedy
68;4601744;5000;10;1000;1000;0.9;0;9;instances/DSJC250.1.col;250;3218;greedy
68;4439170;5000;10;1000;1000;0.9;0;9;instances/DSJC250.1.col;250;3218;greedy
68;4703755;5000;10;1000;1000;0.9;0;9;instances/DSJC250.1.col;250;3218;greedy
68;4513766;5000;10;1000;1000;0.9;0;9;instances/DSJC250.1.col;250;3218;greedy
68;1148755;10000;10;1000;1000;0.6;0;7;instances/DSJC250.1.col;250;3218;greedy
68;1156354;10000;10;1000;1000;0.6;0;7;instances/DSJC250.1.col;250;3218;greedy
68;1161074;10000;10;1000;1000;0.6;0;7;instances/DSJC250.1.col;250;3218;greedy
67;1121013;10000;10;1000;1000;0.6;0;7;instances/DSJC250.1.col;250;3218;greedy
68;1132340;10000;10;1000;1000;0.6;0;7;instances/DSJC250.1.col;250;3218;greedy
68;1130726;10000;10;1000;1000;0.6;0;7;instances/DSJC250.1.col;250;3218;greedy
68;1855639;10000;10;1000;1000;0.6;0;7;instances/DSJC250.1.col;250;3218;greedy
68;1159988;10000;10;1000;1000;0.6;0;7;instances/DSJC250.1.col;250;3218;greedy
68;1195809;10000;10;1000;1000;0.6;0;7;instances/DSJC250.1.col;250;3218;greedy
68;1140969;10000;10;1000;1000;0.6;0;7;instances/DSJC250.1.col;250;3218;greedy
68;1081715;10000;10;1000;1000;0.6;0;7;instances/DSJC250.1.col;250;3218;greedy
68;1107404;10000;10;1000;1000;0.6;0;7;instances/DSJC250.1.col;250;3218;greedy
68;1161213;10000;10;1000;1000;0.6;0;7;instances/DSJC250.1.col;250;3218;greedy
68;1151844;10000;10;1000;1000;0.6;0;7;instances/DSJC250.1.col;250;3218;greedy
68;1167402;10000;10;1000;1000;0.6;0;7;instances/DSJC250.1.col;250;3218;greedy
68;1217433;10000;10;1000;1000;0.6;0;7;instances/DSJC250.1.col;250;3218;greedy
68;1151950;10000;10;1000;1000;0.6;0;7;instances/DSJC250.1.col;250;3218;greedy
68;1122502;10000;10;1000;1000;0.6;0;7;instances/DSJC250.1.col;250;3218;greedy
68;1104948;10000;10;1000;1000;0.6;0;7;instances/DSJC250.1.col;250;3218;greedy
68;1171728;10000;10;1000;1000;0.6;0;7;instances/DSJC250.1.col;250;3218;greedy
68;1573397;10000;10;1000;1000;0.7;0;10;instances/DSJC250.1.col;250;3218;greedy
68;1569769;10000;10;1000;1000;0.7;0;10;instances/DSJC250.1.col;250;3218;greedy
68;1557908;10000;10;1000;1000;0.7;0;10;instances/DSJC250.1.col;250;3218;greedy
68;1499018;10000;10;1000;1000;0.7;0;10;instances/DSJC250.1.col;250;3218;greedy
68;1510468;10000;10;1000;1000;0.7;0;10;instances/DSJC250.1.col;250;3218;greedy
68;1575081;10000;10;1000;1000;0.7;0;10;instances/DSJC250.1.col;250;3218;greedy
68;1540065;10000;10;1000;1000;0.7;0;10;instances/DSJC250.1.col;250;3218;greedy
68;1553315;10000;10;1000;1000;0.7;0;10;instances/DSJC250.1.col;250;3218;greedy
68;1557607;10000;10;1000;1000;0.7;0;10;instances/DSJC250.1.col;250;3218;greedy
68;1570245;10000;10;1000;1000;0.7;0;10;instances/DSJC250.1.col;250;3218;greedy
68;2423235;10000;10;1000;1000;0.7;0;10;instances/DSJC250.1.col;250;3218;greedy
67;1566441;10000;10;1000;1000;0.7;0;10;instances/DSJC250.1.col;250;3218;greedy
68;1592304;10000;10;1000;1000;0.7;0;10;instances/DSJC250.1.col;250;3218;greedy
68;1615478;10000;10;1000;1000;0.7;0;10;instances/DSJC250.1.col;250;3218;greedy
66;1539920;10000;10;1000;1000;0.7;0;10;instances/DSJC250.1.col;250;3218;greedy
68;1582648;10000;10;1000;1000;0.7;0;10;instances/DSJC250.1.col;250;3218;greedy
67;1590445;10000;10;1000;1000;0.7;1;10;instances/DSJC250.1.col;250;3218;greedy
68;1566059;10000;10;1000;1000;0.7;0;10;instances/DSJC250.1.col;250;3218;greedy
68;1596797;10000;10;1000;1000;0.7;0;10;instances/DSJC250.1.col;250;3218;greedy
68;1592355;10000;10;1000;1000;0.7;0;10;instances/DSJC250.1.col;250;3218;greedy
68;2508918;10000;10;1000;1000;0.8;0;10;instances/DSJC250.1.col;250;3218;greedy
68;2457730;10000;10;1000;1000;0.8;0;10;instances/DSJC250.1.col;250;3218;greedy
68;2435948;10000;10;1000;1000;0.8;0;10;instances/DSJC250.1.col;250;3218;greedy
68;2459012;10000;10;1000;1000;0.8;0;10;instances/DSJC250.1.col;250;3218;greedy
68;2512515;10000;10;1000;1000;0.8;0;10;instances/DSJC250.1.col;250;3218;greedy
68;2455158;10000;10;1000;1000;0.8;0;10;instances/DSJC250.1.col;250;3218;greedy
68;2491742;10000;10;1000;1000;0.8;0;10;instances/DSJC250.1.col;250;3218;greedy
68;3103515;10000;10;1000;1000;0.8;0;10;instances/DSJC250.1.col;250;3218;greedy
68;2413332;10000;10;1000;1000;0.8;0;10;instances/DSJC250.1.col;250;3218;greedy
68;2473107;10000;10;1000;1000;0.8;0;10;instances/DSJC250.1.col;250;3218;greedy
67;2400657;10000;10;1000;1000;0.8;0;10;instances/DSJC250.1.col;250;3218;greedy
68;2405314;10000;10;1000;1000;0.8;0;10;instances/DSJC250.1.col;250;3218;greedy
68;2445305;10000;10;1000;1000;0.8;0;10;instances/DSJC250.1.col;250;3218;greedy
68;2464228;10000;10;1000;1000;0.8;0;10;instances/DSJC250.1.col;250;3218;greedy
68;2466963;10000;10;1000;1000;0.8;0;10;instances/DSJC250.1.col;250;3218;greedy
68;2438870;10000;10;1000;1000;0.8;0;10;instances/DSJC250.1.col;250;3218;greedy
68;2471580;10000;10;1000;1000;0.8;0;10;instances/DSJC250.1.col;250;3218;greedy
68;2447132;10000;10;1000;1000;0.8;0;10;instances/DSJC250.1.col;250;3218;greedy
68;2443241;10000;10;1000;1000;0.8;0;10;instances/DSJC250.1.col;250;3218;greedy
68;2424521;10000;10;1000;1000;0.8;0;10;instances/DSJC250.1.col;250;3218;greedy
68;5927574;10000;10;1000;1000;0.9;0;10;instances/DSJC250.1.col;250;3218;greedy
68;5091054;10000;10;1000;1000;0.9;0;10;instances/DSJC250.1.col;250;3218;greedy
68;5106052;10000;10;1000;1000;0.9;0;10;instances/DSJC250.1.col;250;3218;greedy
68;5086767;10000;10;1000;1000;0.9;0;10;instances/DSJC250.1.col;250;3218;greedy
68;4997096;10000;10;1000;1000;0.9;0;10;instances/DSJC250.1.col;250;3218;greedy
68;5085243;10000;10;1000;1000;0.9;0;10;instances/DSJC250.1.col;250;3218;greedy
68;5922467;10000;10;1000;1000;0.9;0;10;instances/DSJC250.1.col;250;3218;greedy
68;5155047;10000;10;1000;1000;0.9;0;10;instances/DSJC250.1.col;250;3218;greedy
68;5128936;10000;10;1000;1000;0.9;0;10;instances/DSJC250.1.col;250;3218;greedy
68;5033703;10000;10;1000;1000;0.9;0;10;instances/DSJC250.1.col;250;3218;greedy
67;5080256;10000;10;1000;1000;0.9;0;10;instances/DSJC250.1.col;250;3218;greedy
66;5242375;10000;10;1000;1000;0.9;0;10;instances/DSJC250.1.col;250;3218;greedy
68;5951502;10000;10;1000;1000;0.9;0;10;instances/DSJC250.1.col;250;3218;greedy
68;5208414;10000;10;1000;1000;0.9;0;10;instances/DSJC250.1.col;250;3218;greedy
68;5148107;10000;10;1000;1000;0.9;0;10;instances/DSJC250.1.col;250;3218;greedy
68;5024626;10000;10;1000;1000;0.9;0;10;instances/DSJC250.1.col;250;3218;greedy
68;5011714;10000;10;1000;1000;0.9;0;10;instances/DSJC250.1.col;250;3218;greedy
68;4988187;10000;10;1000;1000;0.9;0;10;instances/DSJC250.1.col;250;3218;greedy
68;5155836;10000;10;1000;1000;0.9;0;10;instances/DSJC250.1.col;250;3218;greedy
68;5974549;10000;10;1000;1000;0.9;0;10;instances/DSJC250.1.col;250;3218;greedy
