437;883615;100;10;1000;1000;0.6;1618;7;instances/le450_15a.col;450;8168;random
454;890600;100;10;1000;1000;0.6;2853;7;instances/le450_15a.col;450;8168;random
429;861925;100;10;1000;1000;0.6;7678;7;instances/le450_15a.col;450;8168;random
444;880984;100;10;1000;1000;0.6;6420;7;instances/le450_15a.col;450;8168;random
441;887798;100;10;1000;1000;0.6;8026;7;instances/le450_15a.col;450;8168;random
447;885316;100;10;1000;1000;0.6;7432;7;instances/le450_15a.col;450;8168;random
417;863233;100;10;1000;1000;0.6;6982;7;instances/le450_15a.col;450;8168;random
441;870468;100;10;1000;1000;0.6;2479;7;instances/le450_15a.col;450;8168;random
413;879512;100;10;1000;1000;0.6;8403;7;instances/le450_15a.col;450;8168;random
425;881067;100;10;1000;1000;0.6;8271;7;instances/le450_15a.col;450;8168;random
439;861840;100;10;1000;1000;0.6;8156;7;instances/le450_15a.col;450;8168;random
441;882133;100;10;1000;1000;0.6;6978;7;instances/le450_15a.col;450;8168;random
442;887339;100;10;1000;1000;0.6;7301;7;instances/le450_15a.col;450;8168;random
437;890543;100;10;1000;1000;0.6;6906;7;instances/le450_15a.col;450;8168;random
434;890045;100;10;1000;1000;0.6;8203;7;instances/le450_15a.col;450;8168;random
426;877389;100;10;1000;1000;0.6;6150;7;instances/le450_15a.col;450;8168;random
422;915328;100;10;1000;1000;0.6;7914;7;instances/le450_15a.col;450;8168;random
419;934200;100;10;1000;1000;0.6;7483;7;instances/le450_15a.col;450;8168;random
429;898823;100;10;1000;1000;0.6;8300;7;instances/le450_15a.col;450;8168;random
431;875578;100;10;1000;1000;0.6;5932;7;instances/le450_15a.col;450;8168;random
440;1253817;100;10;1000;1000;0.7;6159;7;instances/le450_15a.col;450;8168;random
424;1281593;100;10;1000;1000;0.7;10537;7;instances/le450_15a.col;450;8168;random
457;1240298;100;10;1000;1000;0.7;2428;7;instances/le450_15a.col;450;8168;random
424;1247595;100;10;1000;1000;0.7;11507;7;instances/le450_15a.col;450;8168;random
428;1239606;100;10;1000;1000;0.7;8199;7;instances/le450_15a.col;450;8168;random
432;1216972;100;10;1000;1000;0.7;11332;7;instances/le450_15a.col;450;8168;random
444;1922448;100;10;1000;1000;0.7;7418;7;instances/le450_15a.col;450;8168;random
397;1203047;100;10;1000;1000;0.7;11589;7;instances/le450_15a.col;450;8168;random
442;1210525;100;10;1000;1000;0.7;4828;7;instances/le450_15a.col;450;8168;random
443;1237369;100;10;1000;1000;0.7;10683;7;instances/le450_15a.col;450;8168;random
437;1227612;100;10;1000;1000;0.7;9049;7;instances/le450_15a.col;450;8168;random
426;1219245;100;10;1000;1000;0.7;7947;7;instances/le450_15a.col;450;8168;random
426;1215818;100;10;1000;1000;0.7;7745;7;instances/le450_15a.col;450;8168;random
425;1214828;100;10;1000;1000;0.7;11548;7;instances/le450_15a.col;450;8168;random
452;1230237;100;10;1000;1000;0.7;4441;7;instances/le450_15a.col;450;8168;random
426;1203510;100;10;1000;1000;0.7;10592;7;instances/le450_15a.col;450;8168;random
413;1210520;100;10;1000;1000;0.7;9466;7;instances/le450_15a.col;450;8168;random
425;1237713;100;10;1000;1000;0.7;9098;7;instances/le450_15a.col;450;8168;random
422;1207351;100;10;1000;1000;0.7;10065;7;instances/le450_15a.col;450;8168;random
436;1215399;100;10;1000;1000;0.7;10451;7;instances/le450_15a.col;450;8168;random
435;1742254;100;10;1000;1000;0.8;13357;9;instances/le450_15a.col;450;8168;random
411;1712935;100;10;1000;1000;0.8;15541;9;instances/le450_15a.col;450;8168;random
431;1755036;100;10;1000;1000;0.8;16582;9;instances/le450_15a.col;450;8168;random
437;1768177;100;10;1000;1000;0.8;13076;9;instances/le450_15a.col;450;8168;random
430;1739468;100;10;1000;1000;0.8;16131;9;instances/le450_15a.col;450;8168;random
425;1718170;100;10;1000;1000;0.8;9333;9;instances/le450_15a.col;450;8168;random
427;1780379;100;10;1000;1000;0.8;16546;9;instances/le450_15a.col;450;8168;random
427;1732803;100;10;1000;1000;0.8;14028;9;instances/le450_15a.col;450;8168;random
435;1720853;100;10;1000;1000;0.8;10576;9;instances/le450_15a.col;450;8168;random
418;1751605;100;10;1000;1000;0.8;15338;9;instances/le450_15a.col;450;8168;random
442;1718266;100;10;1000;1000;0.8;14479;9;instances/le450_15a.col;450;8168;random
438;1711075;100;10;1000;1000;0.8;4340;9;instances/le450_15a.col;450;8168;random
430;1710678;100;10;1000;1000;0.8;16279;9;instances/le450_15a.col;450;8168;random
442;1806914;100;10;1000;1000;0.8;12791;9;instances/le450_15a.col;450;8168;random
430;1869771;100;10;1000;1000;0.8;10887;9;instances/le450_15a.col;450;8168;random
422;1842261;100;10;1000;1000;0.8;14825;9;instances/le450_15a.col;450;8168;random
435;1744496;100;10;1000;1000;0.8;7339;9;instances/le450_15a.col;450;8168;random
414;2276951;100;10;1000;1000;0.8;16618;9;instances/le450_15a.col;450;8168;random
425;1868619;100;10;1000;1000;0.8;16722;9;instances/le450_15a.col;450;8168;random
432;1720660;100;10;1000;1000;0.8;12738;9;instances/le450_15a.col;450;8168;random
390;3256637;100;10;1000;1000;0.9;31711;9;instances/le450_15a.col;450;8168;random
415;3264642;100;10;1000;1000;0.9;26243;9;instances/le450_15a.col;450;8168;random
421;3274871;100;10;1000;1000;0.9;20375;9;instances/le450_15a.col;450;8168;random
432;3283817;100;10;1000;1000;0.9;17458;9;instances/le450_15a.col;450;8168;random
418;3233454;100;10;1000;1000;0.9;31476;9;instances/le450_15a.col;450;8168;random
426;3265571;100;10;1000;1000;0.9;30197;9;instances/le450_15a.col;450;8168;random
424;3271542;100;10;1000;1000;0.9;18435;9;instances/le450_15a.col;450;8168;random
429;3268881;100;10;1000;1000;0.9;25960;9;instances/le450_15a.col;450;8168;random
427;3875318;100;10;1000;1000;0.9;31618;9;instances/le450_15a.col;450;8168;random
425;3303074;100;10;1000;1000;0.9;30024;9;instances/le450_15a.col;450;8168;random
430;3302346;100;10;1000;1000;0.9;18067;9;instances/le450_15a.col;450;8168;random
419;3245677;100;10;1000;1000;0.9;25691;9;instances/le450_15a.col;450;8168;random
428;3237599;100;10;1000;1000;0.9;25101;9;instances/le450_15a.col;450;8168;random
424;3289406;100;10;1000;1000;0.9;12435;9;instances/le450_15a.col;450;8168;random
428;3333653;100;10;1000;1000;0.9;31288;9;instances/le450_15a.col;450;8168;random
428;3304832;100;10;1000;1000;0.9;27599;9;instances/le450_15a.col;450;8168;random
425;3316025;100;10;1000;1000;0.9;24840;9;instances/le450_15a.col;450;8168;random
425;3348937;100;10;1000;1000;0.9;25056;9;instances/le450_15a.col;450;8168;random
433;3978490;100;10;1000;1000;0.9;23548;9;instances/le450_15a.col;450;8168;random
413;3364635;100;10;1000;1000;0.9;26977;9;instances/le450_15a.col;450;8168;random
435;1579346;1000;10;1000;1000;0.6;10695;9;instances/le450_15a.col;450;8168;random
438;1515236;1000;10;1000;1000;0.6;7742;9;instances/le450_15a.col;450;8168;random
438;1474558;1000;10;1000;1000;0.6;7522;9;instances/le450_15a.col;450;8168;random
426;1478163;1000;10;1000;1000;0.6;10093;9;instances/le450_15a.col;450;8168;random
440;1510309;1000;10;1000;1000;0.6;12050;9;instances/le450_15a.col;450;8168;random
428;1546885;1000;10;1000;1000;0.6;14587;9;instances/le450_15a.col;450;8168;random
429;1603043;1000;10;1000;1000;0.6;13550;9;instances/le450_15a.col;450;8168;random
452;1540568;1000;10;1000;1000;0.6;2060;9;instances/le450_15a.col;450;8168;random
428;1592736;1000;10;1000;1000;0.6;14894;9;instances/le450_15a.col;450;8168;random
428;1548217;1000;10;1000;1000;0.6;13750;9;instances/le450_15a.col;450;8168;random
451;1580925;1000;10;1000;1000;0.6;12361;9;instances/le450_15a.col;450;8168;random
446;1571048;1000;10;1000;1000;0.6;14035;9;instances/le450_15a.col;450;8168;random
416;1539414;1000;10;1000;1000;0.6;13500;9;instances/le450_15a.col;450;8168;random
428;1584654;1000;10;1000;1000;0.6;14934;9;instances/le450_15a.col;450;8168;random
436;1572742;1000;10;1000;1000;0.6;7077;9;instances/le450_15a.col;450;8168;random
435;1553698;1000;10;1000;1000;0.6;13200;9;instances/le450_15a.col;450;8168;random
429;1597868;1000;10;1000;1000;0.6;14624;9;instances/le450_15a.col;450;8168;random
447;1632746;1000;10;1000;1000;0.6;14824;9;instances/le450_15a.col;450;8168;random
414;1617058;1000;10;1000;1000;0.6;13817;9;instances/le450_15a.col;450;8168;random
434;1637001;1000;10;1000;1000;0.6;11529;9;instances/le450_15a.col;450;8168;random
441;2299674;1000;10;1000;1000;0.7;20616;8;instances/le450_15a.col;450;8168;random
438;2307620;1000;10;1000;1000;0.7;17323;8;instances/le450_15a.col;450;8168;random
437;2250957;1000;10;1000;1000;0.7;19812;8;instances/le450_15a.col;450;8168;random
417;2246748;1000;10;1000;1000;0.7;20264;8;instances/le450_15a.col;450;8168;random
442;3087848;1000;10;1000;1000;0.7;17535;8;instances/le450_15a.col;450;8168;random
413;2550157;1000;10;1000;1000;0.7;17807;8;instances/le450_15a.col;450;8168;random
431;2491727;1000;10;1000;1000;0.7;18980;8;instances/le450_15a.col;450;8168;random
438;2285575;1000;10;1000;1000;0.7;19703;8;instances/le450_15a.col;450;8168;random
442;2185402;1000;10;1000;1000;0.7;5097;8;instances/le450_15a.col;450;8168;random
438;2127260;1000;10;1000;1000;0.7;17674;8;instances/le450_15a.col;450;8168;random
431;2114017;1000;10;1000;1000;0.7;21504;8;instances/le450_15a.col;450;8168;random
405;2282312;1000;10;1000;1000;0.7;21286;8;instances/le450_15a.col;450;8168;random
430;2254320;1000;10;1000;1000;0.7;5248;8;instances/le450_15a.col;450;8168;random
435;2228932;1000;10;1000;1000;0.7;18827;8;instances/le450_15a.col;450;8168;random
429;2244746;1000;10;1000;1000;0.7;21463;8;instances/le450_15a.col;450;8168;random
425;2168023;1000;10;1000;1000;0.7;21526;8;instances/le450_15a.col;450;8168;random
438;2134638;1000;10;1000;1000;0.7;11160;8;instances/le450_15a.col;450;8168;random
414;2190430;1000;10;1000;1000;0.7;13785;8;instances/le450_15a.col;450;8168;random
410;2766181;1000;10;1000;1000;0.7;20924;8;instances/le450_15a.col;450;8168;random
419;2160870;1000;10;1000;1000;0.7;20892;8;instances/le450_15a.col;450;8168;random
433;3271675;1000;10;1000;1000;0.8;25328;9;instances/le450_15a.col;450;8168;random
424;3442454;1000;10;1000;1000;0.8;32469;9;instances/le450_15a.col;450;8168;random
432;3451438;1000;10;1000;1000;0.8;23864;9;instances/le450_15a.col;450;8168;random
420;3374171;1000;10;1000;1000;0.8;12767;9;instances/le450_15a.col;450;8168;random
428;3751441;1000;10;1000;1000;0.8;33070;9;instances/le450_15a.col;450;8168;random
431;3661534;1000;10;1000;1000;0.8;29611;9;instances/le450_15a.col;450;8168;random
437;3357029;1000;10;1000;1000;0.8;30247;9;instances/le450_15a.col;450;8168;random
426;3346031;1000;10;1000;1000;0.8;32784;9;instances/le450_15a.col;450;8168;random
424;4049335;1000;10;1000;1000;0.8;32383;9;instances/le450_15a.col;450;8168;random
434;3523636;1000;10;1000;1000;0.8;32396;9;instances/le450_15a.col;450;8168;random
425;3489650;1000;10;1000;1000;0.8;31793;9;instances/le450_15a.col;450;8168;random
416;3349975;1000;10;1000;1000;0.8;32358;9;instances/le450_15a.col;450;8168;random
425;3413254;1000;10;1000;1000;0.8;31996;9;instances/le450_15a.col;450;8168;random
429;3492919;1000;10;1000;1000;0.8;9481;9;instances/le450_15a.col;450;8168;random
437;3486889;1000;10;1000;1000;0.8;30094;9;instances/le450_15a.col;450;8168;random
410;3447950;1000;10;1000;1000;0.8;32612;9;instances/le450_15a.col;450;8168;random
421;3482571;1000;10;1000;1000;0.8;11593;9;instances/le450_15a.col;450;8168;random
438;4041941;1000;10;1000;1000;0.8;31782;9;instances/le450_15a.col;450;8168;random
424;3471348;1000;10;1000;1000;0.8;30092;9;instances/le450_15a.col;450;8168;random
425;3570178;1000;10;1000;1000;0.8;29988;9;instances/le450_15a.col;450;8168;random
426;6813809;1000;10;1000;1000;0.9;58261;10;instances/le450_15a.col;450;8168;random
420;6949897;1000;10;1000;1000;0.9;61293;10;instances/le450_15a.col;450;8168;random
429;6971356;1000;10;1000;1000;0.9;62693;10;instances/le450_15a.col;450;8168;random
431;6938212;1000;10;1000;1000;0.9;66272;10;instances/le450_15a.col;450;8168;random
426;7005415;1000;10;1000;1000;0.9;5289;10;instances/le450_15a.col;450;8168;random
426;7631954;1000;10;1000;1000;0.9;61803;10;instances/le450_15a.col;450;8168;random
411;6970247;1000;10;1000;1000;0.9;64071;10;instances/le450_15a.col;450;8168;random
414;6761528;1000;10;1000;1000;0.9;65795;10;instances/le450_15a.col;450;8168;random
417;6903822;1000;10;1000;1000;0.9;66152;10;instances/le450_15a.col;450;8168;random
419;7172973;1000;10;1000;1000;0.9;62885;10;instances/le450_15a.col;450;8168;random
411;7449544;1000;10;1000;1000;0.9;62611;10;instances/le450_15a.col;450;8168;random
404;6892253;1000;10;1000;1000;0.9;65278;10;instances/le450_15a.col;450;8168;random
427;6927442;1000;10;1000;1000;0.9;59996;10;instances/le450_15a.col;450;8168;random
425;6929074;1000;10;1000;1000;0.9;10666;10;instances/le450_15a.col;450;8168;random
427;6957827;1000;10;1000;1000;0.9;64670;10;instances/le450_15a.col;450;8168;random
427;7477908;1000;10;1000;1000;0.9;61921;10;instances/le450_15a.col;450;8168;random
428;6921642;1000;10;1000;1000;0.9;62131;10;instances/le450_15a.col;450;8168;random
410;6914598;1000;10;1000;1000;0.9;62661;10;instances/le450_15a.col;450;8168;random
430;6948244;1000;10;1000;1000;0.9;65681;10;instances/le450_15a.col;450;8168;random
433;7368494;1000;10;1000;1000;0.9;42319;10;instances/le450_15a.col;450;8168;random
444;2039395;5000;10;1000;1000;0.6;14385;10;instances/le450_15a.col;450;8168;random
456;2039410;5000;10;1000;1000;0.6;5072;10;instances/le450_15a.col;450;8168;random
440;2094414;5000;10;1000;1000;0.6;17278;10;instances/le450_15a.col;450;8168;random
436;2048998;5000;10;1000;1000;0.6;18648;10;instances/le450_15a.col;450;8168;random
437;2064099;5000;10;1000;1000;0.6;19068;10;instances/le450_15a.col;450;8168;random
433;2051140;5000;10;1000;1000;0.6;4863;10;instances/le450_15a.col;450;8168;random
409;2113905;5000;10;1000;1000;0.6;19506;10;instances/le450_15a.col;450;8168;random
438;2068781;5000;10;1000;1000;0.6;10194;10;instances/le450_15a.col;450;8168;random
443;2078379;5000;10;1000;1000;0.6;2495;10;instances/le450_15a.col;450;8168;random
423;2085613;5000;10;1000;1000;0.6;17930;10;instances/le450_15a.col;450;8168;random
447;2102718;5000;10;1000;1000;0.6;15374;10;instances/le450_15a.col;450;8168;random
447;2069576;5000;10;1000;1000;0.6;18421;10;instances/le450_15a.col;450;8168;random
445;2048546;5000;10;1000;1000;0.6;1944;10;instances/le450_15a.col;450;8168;random
452;2049355;5000;10;1000;1000;0.6;6145;10;instances/le450_15a.col;450;8168;random
457;2590521;5000;10;1000;1000;0.6;19511;10;instances/le450_15a.col;450;8168;random
442;2059152;5000;10;1000;1000;0.6;16321;10;instances/le450_15a.col;450;8168;random
435;2042979;5000;10;1000;1000;0.6;17676;10;instances/le450_15a.col;450;8168;random
436;2099183;5000;10;1000;1000;0.6;19325;10;instances/le450_15a.col;450;8168;random
447;2153684;5000;10;1000;1000;0.6;11691;10;instances/le450_15a.col;450;8168;random
446;2062324;5000;10;1000;1000;0.6;18705;10;instances/le450_15a.col;450;8168;random
419;2923565;5000;10;1000;1000;0.7;26475;10;instances/le450_15a.col;450;8168;random
436;2936532;5000;10;1000;1000;0.7;27356;10;instances/le450_15a.col;450;8168;random
435;2975139;5000;10;1000;1000;0.7;27129;10;instances/le450_15a.col;450;8168;random
435;2958859;5000;10;1000;1000;0.7;20457;10;instances/le450_15a.col;450;8168;random
442;2956531;5000;10;1000;1000;0.7;9405;10;instances/le450_15a.col;450;8168;random
432;2931691;5000;10;1000;1000;0.7;12185;10;instances/le450_15a.col;450;8168;random
447;3511643;5000;10;1000;1000;0.7;23688;10;instances/le450_15a.col;450;8168;random
447;2893338;5000;10;1000;1000;0.7;26679;10;instances/le450_15a.col;450;8168;random
448;2937212;5000;10;1000;1000;0.7;22121;10;instances/le450_15a.col;450;8168;random
436;2937617;5000;10;1000;1000;0.7;19015;10;instances/le450_15a.col;450;8168;random
438;2904473;5000;10;1000;1000;0.7;21791;10;instances/le450_15a.col;450;8168;random
428;2951965;5000;10;1000;1000;0.7;16807;10;instances/le450_15a.col;450;8168;random
424;2957689;5000;10;1000;1000;0.7;26959;10;instances/le450_15a.col;450;8168;random
445;2915877;5000;10;1000;1000;0.7;27874;10;instances/le450_15a.col;450;8168;random
432;2966620;5000;10;1000;1000;0.7;27415;10;instances/le450_15a.col;450;8168;random
442;2959399;5000;10;1000;1000;0.7;16455;10;instances/le450_15a.col;450;8168;random
428;2902089;5000;10;1000;1000;0.7;26762;10;instances/le450_15a.col;450;8168;random
442;3563271;5000;10;1000;1000;0.7;24917;10;instances/le450_15a.col;450;8168;random
428;2944467;5000;10;1000;1000;0.7;27639;10;instances/le450_15a.col;450;8168;random
421;2965168;5000;10;1000;1000;0.7;27312;10;instances/le450_15a.col;450;8168;random
420;4651592;5000;10;1000;1000;0.8;44822;10;instances/le450_15a.col;450;8168;random
423;4598605;5000;10;1000;1000;0.8;41405;10;instances/le450_15a.col;450;8168;random
418;4669679;5000;10;1000;1000;0.8;43455;10;instances/le450_15a.col;450;8168;random
413;4683308;5000;10;1000;1000;0.8;42809;10;instances/le450_15a.col;450;8168;random
424;4647128;5000;10;1000;1000;0.8;42886;10;instances/le450_15a.col;450;8168;random
429;5297408;5000;10;1000;1000;0.8;44408;10;instances/le450_15a.col;450;8168;random
440;4635822;5000;10;1000;1000;0.8;44063;10;instances/le450_15a.col;450;8168;random
433;4713806;5000;10;1000;1000;0.8;21218;10;instances/le450_15a.col;450;8168;random
422;4745784;5000;10;1000;1000;0.8;44062;10;instances/le450_15a.col;450;8168;random
439;4799178;5000;10;1000;1000;0.8;20411;10;instances/le450_15a.col;450;8168;random
436;4683761;5000;10;1000;1000;0.8;44071;10;instances/le450_15a.col;450;8168;random
412;4681123;5000;10;1000;1000;0.8;40757;10;instances/le450_15a.col;450;8168;random
437;5326741;5000;10;1000;1000;0.8;44332;10;instances/le450_15a.col;450;8168;random
438;4718139;5000;10;1000;1000;0.8;23609;10;instances/le450_15a.col;450;8168;random
416;4533324;5000;10;1000;1000;0.8;42547;10;instances/le450_15a.col;450;8168;random
428;4706611;5000;10;1000;1000;0.8;43813;10;instances/le450_15a.col;450;8168;random
446;4551050;5000;10;1000;1000;0.8;42301;10;instances/le450_15a.col;450;8168;random
424;4647016;5000;10;1000;1000;0.8;44618;10;instances/le450_15a.col;450;8168;random
444;4700965;5000;10;1000;1000;0.8;21313;10;instances/le450_15a.col;450;8168;random
434;5443563;5000;10;1000;1000;0.8;42122;10;instances/le450_15a.col;450;8168;random
418;9568017;5000;10;1000;1000;0.9;86206;9;instances/le450_15a.col;450;8168;random
427;9383373;5000;10;1000;1000;0.9;92409;9;instances/le450_15a.col;450;8168;random
428;9641849;5000;10;1000;1000;0.9;89309;9;instances/le450_15a.col;450;8168;random
427;10252590;5000;10;1000;1000;0.9;91051;9;instances/le450_15a.col;450;8168;random
415;9399344;5000;10;1000;1000;0.9;87715;9;instances/le450_15a.col;450;8168;random
408;9581673;5000;10;1000;1000;0.9;76636;9;instances/le450_15a.col;450;8168;random
429;10396243;5000;10;1000;1000;0.9;46398;9;instances/le450_15a.col;450;8168;random
427;9382956;5000;10;1000;1000;0.9;91743;9;instances/le450_15a.col;450;8168;random
436;9567765;5000;10;1000;1000;0.9;82074;9;instances/le450_15a.col;450;8168;random
436;9677106;5000;10;1000;1000;0.9;71278;9;instances/le450_15a.col;450;8168;random
430;9949142;5000;10;1000;1000;0.9;35261;9;instances/le450_15a.col;450;8168;random
416;10004169;5000;10;1000;1000;0.9;90254;9;instances/le450_15a.col;450;8168;random
435;9794673;5000;10;1000;1000;0.9;81302;9;instances/le450_15a.col;450;8168;random
425;10205511;5000;10;1000;1000;0.9;82367;9;instances/le450_15a.col;450;8168;random
423;9791362;5000;10;1000;1000;0.9;88714;9;instances/le450_15a.col;450;8168;random
431;9823191;5000;10;1000;1000;0.9;34628;9;instances/le450_15a.col;450;8168;random
408;9855087;5000;10;1000;1000;0.9;88499;9;instances/le450_15a.col;450;8168;random
426;9276350;5000;10;1000;1000;0.9;91230;9;instances/le450_15a.col;450;8168;random
408;9893701;5000;10;1000;1000;0.9;86233;9;instances/le450_15a.col;450;8168;random
418;9796045;5000;10;1000;1000;0.9;92504;9;instances/le450_15a.col;450;8168;random
439;2449630;10000;10;1000;1000;0.6;4426;7;instances/le450_15a.col;450;8168;random
420;2444882;10000;10;1000;1000;0.6;18562;7;instances/le450_15a.col;450;8168;random
435;2448860;10000;10;1000;1000;0.6;15862;7;instances/le450_15a.col;450;8168;random
437;2454778;10000;10;1000;1000;0.6;22821;7;instances/le450_15a.col;450;8168;random
422;2455803;10000;10;1000;1000;0.6;21853;7;instances/le450_15a.col;450;8168;random
434;2429875;10000;10;1000;1000;0.6;22532;7;instances/le450_15a.col;450;8168;random
440;2455744;10000;10;1000;1000;0.6;21769;7;instances/le450_15a.col;450;8168;random
422;2442784;10000;10;1000;1000;0.6;21004;7;instances/le450_15a.col;450;8168;random
439;2431691;10000;10;1000;1000;0.6;9476;7;instances/le450_15a.col;450;8168;random
431;2427240;10000;10;1000;1000;0.6;17341;7;instances/le450_15a.col;450;8168;random
435;2433812;10000;10;1000;1000;0.6;22973;7;instances/le450_15a.col;450;8168;random
421;2435299;10000;10;1000;1000;0.6;21724;7;instances/le450_15a.col;450;8168;random
446;2404667;10000;10;1000;1000;0.6;22300;7;instances/le450_15a.col;450;8168;random
427;2877201;10000;10;1000;1000;0.6;22396;7;instances/le450_15a.col;450;8168;random
424;2461930;10000;10;1000;1000;0.6;21738;7;instances/le450_15a.col;450;8168;random
427;2447169;10000;10;1000;1000;0.6;22016;7;instances/le450_15a.col;450;8168;random
433;2484524;10000;10;1000;1000;0.6;23112;7;instances/le450_15a.col;450;8168;random
425;2464673;10000;10;1000;1000;0.6;17002;7;instances/le450_15a.col;450;8168;random
444;2438068;10000;10;1000;1000;0.6;22375;7;instances/le450_15a.col;450;8168;random
436;2428696;10000;10;1000;1000;0.6;19727;7;instances/le450_15a.col;450;8168;random
437;3336293;10000;10;1000;1000;0.7;20784;10;instances/le450_15a.col;450;8168;random
443;3325838;10000;10;1000;1000;0.7;30258;10;instances/le450_15a.col;450;8168;random
427;3299469;10000;10;1000;1000;0.7;28325;10;instances/le450_15a.col;450;8168;random
437;3144423;10000;10;1000;1000;0.7;26455;10;instances/le450_15a.col;450;8168;random
421;3706718;10000;10;1000;1000;0.7;30738;10;instances/le450_15a.col;450;8168;random
403;3318694;10000;10;1000;1000;0.7;30960;10;instances/le450_15a.col;450;8168;random
433;3260636;10000;10;1000;1000;0.7;31359;10;instances/le450_15a.col;450;8168;random
427;3297911;10000;10;1000;1000;0.7;31340;10;instances/le450_15a.col;450;8168;random
431;3028809;10000;10;1000;1000;0.7;28613;10;instances/le450_15a.col;450;8168;random
446;3191177;10000;10;1000;1000;0.7;17148;10;instances/le450_15a.col;450;8168;random
438;3296821;10000;10;1000;1000;0.7;29774;10;instances/le450_15a.col;450;8168;random
437;3283261;10000;10;1000;1000;0.7;19393;10;instances/le450_15a.col;450;8168;random
423;3267535;10000;10;1000;1000;0.7;23522;10;instances/le450_15a.col;450;8168;random
428;3283297;10000;10;1000;1000;0.7;27827;10;instances/le450_15a.col;450;8168;random
442;3770879;10000;10;1000;1000;0.7;8033;10;instances/le450_15a.col;450;8168;random
430;3245920;10000;10;1000;1000;0.7;15721;10;instances/le450_15a.col;450;8168;random
449;3227844;10000;10;1000;1000;0.7;26600;10;instances/le450_15a.col;450;8168;random
424;3270377;10000;10;1000;1000;0.7;30352;10;instances/le450_15a.col;450;8168;random
417;3239378;10000;10;1000;1000;0.7;30024;10;instances/le450_15a.col;450;8168;random
427;3273054;10000;10;1000;1000;0.7;31286;10;instances/le450_15a.col;450;8168;random
424;5142277;10000;10;1000;1000;0.8;43869;10;instances/le450_15a.col;450;8168;random
419;5188435;10000;10;1000;1000;0.8;46877;10;instances/le450_15a.col;450;8168;random
436;5657520;10000;10;1000;1000;0.8;34843;10;instances/le450_15a.col;450;8168;random
423;5280355;10000;10;1000;1000;0.8;44832;10;instances/le450_15a.col;450;8168;random
424;5154246;10000;10;1000;1000;0.8;48567;10;instances/le450_15a.col;450;8168;random
416;5072941;10000;10;1000;1000;0.8;49577;10;instances/le450_15a.col;450;8168;random
413;5208736;10000;10;1000;1000;0.8;48569;10;instances/le450_15a.col;450;8168;random
441;5167556;10000;10;1000;1000;0.8;46892;10;instances/le450_15a.col;450;8168;random
415;5196940;10000;10;1000;1000;0.8;43697;10;instances/le450_15a.col;450;8168;random
428;5759675;10000;10;1000;1000;0.8;46864;10;instances/le450_15a.col;450;8168;random
416;5222881;10000;10;1000;1000;0.8;48281;10;instances/le450_15a.col;450;8168;random
441;5051924;10000;10;1000;1000;0.8;46879;10;instances/le450_15a.col;450;8168;random
419;5252131;10000;10;1000;1000;0.8;46725;10;instances/le450_15a.col;450;8168;random
437;5193738;10000;10;1000;1000;0.8;48895;10;instances/le450_15a.col;450;8168;random
418;5169535;10000;10;1000;1000;0.8;49487;10;instances/le450_15a.col;450;8168;random
431;5708140;10000;10;1000;1000;0.8;48858;10;instances/le450_15a.col;450;8168;random
421;5155085;10000;10;1000;1000;0.8;48127;10;instances/le450_15a.col;450;8168;random
435;5212662;10000;10;1000;1000;0.8;37009;10;instances/le450_15a.col;450;8168;random
419;5177420;10000;10;1000;1000;0.8;44665;10;instances/le450_15a.col;450;8168;random
424;5068770;10000;10;1000;1000;0.8;36982;10;instances/le450_15a.col;450;8168;random
426;11143441;10000;10;1000;1000;0.9;89387;10;instances/le450_15a.col;450;8168;random
424;10517102;10000;10;1000;1000;0.9;95242;10;instances/le450_15a.col;450;8168;random
437;10556318;10000;10;1000;1000;0.9;86675;10;instances/le450_15a.col;450;8168;random
434;11221029;10000;10;1000;1000;0.9;38769;10;instances/le450_15a.col;450;8168;random
417;10562272;10000;10;1000;1000;0.9;61228;10;instances/le450_15a.col;450;8168;random
409;10708162;10000;10;1000;1000;0.9;101728;10;instances/le450_15a.col;450;8168;random
423;11290086;10000;10;1000;1000;0.9;93935;10;instances/le450_15a.col;450;8168;random
424;10611880;10000;10;1000;1000;0.9;95340;10;instances/le450_15a.col;450;8168;random
430;10669927;10000;10;1000;1000;0.9;100388;10;instances/le450_15a.col;450;8168;random
427;11294994;10000;10;1000;1000;0.9;100819;10;instances/le450_15a.col;450;8168;random
432;10620112;10000;10;1000;1000;0.9;97586;10;instances/le450_15a.col;450;8168;random
430;10591536;10000;10;1000;1000;0.9;77328;10;instances/le450_15a.col;450;8168;random
421;11278896;10000;10;1000;1000;0.9;95416;10;instances/le450_15a.col;450;8168;random
432;10653589;10000;10;1000;1000;0.9;99118;10;instances/le450_15a.col;450;8168;random
433;10703222;10000;10;1000;1000;0.9;54225;10;instances/le450_15a.col;450;8168;random
420;11414008;10000;10;1000;1000;0.9;101486;10;instances/le450_15a.col;450;8168;random
418;10967586;10000;10;1000;1000;0.9;58037;10;instances/le450_15a.col;450;8168;random
398;10487304;10000;10;1000;1000;0.9;98478;10;instances/le450_15a.col;450;8168;random
437;11371745;10000;10;1000;1000;0.9;95956;10;instances/le450_15a.col;450;8168;random
397;10523105;10000;10;1000;1000;0.9;101943;10;instances/le450_15a.col;450;8168;random
71;829385;100;10;1000;1000;0.6;0;7;instances/le450_15a.col;450;8168;greedy
71;841736;100;10;1000;1000;0.6;0;7;instances/le450_15a.col;450;8168;greedy
71;837300;100;10;1000;1000;0.6;0;7;instances/le450_15a.col;450;8168;greedy
71;847223;100;10;1000;1000;0.6;0;7;instances/le450_15a.col;450;8168;greedy
71;856585;100;10;1000;1000;0.6;0;7;instances/le450_15a.col;450;8168;greedy
71;828122;100;10;1000;1000;0.6;0;7;instances/le450_15a.col;450;8168;greedy
71;830677;100;10;1000;1000;0.6;0;7;instances/le450_15a.col;450;8168;greedy
69;816660;100;10;1000;1000;0.6;0;7;instances/le450_15a.col;450;8168;greedy
71;835659;100;10;1000;1000;0.6;0;7;instances/le450_15a.col;450;8168;greedy
71;816239;100;10;1000;1000;0.6;0;7;instances/le450_15a.col;450;8168;greedy
71;828952;100;10;1000;1000;0.6;0;7;instances/le450_15a.col;450;8168;greedy
71;832437;100;10;1000;1000;0.6;0;7;instances/le450_15a.col;450;8168;greedy
71;832407;100;10;1000;1000;0.6;0;7;instances/le450_15a.col;450;8168;greedy
71;842417;100;10;1000;1000;0.6;0;7;instances/le450_15a.col;450;8168;greedy
70;826266;100;10;1000;1000;0.6;0;7;instances/le450_15a.col;450;8168;greedy
71;810177;100;10;1000;1000;0.6;0;7;instances/le450_15a.col;450;8168;greedy
71;821241;100;10;1000;1000;0.6;0;7;instances/le450_15a.col;450;8168;greedy
71;863743;100;10;1000;1000;0.6;0;7;instances/le450_15a.col;450;8168;greedy
71;866288;100;10;1000;1000;0.6;0;7;instances/le450_15a.col;450;8168;greedy
71;833871;100;10;1000;1000;0.6;0;7;instances/le450_15a.col;450;8168;greedy
71;1172247;100;10;1000;1000;0.7;0;7;instances/le450_15a.col;450;8168;greedy
71;1180984;100;10;1000;1000;0.7;0;7;instances/le450_15a.col;450;8168;greedy
71;1178429;100;10;1000;1000;0.7;0;7;instances/le450_15a.col;450;8168;greedy
71;1177689;100;10;1000;1000;0.7;0;7;instances/le450_15a.col;450;8168;greedy
71;1222221;100;10;1000;1000;0.7;0;7;instances/le450_15a.col;450;8168;greedy
71;1164133;100;10;1000;1000;0.7;0;7;instances/le450_15a.col;450;8168;greedy
71;1214250;100;10;1000;1000;0.7;0;7;instances/le450_15a.col;450;8168;greedy
71;1184255;100;10;1000;1000;0.7;0;7;instances/le450_15a.col;450;8168;greedy
71;1177813;100;10;1000;1000;0.7;0;7;instances/le450_15a.col;450;8168;greedy
71;1988856;100;10;1000;1000;0.7;0;7;instances/le450_15a.col;450;8168;greedy
71;1171212;100;10;1000;1000;0.7;0;7;instances/le450_15a.col;450;8168;greedy
68;1200595;100;10;1000;1000;0.7;3;7;instances/le450_15a.col;450;8168;greedy
71;1162282;100;10;1000;1000;0.7;0;7;instances/le450_15a.col;450;8168;greedy
71;1232035;100;10;1000;1000;0.7;0;7;instances/le450_15a.col;450;8168;greedy
71;1221667;100;10;1000;1000;0.7;0;7;instances/le450_15a.col;450;8168;greedy
71;1177000;100;10;1000;1000;0.7;0;7;instances/le450_15a.col;450;8168;greedy
71;1178748;100;10;1000;1000;0.7;0;7;instances/le450_15a.col;450;8168;greedy
71;1193076;100;10;1000;1000;0.7;0;7;instances/le450_15a.col;450;8168;greedy
71;1170095;100;10;1000;1000;0.7;0;7;instances/le450_15a.col;450;8168;greedy
71;1154840;100;10;1000;1000;0.7;0;7;instances/le450_15a.col;450;8168;greedy
71;1660422;100;10;1000;1000;0.8;0;9;instances/le450_15a.col;450;8168;greedy
71;1694949;100;10;1000;1000;0.8;0;9;instances/le450_15a.col;450;8168;greedy
71;1647954;100;10;1000;1000;0.8;0;9;instances/le450_15a.col;450;8168;greedy
71;1700624;100;10;1000;1000;0.8;0;9;instances/le450_15a.col;450;8168;greedy
71;1690202;100;10;1000;1000;0.8;0;9;instances/le450_15a.col;450;8168;greedy
71;1676837;100;10;1000;1000;0.8;0;9;instances/le450_15a.col;450;8168;greedy
71;1723563;100;10;1000;1000;0.8;0;9;instances/le450_15a.col;450;8168;greedy
71;1714753;100;10;1000;1000;0.8;0;9;instances/le450_15a.col;450;8168;greedy
71;1700682;100;10;1000;1000;0.8;0;9;instances/le450_15a.col;450;8168;greedy
71;1693808;100;10;1000;1000;0.8;0;9;instances/le450_15a.col;450;8168;greedy
71;1730445;100;10;1000;1000;0.8;0;9;instances/le450_15a.col;450;8168;greedy
71;2480587;100;10;1000;1000;0.8;0;9;instances/le450_15a.col;450;8168;greedy
71;1682765;100;10;1000;1000;0.8;0;9;instances/le450_15a.col;450;8168;greedy
71;1734338;100;10;1000;1000;0.8;0;9;instances/le450_15a.col;450;8168;greedy
71;1694266;100;10;1000;1000;0.8;0;9;instances/le450_15a.col;450;8168;greedy
71;1669532;100;10;1000;1000;0.8;0;9;instances/le450_15a.col;450;8168;greedy
71;1697077;100;10;1000;1000;0.8;0;9;instances/le450_15a.col;450;8168;greedy
71;1719310;100;10;1000;1000;0.8;0;9;instances/le450_15a.col;450;8168;greedy
71;1681537;100;10;1000;1000;0.8;0;9;instances/le450_15a.col;450;8168;greedy
71;1720057;100;10;1000;1000;0.8;0;9;instances/le450_15a.col;450;8168;greedy
71;3217151;100;10;1000;1000;0.9;0;9;instances/le450_15a.col;450;8168;greedy
71;3205396;100;10;1000;1000;0.9;0;9;instances/le450_15a.col;450;8168;greedy
71;3256574;100;10;1000;1000;0.9;0;9;instances/le450_15a.col;450;8168;greedy
71;3236480;100;10;1000;1000;0.9;0;9;instances/le450_15a.col;450;8168;greedy
71;3230445;100;10;1000;1000;0.9;0;9;instances/le450_15a.col;450;8168;greedy
71;4218730;100;10;1000;1000;0.9;0;9;instances/le450_15a.col;450;8168;greedy
71;3282603;100;10;1000;1000;0.9;0;9;instances/le450_15a.col;450;8168;greedy
71;3259164;100;10;1000;1000;0.9;0;9;instances/le450_15a.col;450;8168;greedy
71;3224138;100;10;1000;1000;0.9;0;9;instances/le450_15a.col;450;8168;greedy
71;3237496;100;10;1000;1000;0.9;0;9;instances/le450_15a.col;450;8168;greedy
71;3218322;100;10;1000;1000;0.9;0;9;instances/le450_15a.col;450;8168;greedy
71;3355486;100;10;1000;1000;0.9;0;9;instances/le450_15a.col;450;8168;greedy
71;3231036;100;10;1000;1000;0.9;0;9;instances/le450_15a.col;450;8168;greedy
71;3225299;100;10;1000;1000;0.9;0;9;instances/le450_15a.col;450;8168;greedy
71;3279804;100;10;1000;1000;0.9;0;9;instances/le450_15a.col;450;8168;greedy
70;4144582;100;10;1000;1000;0.9;1;9;instances/le450_15a.col;450;8168;greedy
70;3307508;100;10;1000;1000;0.9;0;9;instances/le450_15a.col;450;8168;greedy
71;3281781;100;10;1000;1000;0.9;0;9;instances/le450_15a.col;450;8168;greedy
71;3160581;100;10;1000;1000;0.9;0;9;instances/le450_15a.col;450;8168;greedy
71;3172657;100;10;1000;1000;0.9;0;9;instances/le450_15a.col;450;8168;greedy
71;1515067;1000;10;1000;1000;0.6;0;9;instances/le450_15a.col;450;8168;greedy
71;1529114;1000;10;1000;1000;0.6;0;9;instances/le450_15a.col;450;8168;greedy
71;1505828;1000;10;1000;1000;0.6;0;9;instances/le450_15a.col;450;8168;greedy
71;1527529;1000;10;1000;1000;0.6;0;9;instances/le450_15a.col;450;8168;greedy
71;1500665;1000;10;1000;1000;0.6;0;9;instances/le450_15a.col;450;8168;greedy
71;1478455;1000;10;1000;1000;0.6;0;9;instances/le450_15a.col;450;8168;greedy
71;1516364;1000;10;1000;1000;0.6;0;9;instances/le450_15a.col;450;8168;greedy
71;1481835;1000;10;1000;1000;0.6;0;9;instances/le450_15a.col;450;8168;greedy
71;1505974;1000;10;1000;1000;0.6;0;9;instances/le450_15a.col;450;8168;greedy
71;1534207;1000;10;1000;1000;0.6;0;9;instances/le450_15a.col;450;8168;greedy
71;1526048;1000;10;1000;1000;0.6;0;9;instances/le450_15a.col;450;8168;greedy
71;2347695;1000;10;1000;1000;0.6;0;9;instances/le450_15a.col;450;8168;greedy
71;1522511;1000;10;1000;1000;0.6;0;9;instances/le450_15a.col;450;8168;greedy
71;1506990;1000;10;1000;1000;0.6;0;9;instances/le450_15a.col;450;8168;greedy
71;1506566;1000;10;1000;1000;0.6;0;9;instances/le450_15a.col;450;8168;greedy
71;1582539;1000;10;1000;1000;0.6;0;9;instances/le450_15a.col;450;8168;greedy
71;1549622;1000;10;1000;1000;0.6;0;9;instances/le450_15a.col;450;8168;greedy
71;1496348;1000;10;1000;1000;0.6;0;9;instances/le450_15a.col;450;8168;greedy
71;1499982;1000;10;1000;1000;0.6;0;9;instances/le450_15a.col;450;8168;greedy
71;1563322;1000;10;1000;1000;0.6;0;9;instances/le450_15a.col;450;8168;greedy
71;2213798;1000;10;1000;1000;0.7;0;8;instances/le450_15a.col;450;8168;greedy
71;2217359;1000;10;1000;1000;0.7;0;8;instances/le450_15a.col;450;8168;greedy
71;2188485;1000;10;1000;1000;0.7;0;8;instances/le450_15a.col;450;8168;greedy
71;2203349;1000;10;1000;1000;0.7;0;8;instances/le450_15a.col;450;8168;greedy
71;2183938;1000;10;1000;1000;0.7;0;8;instances/le450_15a.col;450;8168;greedy
71;2172834;1000;10;1000;1000;0.7;0;8;instances/le450_15a.col;450;8168;greedy
71;2168768;1000;10;1000;1000;0.7;0;8;instances/le450_15a.col;450;8168;greedy
71;2190220;1000;10;1000;1000;0.7;0;8;instances/le450_15a.col;450;8168;greedy
71;3067718;1000;10;1000;1000;0.7;0;8;instances/le450_15a.col;450;8168;greedy
71;2204685;1000;10;1000;1000;0.7;0;8;instances/le450_15a.col;450;8168;greedy
71;2184799;1000;10;1000;1000;0.7;0;8;instances/le450_15a.col;450;8168;greedy
71;2188408;1000;10;1000;1000;0.7;0;8;instances/le450_15a.col;450;8168;greedy
71;2189593;1000;10;1000;1000;0.7;0;8;instances/le450_15a.col;450;8168;greedy
71;2072979;1000;10;1000;1000;0.7;0;8;instances/le450_15a.col;450;8168;greedy
71;2101023;1000;10;1000;1000;0.7;0;8;instances/le450_15a.col;450;8168;greedy
71;2132194;1000;10;1000;1000;0.7;0;8;instances/le450_15a.col;450;8168;greedy
71;2250440;1000;10;1000;1000;0.7;0;8;instances/le450_15a.col;450;8168;greedy
71;2173248;1000;10;1000;1000;0.7;0;8;instances/le450_15a.col;450;8168;greedy
71;2189360;1000;10;1000;1000;0.7;0;8;instances/le450_15a.col;450;8168;greedy
71;2188060;1000;10;1000;1000;0.7;0;8;instances/le450_15a.col;450;8168;greedy
71;3418592;1000;10;1000;1000;0.8;0;9;instances/le450_15a.col;450;8168;greedy
71;3401740;1000;10;1000;1000;0.8;0;9;instances/le450_15a.col;450;8168;greedy
71;4268070;1000;10;1000;1000;0.8;0;9;instances/le450_15a.col;450;8168;greedy
71;3405128;1000;10;1000;1000;0.8;0;9;instances/le450_15a.col;450;8168;greedy
71;3380534;1000;10;1000;1000;0.8;0;9;instances/le450_15a.col;450;8168;greedy
71;3166396;1000;10;1000;1000;0.8;0;9;instances/le450_15a.col;450;8168;greedy
71;3326363;1000;10;1000;1000;0.8;0;9;instances/le450_15a.col;450;8168;greedy
71;3425909;1000;10;1000;1000;0.8;0;9;instances/le450_15a.col;450;8168;greedy
71;3465503;1000;10;1000;1000;0.8;0;9;instances/le450_15a.col;450;8168;greedy
71;3403001;1000;10;1000;1000;0.8;0;9;instances/le450_15a.col;450;8168;greedy
71;3371425;1000;10;1000;1000;0.8;0;9;instances/le450_15a.col;450;8168;greedy
71;4300572;1000;10;1000;1000;0.8;0;9;instances/le450_15a.col;450;8168;greedy
71;3411920;1000;10;1000;1000;0.8;0;9;instances/le450_15a.col;450;8168;greedy
71;3393148;1000;10;1000;1000;0.8;0;9;instances/le450_15a.col;450;8168;greedy
71;3271591;1000;10;1000;1000;0.8;0;9;instances/le450_15a.col;450;8168;greedy
71;3201386;1000;10;1000;1000;0.8;0;9;instances/le450_15a.col;450;8168;greedy
70;3383016;1000;10;1000;1000;0.8;0;9;instances/le450_15a.col;450;8168;greedy
71;3342000;1000;10;1000;1000;0.8;0;9;instances/le450_15a.col;450;8168;greedy
71;3397384;1000;10;1000;1000;0.8;0;9;instances/le450_15a.col;450;8168;greedy
71;3435097;1000;10;1000;1000;0.8;0;9;instances/le450_15a.col;450;8168;greedy
71;7744071;1000;10;1000;1000;0.9;0;10;instances/le450_15a.col;450;8168;greedy
71;6764858;1000;10;1000;1000;0.9;0;10;instances/le450_15a.col;450;8168;greedy
71;6495135;1000;10;1000;1000;0.9;0;10;instances/le450_15a.col;450;8168;greedy
71;6786446;1000;10;1000;1000;0.9;0;10;instances/le450_15a.col;450;8168;greedy
71;6871523;1000;10;1000;1000;0.9;0;10;instances/le450_15a.col;450;8168;greedy
71;6811765;1000;10;1000;1000;0.9;0;10;instances/le450_15a.col;450;8168;greedy
71;6976664;1000;10;1000;1000;0.9;0;10;instances/le450_15a.col;450;8168;greedy
71;7932270;1000;10;1000;1000;0.9;0;10;instances/le450_15a.col;450;8168;greedy
71;7061842;1000;10;1000;1000;0.9;0;10;instances/le450_15a.col;450;8168;greedy
71;6921091;1000;10;1000;1000;0.9;0;10;instances/le450_15a.col;450;8168;greedy
71;6829641;1000;10;1000;1000;0.9;0;10;instances/le450_15a.col;450;8168;greedy
70;6654356;1000;10;1000;1000;0.9;0;10;instances/le450_15a.col;450;8168;greedy
71;6449830;1000;10;1000;1000;0.9;0;10;instances/le450_15a.col;450;8168;greedy
71;6695681;1000;10;1000;1000;0.9;0;10;instances/le450_15a.col;450;8168;greedy
71;7617039;1000;10;1000;1000;0.9;0;10;instances/le450_15a.col;450;8168;greedy
71;6929082;1000;10;1000;1000;0.9;0;10;instances/le450_15a.col;450;8168;greedy
71;6633541;1000;10;1000;1000;0.9;0;10;instances/le450_15a.col;450;8168;greedy
71;6833688;1000;10;1000;1000;0.9;0;10;instances/le450_15a.col;450;8168;greedy
71;6908332;1000;10;1000;1000;0.9;0;10;instances/le450_15a.col;450;8168;greedy
71;7576525;1000;10;1000;1000;0.9;0;10;instances/le450_15a.col;450;8168;greedy
71;2078671;5000;10;1000;1000;0.6;0;10;instances/le450_15a.col;450;8168;greedy
71;2033919;5000;10;1000;1000;0.6;0;10;instances/le450_15a.col;450;8168;greedy
71;1965361;5000;10;1000;1000;0.6;0;10;instances/le450_15a.col;450;8168;greedy
69;1891655;5000;10;1000;1000;0.6;1;10;instances/le450_15a.col;450;8168;greedy
71;1961790;5000;10;1000;1000;0.6;0;10;instances/le450_15a.col;450;8168;greedy
71;2055360;5000;10;1000;1000;0.6;0;10;instances/le450_15a.col;450;8168;greedy
71;2074794;5000;10;1000;1000;0.6;0;10;instances/le450_15a.col;450;8168;greedy
71;2154862;5000;10;1000;1000;0.6;0;10;instances/le450_15a.col;450;8168;greedy
71;2029040;5000;10;1000;1000;0.6;0;10;instances/le450_15a.col;450;8168;greedy
71;2036158;5000;10;1000;1000;0.6;0;10;instances/le450_15a.col;450;8168;greedy
71;2062493;5000;10;1000;1000;0.6;0;10;instances/le450_15a.col;450;8168;greedy
71;2082079;5000;10;1000;1000;0.6;0;10;instances/le450_15a.col;450;8168;greedy
71;2059875;5000;10;1000;1000;0.6;0;10;instances/le450_15a.col;450;8168;greedy
71;2815492;5000;10;1000;1000;0.6;0;10;instances/le450_15a.col;450;8168;greedy
71;2159799;5000;10;1000;1000;0.6;0;10;instances/le450_15a.col;450;8168;greedy
71;2080563;5000;10;1000;1000;0.6;0;10;instances/le450_15a.col;450;8168;greedy
71;2120861;5000;10;1000;1000;0.6;0;10;instances/le450_15a.col;450;8168;greedy
71;2018084;5000;10;1000;1000;0.6;0;10;instances/le450_15a.col;450;8168;greedy
71;1912769;5000;10;1000;1000;0.6;0;10;instances/le450_15a.col;450;8168;greedy
71;1899005;5000;10;1000;1000;0.6;0;10;instances/le450_15a.col;450;8168;greedy
71;2991112;5000;10;1000;1000;0.7;0;10;instances/le450_15a.col;450;8168;greedy
71;3010098;5000;10;1000;1000;0.7;0;10;instances/le450_15a.col;450;8168;greedy
71;2917371;5000;10;1000;1000;0.7;0;10;instances/le450_15a.col;450;8168;greedy
71;2918487;5000;10;1000;1000;0.7;0;10;instances/le450_15a.col;450;8168;greedy
71;2906483;5000;10;1000;1000;0.7;0;10;instances/le450_15a.col;450;8168;greedy
71;2931806;5000;10;1000;1000;0.7;0;10;instances/le450_15a.col;450;8168;greedy
69;3662448;5000;10;1000;1000;0.7;1;10;instances/le450_15a.col;450;8168;greedy
71;2899971;5000;10;1000;1000;0.7;0;10;instances/le450_15a.col;450;8168;greedy
71;2898278;5000;10;1000;1000;0.7;0;10;instances/le450_15a.col;450;8168;greedy
71;2819361;5000;10;1000;1000;0.7;0;10;instances/le450_15a.col;450;8168;greedy
71;2740648;5000;10;1000;1000;0.7;0;10;instances/le450_15a.col;450;8168;greedy
71;2889087;5000;10;1000;1000;0.7;0;10;instances/le450_15a.col;450;8168;greedy
71;2891867;5000;10;1000;1000;0.7;0;10;instances/le450_15a.col;450;8168;greedy
71;2897037;5000;10;1000;1000;0.7;0;10;instances/le450_15a.col;450;8168;greedy
71;2895290;5000;10;1000;1000;0.7;0;10;instances/le450_15a.col;450;8168;greedy
71;2919790;5000;10;1000;1000;0.7;0;10;instances/le450_15a.col;450;8168;greedy
71;2882999;5000;10;1000;1000;0.7;0;10;instances/le450_15a.col;450;8168;greedy
71;3607634;5000;10;1000;1000;0.7;0;10;instances/le450_15a.col;450;8168;greedy
71;2883507;5000;10;1000;1000;0.7;0;10;instances/le450_15a.col;450;8168;greedy
71;2922637;5000;10;1000;1000;0.7;0;10;instances/le450_15a.col;450;8168;greedy
71;4419577;5000;10;1000;1000;0.8;0;10;instances/le450_15a.col;450;8168;greedy
71;4525154;5000;10;1000;1000;0.8;0;10;instances/le450_15a.col;450;8168;greedy
71;4548242;5000;10;1000;1000;0.8;0;10;instances/le450_15a.col;450;8168;greedy
71;4594883;5000;10;1000;1000;0.8;0;10;instances/le450_15a.col;450;8168;greedy
71;4591340;5000;10;1000;1000;0.8;0;10;instances/le450_15a.col;450;8168;greedy
71;5453453;5000;10;1000;1000;0.8;0;10;instances/le450_15a.col;450;8168;greedy
71;4678801;5000;10;1000;1000;0.8;0;10;instances/le450_15a.col;450;8168;greedy
71;4360263;5000;10;1000;1000;0.8;0;10;instances/le450_15a.col;450;8168;greedy
71;4545965;5000;10;1000;1000;0.8;0;10;instances/le450_15a.col;450;8168;greedy
71;4558734;5000;10;1000;1000;0.8;0;10;instances/le450_15a.col;450;8168;greedy
71;4658186;5000;10;1000;1000;0.8;0;10;instances/le450_15a.col;450;8168;greedy
71;4677678;5000;10;1000;1000;0.8;0;10;instances/le450_15a.col;450;8168;greedy
71;5428433;5000;10;1000;1000;0.8;0;10;instances/le450_15a.col;450;8168;greedy
71;4686985;5000;10;1000;1000;0.8;0;10;instances/le450_15a.col;450;8168;greedy
71;4376353;5000;10;1000;1000;0.8;0;10;instances/le450_15a.col;450;8168;greedy
71;4513228;5000;10;1000;1000;0.8;0;10;instances/le450_15a.col;450;8168;greedy
71;4547900;5000;10;1000;1000;0.8;0;10;instances/le450_15a.col;450;8168;greedy
71;4641168;5000;10;1000;1000;0.8;0;10;instances/le450_15a.col;450;8168;greedy
71;4635708;5000;10;1000;1000;0.8;0;10;instances/le450_15a.col;450;8168;greedy
71;5398441;5000;10;1000;1000;0.8;0;10;instances/le450_15a.col;450;8168;greedy
71;9367675;5000;10;1000;1000;0.9;0;9;instances/le450_15a.col;450;8168;greedy
71;9408813;5000;10;1000;1000;0.9;0;9;instances/le450_15a.col;450;8168;greedy
71;9549921;5000;10;1000;1000;0.9;0;9;instances/le450_15a.col;450;8168;greedy
71;10377210;5000;10;1000;1000;0.9;0;9;instances/le450_15a.col;450;8168;greedy
71;9261960;5000;10;1000;1000;0.9;0;9;instances/le450_15a.col;450;8168;greedy
71;9581186;5000;10;1000;1000;0.9;0;9;instances/le450_15a.col;450;8168;greedy
71;9544410;5000;10;1000;1000;0.9;0;9;instances/le450_15a.col;450;8168;greedy
70;9819151;5000;10;1000;1000;0.9;0;9;instances/le450_15a.col;450;8168;greedy
71;10595133;5000;10;1000;1000;0.9;0;9;instances/le450_15a.col;450;8168;greedy
71;9244098;5000;10;1000;1000;0.9;0;9;instances/le450_15a.col;450;8168;greedy
71;9544264;5000;10;1000;1000;0.9;0;9;instances/le450_15a.col;450;8168;greedy
71;10171913;5000;10;1000;1000;0.9;0;9;instances/le450_15a.col;450;8168;greedy
71;9362289;5000;10;1000;1000;0.9;0;9;instances/le450_15a.col;450;8168;greedy
71;9580931;5000;10;1000;1000;0.9;0;9;instances/le450_15a.col;450;8168;greedy
71;10084658;5000;10;1000;1000;0.9;0;9;instances/le450_15a.col;450;8168;greedy
71;9470601;5000;10;1000;1000;0.9;0;9;instances/le450_15a.col;450;8168;greedy
71;9548061;5000;10;1000;1000;0.9;0;9;instances/le450_15a.col;450;8168;greedy
71;9450932;5000;10;1000;1000;0.9;0;9;instances/le450_15a.col;450;8168;greedy
71;10129626;5000;10;1000;1000;0.9;0;9;instances/le450_15a.col;450;8168;greedy
71;9569170;5000;10;1000;1000;0.9;0;9;instances/le450_15a.col;450;8168;greedy
71;2393869;10000;10;1000;1000;0.6;0;7;instances/le450_15a.col;450;8168;greedy
71;2461786;10000;10;1000;1000;0.6;0;7;instances/le450_15a.col;450;8168;greedy
71;2429031;10000;10;1000;1000;0.6;0;7;instances/le450_15a.col;450;8168;greedy
71;2403916;10000;10;1000;1000;0.6;0;7;instances/le450_15a.col;450;8168;greedy
71;2380111;10000;10;1000;1000;0.6;0;7;instances/le450_15a.col;450;8168;greedy
71;2360008;10000;10;1000;1000;0.6;0;7;instances/le450_15a.col;450;8168;greedy
71;3011336;10000;10;1000;1000;0.6;0;7;instances/le450_15a.col;450;8168;greedy
69;2375806;10000;10;1000;1000;0.6;0;7;instances/le450_15a.col;450;8168;greedy
70;2488972;10000;10;1000;1000;0.6;1;7;instances/le450_15a.col;450;8168;greedy
71;2361271;10000;10;1000;1000;0.6;0;7;instances/le450_15a.col;450;8168;greedy
71;2454108;10000;10;1000;1000;0.6;0;7;instances/le450_15a.col;450;8168;greedy
71;2437373;10000;10;1000;1000;0.6;0;7;instances/le450_15a.col;450;8168;greedy
71;2374857;10000;10;1000;1000;0.6;0;7;instances/le450_15a.col;450;8168;greedy
71;2404903;10000;10;1000;1000;0.6;0;7;instances/le450_15a.col;450;8168;greedy
71;2368068;10000;10;1000;1000;0.6;0;7;instances/le450_15a.col;450;8168;greedy
71;2334369;10000;10;1000;1000;0.6;0;7;instances/le450_15a.col;450;8168;greedy
71;2355899;10000;10;1000;1000;0.6;0;7;instances/le450_15a.col;450;8168;greedy
71;2370142;10000;10;1000;1000;0.6;0;7;instances/le450_15a.col;450;8168;greedy
71;2415400;10000;10;1000;1000;0.6;0;7;instances/le450_15a.col;450;8168;greedy
71;2420277;10000;10;1000;1000;0.6;0;7;instances/le450_15a.col;450;8168;greedy
71;4005814;10000;10;1000;1000;0.7;0;10;instances/le450_15a.col;450;8168;greedy
71;3227525;10000;10;1000;1000;0.7;0;10;instances/le450_15a.col;450;8168;greedy
71;3196741;10000;10;1000;1000;0.7;0;10;instances/le450_15a.col;450;8168;greedy
71;3298080;10000;10;1000;1000;0.7;0;10;instances/le450_15a.col;450;8168;greedy
71;3251137;10000;10;1000;1000;0.7;0;10;instances/le450_15a.col;450;8168;greedy
71;3187852;10000;10;1000;1000;0.7;0;10;instances/le450_15a.col;450;8168;greedy
71;3208618;10000;10;1000;1000;0.7;0;10;instances/le450_15a.col;450;8168;greedy
71;3330562;10000;10;1000;1000;0.7;0;10;instances/le450_15a.col;450;8168;greedy
71;3189173;10000;10;1000;1000;0.7;0;10;instances/le450_15a.col;450;8168;greedy
71;3213011;10000;10;1000;1000;0.7;0;10;instances/le450_15a.col;450;8168;greedy
71;3926388;10000;10;1000;1000;0.7;0;10;instances/le450_15a.col;450;8168;greedy
71;3298536;10000;10;1000;1000;0.7;0;10;instances/le450_15a.col;450;8168;greedy
71;3244139;10000;10;1000;1000;0.7;0;10;instances/le450_15a.col;450;8168;greedy
71;3174457;10000;10;1000;1000;0.7;0;10;instances/le450_15a.col;450;8168;greedy
71;3166237;10000;10;1000;1000;0.7;0;10;instances/le450_15a.col;450;8168;greedy
71;3282725;10000;10;1000;1000;0.7;0;10;instances/le450_15a.col;450;8168;greedy
71;3277785;10000;10;1000;1000;0.7;0;10;instances/le450_15a.col;450;8168;greedy
71;3264484;10000;10;1000;1000;0.7;0;10;instances/le450_15a.col;450;8168;greedy
71;3287612;10000;10;1000;1000;0.7;0;10;instances/le450_15a.col;450;8168;greedy
71;3226801;10000;10;1000;1000;0.7;0;10;instances/le450_15a.col;450;8168;greedy
71;5899410;10000;10;1000;1000;0.8;0;10;instances/le450_15a.col;450;8168;greedy
71;4964177;10000;10;1000;1000;0.8;0;10;instances/le450_15a.col;450;8168;greedy
71;5011902;10000;10;1000;1000;0.8;0;10;instances/le450_15a.col;450;8168;greedy
71;5086981;10000;10;1000;1000;0.8;0;10;instances/le450_15a.col;450;8168;greedy
71;5233533;10000;10;1000;1000;0.8;0;10;instances/le450_15a.col;450;8168;greedy
71;5123122;10000;10;1000;1000;0.8;0;10;instances/le450_15a.col;450;8168;greedy
71;5804045;10000;10;1000;1000;0.8;0;10;instances/le450_15a.col;450;8168;greedy
70;4956705;10000;10;1000;1000;0.8;0;10;instances/le450_15a.col;450;8168;greedy
71;4970278;10000;10;1000;1000;0.8;0;10;instances/le450_15a.col;450;8168;greedy
71;5026099;10000;10;1000;1000;0.8;0;10;instances/le450_15a.col;450;8168;greedy
71;5121931;10000;10;1000;1000;0.8;0;10;instances/le450_15a.col;450;8168;greedy
71;5032934;10000;10;1000;1000;0.8;0;10;instances/le450_15a.col;450;8168;greedy
71;5831881;10000;10;1000;1000;0.8;0;10;instances/le450_15a.col;450;8168;greedy
71;5056527;10000;10;1000;1000;0.8;0;10;instances/le450_15a.col;450;8168;greedy
71;5153688;10000;10;1000;1000;0.8;0;10;instances/le450_15a.col;450;8168;greedy
71;5061525;10000;10;1000;1000;0.8;0;10;instances/le450_15a.col;450;8168;greedy
71;4991093;10000;10;1000;1000;0.8;0;10;instances/le450_15a.col;450;8168;greedy
71;5129990;10000;10;1000;1000;0.8;0;10;instances/le450_15a.col;450;8168;greedy
71;5144978;10000;10;1000;1000;0.8;0;10;instances/le450_15a.col;450;8168;greedy
70;6049153;10000;10;1000;1000;0.8;1;10;instances/le450_15a.col;450;8168;greedy
71;10411646;10000;10;1000;1000;0.9;0;10;instances/le450_15a.col;450;8168;greedy
71;10343474;10000;10;1000;1000;0.9;0;10;instances/le450_15a.col;450;8168;greedy
71;11374993;10000;10;1000;1000;0.9;0;10;instances/le450_15a.col;450;8168;greedy
71;10472551;10000;10;1000;1000;0.9;0;10;instances/le450_15a.col;450;8168;greedy
71;10538592;10000;10;1000;1000;0.9;0;10;instances/le450_15a.col;450;8168;greedy
71;11154095;10000;10;1000;1000;0.9;0;10;instances/le450_15a.col;450;8168;greedy
71;10414410;10000;10;1000;1000;0.9;0;10;instances/le450_15a.col;450;8168;greedy
71;10546472;10000;10;1000;1000;0.9;0;10;instances/le450_15a.col;450;8168;greedy
71;11254050;10000;10;1000;1000;0.9;0;10;instances/le450_15a.col;450;8168;greedy
71;10544270;10000;10;1000;1000;0.9;0;10;instances/le450_15a.col;450;8168;greedy
71;10519278;10000;10;1000;1000;0.9;0;10;instances/le450_15a.col;450;8168;greedy
71;11169928;10000;10;1000;1000;0.9;0;10;instances/le450_15a.col;450;8168;greedy
71;10584385;10000;10;1000;1000;0.9;0;10;instances/le450_15a.col;450;8168;greedy
71;10502267;10000;10;1000;1000;0.9;0;10;instances/le450_15a.col;450;8168;greedy
71;11229728;10000;10;1000;1000;0.9;0;10;instances/le450_15a.col;450;8168;greedy
71;10558560;10000;10;1000;1000;0.9;0;10;instances/le450_15a.col;450;8168;greedy
71;10417443;10000;10;1000;1000;0.9;0;10;instances/le450_15a.col;450;8168;greedy
71;10359452;10000;10;1000;1000;0.9;0;10;instances/le450_15a.col;450;8168;greedy
71;11149724;10000;10;1000;1000;0.9;0;10;instances/le450_15a.col;450;8168;greedy
71;10430661;10000;10;1000;1000;0.9;0;10;instances/le450_15a.col;450;8168;greedy
