742;2372588;100;10;1000;1000;0.6;4966;7;instances/qg.order30.col;900;26100;random
742;2481933;100;10;1000;1000;0.6;7844;7;instances/qg.order30.col;900;26100;random
760;2414573;100;10;1000;1000;0.6;8044;7;instances/qg.order30.col;900;26100;random
755;2460130;100;10;1000;1000;0.6;5885;7;instances/qg.order30.col;900;26100;random
757;2437436;100;10;1000;1000;0.6;7359;7;instances/qg.order30.col;900;26100;random
776;2372226;100;10;1000;1000;0.6;4919;7;instances/qg.order30.col;900;26100;random
747;2418183;100;10;1000;1000;0.6;7211;7;instances/qg.order30.col;900;26100;random
756;2398576;100;10;1000;1000;0.6;5223;7;instances/qg.order30.col;900;26100;random
721;3107816;100;10;1000;1000;0.6;7292;7;instances/qg.order30.col;900;26100;random
710;2361786;100;10;1000;1000;0.6;8214;7;instances/qg.order30.col;900;26100;random
725;2343293;100;10;1000;1000;0.6;6934;7;instances/qg.order30.col;900;26100;random
744;2395565;100;10;1000;1000;0.6;7160;7;instances/qg.order30.col;900;26100;random
737;2351720;100;10;1000;1000;0.6;6033;7;instances/qg.order30.col;900;26100;random
733;2367811;100;10;1000;1000;0.6;6873;7;instances/qg.order30.col;900;26100;random
736;2344645;100;10;1000;1000;0.6;6334;7;instances/qg.order30.col;900;26100;random
761;2388455;100;10;1000;1000;0.6;5242;7;instances/qg.order30.col;900;26100;random
756;2352579;100;10;1000;1000;0.6;7028;7;instances/qg.order30.col;900;26100;random
701;2333118;100;10;1000;1000;0.6;7391;7;instances/qg.order30.col;900;26100;random
746;2407223;100;10;1000;1000;0.6;7487;7;instances/qg.order30.col;900;26100;random
762;2403801;100;10;1000;1000;0.6;7598;7;instances/qg.order30.col;900;26100;random
744;3302845;100;10;1000;1000;0.7;8980;7;instances/qg.order30.col;900;26100;random
752;4120215;100;10;1000;1000;0.7;2532;7;instances/qg.order30.col;900;26100;random
724;3345321;100;10;1000;1000;0.7;9361;7;instances/qg.order30.col;900;26100;random
734;3342523;100;10;1000;1000;0.7;8916;7;instances/qg.order30.col;900;26100;random
733;3341595;100;10;1000;1000;0.7;10632;7;instances/qg.order30.col;900;26100;random
739;3281508;100;10;1000;1000;0.7;8722;7;instances/qg.order30.col;900;26100;random
739;3296872;100;10;1000;1000;0.7;9651;7;instances/qg.order30.col;900;26100;random
747;3305334;100;10;1000;1000;0.7;5036;7;instances/qg.order30.col;900;26100;random
729;3336369;100;10;1000;1000;0.7;11631;7;instances/qg.order30.col;900;26100;random
746;3318431;100;10;1000;1000;0.7;10676;7;instances/qg.order30.col;900;26100;random
745;4116231;100;10;1000;1000;0.7;11721;7;instances/qg.order30.col;900;26100;random
741;3301319;100;10;1000;1000;0.7;10991;7;instances/qg.order30.col;900;26100;random
702;3305070;100;10;1000;1000;0.7;11484;7;instances/qg.order30.col;900;26100;random
748;3314599;100;10;1000;1000;0.7;10964;7;instances/qg.order30.col;900;26100;random
753;3310189;100;10;1000;1000;0.7;5521;7;instances/qg.order30.col;900;26100;random
748;3291887;100;10;1000;1000;0.7;11502;7;instances/qg.order30.col;900;26100;random
725;3260610;100;10;1000;1000;0.7;11035;7;instances/qg.order30.col;900;26100;random
732;3242444;100;10;1000;1000;0.7;9620;7;instances/qg.order30.col;900;26100;random
735;3346704;100;10;1000;1000;0.7;2556;7;instances/qg.order30.col;900;26100;random
758;3371275;100;10;1000;1000;0.7;10839;7;instances/qg.order30.col;900;26100;random
746;5644845;100;10;1000;1000;0.8;5110;9;instances/qg.order30.col;900;26100;random
722;4865215;100;10;1000;1000;0.8;16498;9;instances/qg.order30.col;900;26100;random
746;4764186;100;10;1000;1000;0.8;14583;9;instances/qg.order30.col;900;26100;random
689;4775261;100;10;1000;1000;0.8;16114;9;instances/qg.order30.col;900;26100;random
743;4631842;100;10;1000;1000;0.8;12444;9;instances/qg.order30.col;900;26100;random
743;4706809;100;10;1000;1000;0.8;4552;9;instances/qg.order30.col;900;26100;random
739;4712260;100;10;1000;1000;0.8;14439;9;instances/qg.order30.col;900;26100;random
745;4799276;100;10;1000;1000;0.8;11994;9;instances/qg.order30.col;900;26100;random
738;4794942;100;10;1000;1000;0.8;11892;9;instances/qg.order30.col;900;26100;random
731;4836818;100;10;1000;1000;0.8;14883;9;instances/qg.order30.col;900;26100;random
711;5654648;100;10;1000;1000;0.8;14934;9;instances/qg.order30.col;900;26100;random
724;4767111;100;10;1000;1000;0.8;15854;9;instances/qg.order30.col;900;26100;random
737;4714214;100;10;1000;1000;0.8;15977;9;instances/qg.order30.col;900;26100;random
717;4808148;100;10;1000;1000;0.8;14975;9;instances/qg.order30.col;900;26100;random
707;4711216;100;10;1000;1000;0.8;16312;9;instances/qg.order30.col;900;26100;random
728;4788321;100;10;1000;1000;0.8;14820;9;instances/qg.order30.col;900;26100;random
734;4805125;100;10;1000;1000;0.8;13984;9;instances/qg.order30.col;900;26100;random
709;5600924;100;10;1000;1000;0.8;10308;9;instances/qg.order30.col;900;26100;random
693;4780813;100;10;1000;1000;0.8;15584;9;instances/qg.order30.col;900;26100;random
727;4752585;100;10;1000;1000;0.8;10375;9;instances/qg.order30.col;900;26100;random
702;8972497;100;10;1000;1000;0.9;27173;9;instances/qg.order30.col;900;26100;random
741;8959628;100;10;1000;1000;0.9;31826;9;instances/qg.order30.col;900;26100;random
736;9781176;100;10;1000;1000;0.9;27186;9;instances/qg.order30.col;900;26100;random
714;9171440;100;10;1000;1000;0.9;30888;9;instances/qg.order30.col;900;26100;random
712;9040606;100;10;1000;1000;0.9;31960;9;instances/qg.order30.col;900;26100;random
719;9770051;100;10;1000;1000;0.9;29095;9;instances/qg.order30.col;900;26100;random
697;9051834;100;10;1000;1000;0.9;28609;9;instances/qg.order30.col;900;26100;random
726;8955406;100;10;1000;1000;0.9;27332;9;instances/qg.order30.col;900;26100;random
728;9045585;100;10;1000;1000;0.9;31354;9;instances/qg.order30.col;900;26100;random
726;9894251;100;10;1000;1000;0.9;31645;9;instances/qg.order30.col;900;26100;random
747;9162592;100;10;1000;1000;0.9;19225;9;instances/qg.order30.col;900;26100;random
707;9211943;100;10;1000;1000;0.9;31317;9;instances/qg.order30.col;900;26100;random
720;9790544;100;10;1000;1000;0.9;31461;9;instances/qg.order30.col;900;26100;random
732;9046134;100;10;1000;1000;0.9;14737;9;instances/qg.order30.col;900;26100;random
709;8851438;100;10;1000;1000;0.9;28130;9;instances/qg.order30.col;900;26100;random
723;8968338;100;10;1000;1000;0.9;24448;9;instances/qg.order30.col;900;26100;random
721;9981349;100;10;1000;1000;0.9;28732;9;instances/qg.order30.col;900;26100;random
713;8917835;100;10;1000;1000;0.9;29841;9;instances/qg.order30.col;900;26100;random
706;8808191;100;10;1000;1000;0.9;29193;9;instances/qg.order30.col;900;26100;random
691;9820022;100;10;1000;1000;0.9;30540;9;instances/qg.order30.col;900;26100;random
727;4330579;1000;10;1000;1000;0.6;15122;9;instances/qg.order30.col;900;26100;random
764;4248382;1000;10;1000;1000;0.6;12661;9;instances/qg.order30.col;900;26100;random
735;4222030;1000;10;1000;1000;0.6;8187;9;instances/qg.order30.col;900;26100;random
760;4100967;1000;10;1000;1000;0.6;12584;9;instances/qg.order30.col;900;26100;random
773;4035529;1000;10;1000;1000;0.6;8177;9;instances/qg.order30.col;900;26100;random
741;4194854;1000;10;1000;1000;0.6;9028;9;instances/qg.order30.col;900;26100;random
719;4206844;1000;10;1000;1000;0.6;13901;9;instances/qg.order30.col;900;26100;random
758;5146072;1000;10;1000;1000;0.6;2523;9;instances/qg.order30.col;900;26100;random
723;4313951;1000;10;1000;1000;0.6;14139;9;instances/qg.order30.col;900;26100;random
730;4122229;1000;10;1000;1000;0.6;12959;9;instances/qg.order30.col;900;26100;random
757;4184737;1000;10;1000;1000;0.6;14426;9;instances/qg.order30.col;900;26100;random
719;4284703;1000;10;1000;1000;0.6;14613;9;instances/qg.order30.col;900;26100;random
761;4227805;1000;10;1000;1000;0.6;14842;9;instances/qg.order30.col;900;26100;random
737;4268928;1000;10;1000;1000;0.6;12406;9;instances/qg.order30.col;900;26100;random
695;4218506;1000;10;1000;1000;0.6;13787;9;instances/qg.order30.col;900;26100;random
756;5258784;1000;10;1000;1000;0.6;13262;9;instances/qg.order30.col;900;26100;random
756;4195603;1000;10;1000;1000;0.6;14797;9;instances/qg.order30.col;900;26100;random
736;4174634;1000;10;1000;1000;0.6;12626;9;instances/qg.order30.col;900;26100;random
754;4119631;1000;10;1000;1000;0.6;9190;9;instances/qg.order30.col;900;26100;random
740;4106483;1000;10;1000;1000;0.6;12043;9;instances/qg.order30.col;900;26100;random
741;6174341;1000;10;1000;1000;0.7;17887;8;instances/qg.order30.col;900;26100;random
744;7020765;1000;10;1000;1000;0.7;20476;8;instances/qg.order30.col;900;26100;random
735;6220231;1000;10;1000;1000;0.7;20804;8;instances/qg.order30.col;900;26100;random
743;6096093;1000;10;1000;1000;0.7;18458;8;instances/qg.order30.col;900;26100;random
722;5998579;1000;10;1000;1000;0.7;21450;8;instances/qg.order30.col;900;26100;random
756;6035880;1000;10;1000;1000;0.7;20222;8;instances/qg.order30.col;900;26100;random
768;6101581;1000;10;1000;1000;0.7;13381;8;instances/qg.order30.col;900;26100;random
714;7087352;1000;10;1000;1000;0.7;20317;8;instances/qg.order30.col;900;26100;random
748;6005385;1000;10;1000;1000;0.7;12342;8;instances/qg.order30.col;900;26100;random
735;5968119;1000;10;1000;1000;0.7;20620;8;instances/qg.order30.col;900;26100;random
744;5996371;1000;10;1000;1000;0.7;18189;8;instances/qg.order30.col;900;26100;random
733;6137906;1000;10;1000;1000;0.7;16982;8;instances/qg.order30.col;900;26100;random
715;7031290;1000;10;1000;1000;0.7;21705;8;instances/qg.order30.col;900;26100;random
729;6048969;1000;10;1000;1000;0.7;20242;8;instances/qg.order30.col;900;26100;random
757;6002510;1000;10;1000;1000;0.7;15322;8;instances/qg.order30.col;900;26100;random
717;6011598;1000;10;1000;1000;0.7;19922;8;instances/qg.order30.col;900;26100;random
723;6132698;1000;10;1000;1000;0.7;17938;8;instances/qg.order30.col;900;26100;random
732;7065649;1000;10;1000;1000;0.7;20820;8;instances/qg.order30.col;900;26100;random
736;6149979;1000;10;1000;1000;0.7;21128;8;instances/qg.order30.col;900;26100;random
709;6026651;1000;10;1000;1000;0.7;20544;8;instances/qg.order30.col;900;26100;random
718;9394159;1000;10;1000;1000;0.8;31858;9;instances/qg.order30.col;900;26100;random
719;10222979;1000;10;1000;1000;0.8;32570;9;instances/qg.order30.col;900;26100;random
742;9386564;1000;10;1000;1000;0.8;32469;9;instances/qg.order30.col;900;26100;random
738;9209793;1000;10;1000;1000;0.8;17114;9;instances/qg.order30.col;900;26100;random
739;9557499;1000;10;1000;1000;0.8;33070;9;instances/qg.order30.col;900;26100;random
740;10290721;1000;10;1000;1000;0.8;27363;9;instances/qg.order30.col;900;26100;random
736;9221150;1000;10;1000;1000;0.8;29970;9;instances/qg.order30.col;900;26100;random
741;9299515;1000;10;1000;1000;0.8;32728;9;instances/qg.order30.col;900;26100;random
729;10439012;1000;10;1000;1000;0.8;30823;9;instances/qg.order30.col;900;26100;random
741;9383953;1000;10;1000;1000;0.8;31975;9;instances/qg.order30.col;900;26100;random
721;9307000;1000;10;1000;1000;0.8;21858;9;instances/qg.order30.col;900;26100;random
728;9425940;1000;10;1000;1000;0.8;30906;9;instances/qg.order30.col;900;26100;random
745;10227933;1000;10;1000;1000;0.8;20814;9;instances/qg.order30.col;900;26100;random
748;9403405;1000;10;1000;1000;0.8;28498;9;instances/qg.order30.col;900;26100;random
749;9411477;1000;10;1000;1000;0.8;3446;9;instances/qg.order30.col;900;26100;random
705;10222700;1000;10;1000;1000;0.8;32419;9;instances/qg.order30.col;900;26100;random
700;9374410;1000;10;1000;1000;0.8;32483;9;instances/qg.order30.col;900;26100;random
732;9367325;1000;10;1000;1000;0.8;21487;9;instances/qg.order30.col;900;26100;random
737;9342211;1000;10;1000;1000;0.8;30581;9;instances/qg.order30.col;900;26100;random
740;10106133;1000;10;1000;1000;0.8;31995;9;instances/qg.order30.col;900;26100;random
735;18708991;1000;10;1000;1000;0.9;62931;10;instances/qg.order30.col;900;26100;random
715;19442356;1000;10;1000;1000;0.9;64147;10;instances/qg.order30.col;900;26100;random
736;18792616;1000;10;1000;1000;0.9;52047;10;instances/qg.order30.col;900;26100;random
717;19639909;1000;10;1000;1000;0.9;66445;10;instances/qg.order30.col;900;26100;random
716;19410034;1000;10;1000;1000;0.9;51228;10;instances/qg.order30.col;900;26100;random
718;18702948;1000;10;1000;1000;0.9;65934;10;instances/qg.order30.col;900;26100;random
727;19407169;1000;10;1000;1000;0.9;61784;10;instances/qg.order30.col;900;26100;random
712;18688856;1000;10;1000;1000;0.9;66521;10;instances/qg.order30.col;900;26100;random
732;19685731;1000;10;1000;1000;0.9;66404;10;instances/qg.order30.col;900;26100;random
705;19738614;1000;10;1000;1000;0.9;20837;10;instances/qg.order30.col;900;26100;random
717;18712790;1000;10;1000;1000;0.9;63940;10;instances/qg.order30.col;900;26100;random
738;19494213;1000;10;1000;1000;0.9;51442;10;instances/qg.order30.col;900;26100;random
723;18700939;1000;10;1000;1000;0.9;57643;10;instances/qg.order30.col;900;26100;random
710;19529801;1000;10;1000;1000;0.9;62232;10;instances/qg.order30.col;900;26100;random
715;18683851;1000;10;1000;1000;0.9;63527;10;instances/qg.order30.col;900;26100;random
713;19961494;1000;10;1000;1000;0.9;65602;10;instances/qg.order30.col;900;26100;random
724;18740380;1000;10;1000;1000;0.9;54593;10;instances/qg.order30.col;900;26100;random
731;19557395;1000;10;1000;1000;0.9;61326;10;instances/qg.order30.col;900;26100;random
726;18914859;1000;10;1000;1000;0.9;53655;10;instances/qg.order30.col;900;26100;random
732;19573331;1000;10;1000;1000;0.9;65264;10;instances/qg.order30.col;900;26100;random
749;5590837;5000;10;1000;1000;0.6;13568;10;instances/qg.order30.col;900;26100;random
733;5598863;5000;10;1000;1000;0.6;19719;10;instances/qg.order30.col;900;26100;random
747;5645827;5000;10;1000;1000;0.6;19727;10;instances/qg.order30.col;900;26100;random
730;6337613;5000;10;1000;1000;0.6;18809;10;instances/qg.order30.col;900;26100;random
762;5594573;5000;10;1000;1000;0.6;15926;10;instances/qg.order30.col;900;26100;random
745;5662722;5000;10;1000;1000;0.6;12903;10;instances/qg.order30.col;900;26100;random
723;5655162;5000;10;1000;1000;0.6;19394;10;instances/qg.order30.col;900;26100;random
762;5574867;5000;10;1000;1000;0.6;17465;10;instances/qg.order30.col;900;26100;random
735;5616614;5000;10;1000;1000;0.6;17239;10;instances/qg.order30.col;900;26100;random
757;6481743;5000;10;1000;1000;0.6;16706;10;instances/qg.order30.col;900;26100;random
743;5643642;5000;10;1000;1000;0.6;19279;10;instances/qg.order30.col;900;26100;random
747;5608178;5000;10;1000;1000;0.6;18345;10;instances/qg.order30.col;900;26100;random
734;5633218;5000;10;1000;1000;0.6;18339;10;instances/qg.order30.col;900;26100;random
747;5578899;5000;10;1000;1000;0.6;10561;10;instances/qg.order30.col;900;26100;random
756;5664510;5000;10;1000;1000;0.6;19799;10;instances/qg.order30.col;900;26100;random
768;6433187;5000;10;1000;1000;0.6;15124;10;instances/qg.order30.col;900;26100;random
769;5656247;5000;10;1000;1000;0.6;16018;10;instances/qg.order30.col;900;26100;random
765;5557545;5000;10;1000;1000;0.6;3038;10;instances/qg.order30.col;900;26100;random
761;5613071;5000;10;1000;1000;0.6;19668;10;instances/qg.order30.col;900;26100;random
763;5574833;5000;10;1000;1000;0.6;13036;10;instances/qg.order30.col;900;26100;random
748;8698868;5000;10;1000;1000;0.7;23621;10;instances/qg.order30.col;900;26100;random
759;7960535;5000;10;1000;1000;0.7;27250;10;instances/qg.order30.col;900;26100;random
722;8006843;5000;10;1000;1000;0.7;27920;10;instances/qg.order30.col;900;26100;random
755;7966314;5000;10;1000;1000;0.7;24993;10;instances/qg.order30.col;900;26100;random
752;8859764;5000;10;1000;1000;0.7;10258;10;instances/qg.order30.col;900;26100;random
747;7958284;5000;10;1000;1000;0.7;27937;10;instances/qg.order30.col;900;26100;random
742;7942343;5000;10;1000;1000;0.7;23126;10;instances/qg.order30.col;900;26100;random
758;8010787;5000;10;1000;1000;0.7;19591;10;instances/qg.order30.col;900;26100;random
737;8861774;5000;10;1000;1000;0.7;28173;10;instances/qg.order30.col;900;26100;random
738;7927609;5000;10;1000;1000;0.7;26973;10;instances/qg.order30.col;900;26100;random
750;7971070;5000;10;1000;1000;0.7;22793;10;instances/qg.order30.col;900;26100;random
766;7891889;5000;10;1000;1000;0.7;27820;10;instances/qg.order30.col;900;26100;random
733;8777351;5000;10;1000;1000;0.7;27266;10;instances/qg.order30.col;900;26100;random
747;7869969;5000;10;1000;1000;0.7;25378;10;instances/qg.order30.col;900;26100;random
759;7897986;5000;10;1000;1000;0.7;15418;10;instances/qg.order30.col;900;26100;random
720;7882153;5000;10;1000;1000;0.7;17272;10;instances/qg.order30.col;900;26100;random
756;8795386;5000;10;1000;1000;0.7;17946;10;instances/qg.order30.col;900;26100;random
722;7952061;5000;10;1000;1000;0.7;27564;10;instances/qg.order30.col;900;26100;random
742;7894931;5000;10;1000;1000;0.7;25302;10;instances/qg.order30.col;900;26100;random
733;7896711;5000;10;1000;1000;0.7;26932;10;instances/qg.order30.col;900;26100;random
734;13449552;5000;10;1000;1000;0.8;43138;10;instances/qg.order30.col;900;26100;random
745;12576183;5000;10;1000;1000;0.8;44831;10;instances/qg.order30.col;900;26100;random
710;12542422;5000;10;1000;1000;0.8;42172;10;instances/qg.order30.col;900;26100;random
750;13455329;5000;10;1000;1000;0.8;16081;10;instances/qg.order30.col;900;26100;random
736;12532420;5000;10;1000;1000;0.8;40095;10;instances/qg.order30.col;900;26100;random
751;13403738;5000;10;1000;1000;0.8;16061;10;instances/qg.order30.col;900;26100;random
727;12477470;5000;10;1000;1000;0.8;44721;10;instances/qg.order30.col;900;26100;random
729;12553518;5000;10;1000;1000;0.8;44442;10;instances/qg.order30.col;900;26100;random
737;13350434;5000;10;1000;1000;0.8;36110;10;instances/qg.order30.col;900;26100;random
737;12486842;5000;10;1000;1000;0.8;39563;10;instances/qg.order30.col;900;26100;random
723;13307740;5000;10;1000;1000;0.8;41997;10;instances/qg.order30.col;900;26100;random
745;12604746;5000;10;1000;1000;0.8;44363;10;instances/qg.order30.col;900;26100;random
746;12600469;5000;10;1000;1000;0.8;9148;10;instances/qg.order30.col;900;26100;random
755;13665177;5000;10;1000;1000;0.8;28802;10;instances/qg.order30.col;900;26100;random
738;12427871;5000;10;1000;1000;0.8;43947;10;instances/qg.order30.col;900;26100;random
744;13361015;5000;10;1000;1000;0.8;18780;10;instances/qg.order30.col;900;26100;random
757;12719789;5000;10;1000;1000;0.8;21751;10;instances/qg.order30.col;900;26100;random
739;12504785;5000;10;1000;1000;0.8;44280;10;instances/qg.order30.col;900;26100;random
736;13554215;5000;10;1000;1000;0.8;43328;10;instances/qg.order30.col;900;26100;random
726;12606154;5000;10;1000;1000;0.8;40440;10;instances/qg.order30.col;900;26100;random
699;27042908;5000;10;1000;1000;0.9;93064;9;instances/qg.order30.col;900;26100;random
724;26978768;5000;10;1000;1000;0.9;86941;9;instances/qg.order30.col;900;26100;random
724;26698306;5000;10;1000;1000;0.9;90419;9;instances/qg.order30.col;900;26100;random
729;26076300;5000;10;1000;1000;0.9;86914;9;instances/qg.order30.col;900;26100;random
697;27137899;5000;10;1000;1000;0.9;87144;9;instances/qg.order30.col;900;26100;random
723;26257338;5000;10;1000;1000;0.9;80373;9;instances/qg.order30.col;900;26100;random
739;27124914;5000;10;1000;1000;0.9;46447;9;instances/qg.order30.col;900;26100;random
743;27081226;5000;10;1000;1000;0.9;3701;9;instances/qg.order30.col;900;26100;random
711;26930823;5000;10;1000;1000;0.9;90226;9;instances/qg.order30.col;900;26100;random
704;27318918;5000;10;1000;1000;0.9;91710;9;instances/qg.order30.col;900;26100;random
733;25941548;5000;10;1000;1000;0.9;90684;9;instances/qg.order30.col;900;26100;random
717;27380916;5000;10;1000;1000;0.9;89583;9;instances/qg.order30.col;900;26100;random
726;27692091;5000;10;1000;1000;0.9;90956;9;instances/qg.order30.col;900;26100;random
718;27411750;5000;10;1000;1000;0.9;92730;9;instances/qg.order30.col;900;26100;random
723;26183312;5000;10;1000;1000;0.9;88645;9;instances/qg.order30.col;900;26100;random
732;26658159;5000;10;1000;1000;0.9;75643;9;instances/qg.order30.col;900;26100;random
727;26955899;5000;10;1000;1000;0.9;90561;9;instances/qg.order30.col;900;26100;random
737;27009817;5000;10;1000;1000;0.9;77961;9;instances/qg.order30.col;900;26100;random
738;27027066;5000;10;1000;1000;0.9;84380;9;instances/qg.order30.col;900;26100;random
716;26103066;5000;10;1000;1000;0.9;92484;9;instances/qg.order30.col;900;26100;random
759;7162692;10000;10;1000;1000;0.6;2360;7;instances/qg.order30.col;900;26100;random
763;6357170;10000;10;1000;1000;0.6;21075;7;instances/qg.order30.col;900;26100;random
721;6461710;10000;10;1000;1000;0.6;22702;7;instances/qg.order30.col;900;26100;random
740;6625994;10000;10;1000;1000;0.6;17560;7;instances/qg.order30.col;900;26100;random
738;6690918;10000;10;1000;1000;0.6;4085;7;instances/qg.order30.col;900;26100;random
762;7291789;10000;10;1000;1000;0.6;18140;7;instances/qg.order30.col;900;26100;random
735;6332799;10000;10;1000;1000;0.6;16023;7;instances/qg.order30.col;900;26100;random
756;6614048;10000;10;1000;1000;0.6;10926;7;instances/qg.order30.col;900;26100;random
746;6733430;10000;10;1000;1000;0.6;22268;7;instances/qg.order30.col;900;26100;random
719;6621832;10000;10;1000;1000;0.6;23052;7;instances/qg.order30.col;900;26100;random
716;7279089;10000;10;1000;1000;0.6;23219;7;instances/qg.order30.col;900;26100;random
726;6190175;10000;10;1000;1000;0.6;23253;7;instances/qg.order30.col;900;26100;random
735;6706550;10000;10;1000;1000;0.6;21860;7;instances/qg.order30.col;900;26100;random
744;6662031;10000;10;1000;1000;0.6;23333;7;instances/qg.order30.col;900;26100;random
735;7251202;10000;10;1000;1000;0.6;22775;7;instances/qg.order30.col;900;26100;random
738;6681790;10000;10;1000;1000;0.6;22888;7;instances/qg.order30.col;900;26100;random
766;6199714;10000;10;1000;1000;0.6;22880;7;instances/qg.order30.col;900;26100;random
758;6724673;10000;10;1000;1000;0.6;22479;7;instances/qg.order30.col;900;26100;random
754;6602019;10000;10;1000;1000;0.6;3123;7;instances/qg.order30.col;900;26100;random
746;7291638;10000;10;1000;1000;0.6;15629;7;instances/qg.order30.col;900;26100;random
732;8794466;10000;10;1000;1000;0.7;30386;10;instances/qg.order30.col;900;26100;random
740;8837104;10000;10;1000;1000;0.7;31250;10;instances/qg.order30.col;900;26100;random
740;8902542;10000;10;1000;1000;0.7;29396;10;instances/qg.order30.col;900;26100;random
719;9827617;10000;10;1000;1000;0.7;28197;10;instances/qg.order30.col;900;26100;random
726;9022428;10000;10;1000;1000;0.7;29061;10;instances/qg.order30.col;900;26100;random
755;9146429;10000;10;1000;1000;0.7;31073;10;instances/qg.order30.col;900;26100;random
750;9094630;10000;10;1000;1000;0.7;15143;10;instances/qg.order30.col;900;26100;random
733;8871729;10000;10;1000;1000;0.7;29027;10;instances/qg.order30.col;900;26100;random
735;8435333;10000;10;1000;1000;0.7;28671;10;instances/qg.order30.col;900;26100;random
758;9009191;10000;10;1000;1000;0.7;30175;10;instances/qg.order30.col;900;26100;random
739;9733668;10000;10;1000;1000;0.7;28545;10;instances/qg.order30.col;900;26100;random
712;8659961;10000;10;1000;1000;0.7;30477;10;instances/qg.order30.col;900;26100;random
741;8800742;10000;10;1000;1000;0.7;20665;10;instances/qg.order30.col;900;26100;random
742;8819674;10000;10;1000;1000;0.7;28008;10;instances/qg.order30.col;900;26100;random
749;9895192;10000;10;1000;1000;0.7;17138;10;instances/qg.order30.col;900;26100;random
737;8796526;10000;10;1000;1000;0.7;28583;10;instances/qg.order30.col;900;26100;random
765;8765235;10000;10;1000;1000;0.7;29253;10;instances/qg.order30.col;900;26100;random
754;9634187;10000;10;1000;1000;0.7;28551;10;instances/qg.order30.col;900;26100;random
741;8949904;10000;10;1000;1000;0.7;30329;10;instances/qg.order30.col;900;26100;random
739;8970427;10000;10;1000;1000;0.7;4307;10;instances/qg.order30.col;900;26100;random
740;13982802;10000;10;1000;1000;0.8;1790;10;instances/qg.order30.col;900;26100;random
747;14647694;10000;10;1000;1000;0.8;45640;10;instances/qg.order30.col;900;26100;random
742;13898042;10000;10;1000;1000;0.8;39186;10;instances/qg.order30.col;900;26100;random
729;14609093;10000;10;1000;1000;0.8;48463;10;instances/qg.order30.col;900;26100;random
728;14070006;10000;10;1000;1000;0.8;39790;10;instances/qg.order30.col;900;26100;random
753;14639283;10000;10;1000;1000;0.8;47939;10;instances/qg.order30.col;900;26100;random
716;14173532;10000;10;1000;1000;0.8;49109;10;instances/qg.order30.col;900;26100;random
757;14749983;10000;10;1000;1000;0.8;47528;10;instances/qg.order30.col;900;26100;random
734;14060517;10000;10;1000;1000;0.8;48818;10;instances/qg.order30.col;900;26100;random
723;14005547;10000;10;1000;1000;0.8;49177;10;instances/qg.order30.col;900;26100;random
719;14657208;10000;10;1000;1000;0.8;49271;10;instances/qg.order30.col;900;26100;random
728;14017177;10000;10;1000;1000;0.8;48070;10;instances/qg.order30.col;900;26100;random
748;14737298;10000;10;1000;1000;0.8;42826;10;instances/qg.order30.col;900;26100;random
735;14021989;10000;10;1000;1000;0.8;49447;10;instances/qg.order30.col;900;26100;random
758;14909193;10000;10;1000;1000;0.8;49830;10;instances/qg.order30.col;900;26100;random
727;14145193;10000;10;1000;1000;0.8;48743;10;instances/qg.order30.col;900;26100;random
720;14184131;10000;10;1000;1000;0.8;47252;10;instances/qg.order30.col;900;26100;random
754;14698256;10000;10;1000;1000;0.8;47323;10;instances/qg.order30.col;900;26100;random
725;14004405;10000;10;1000;1000;0.8;49845;10;instances/qg.order30.col;900;26100;random
742;14649256;10000;10;1000;1000;0.8;49195;10;instances/qg.order30.col;900;26100;random
726;29553461;10000;10;1000;1000;0.9;33893;10;instances/qg.order30.col;900;26100;random
720;29851140;10000;10;1000;1000;0.9;100702;10;instances/qg.order30.col;900;26100;random
727;29858363;10000;10;1000;1000;0.9;102763;10;instances/qg.order30.col;900;26100;random
727;29308594;10000;10;1000;1000;0.9;100211;10;instances/qg.order30.col;900;26100;random
720;29688742;10000;10;1000;1000;0.9;102517;10;instances/qg.order30.col;900;26100;random
725;29558335;10000;10;1000;1000;0.9;102421;10;instances/qg.order30.col;900;26100;random
716;29677876;10000;10;1000;1000;0.9;101949;10;instances/qg.order30.col;900;26100;random
738;29537555;10000;10;1000;1000;0.9;83347;10;instances/qg.order30.col;900;26100;random
728;29590279;10000;10;1000;1000;0.9;101824;10;instances/qg.order30.col;900;26100;random
693;29729982;10000;10;1000;1000;0.9;100651;10;instances/qg.order30.col;900;26100;random
724;29763635;10000;10;1000;1000;0.9;102143;10;instances/qg.order30.col;900;26100;random
724;29443854;10000;10;1000;1000;0.9;15025;10;instances/qg.order30.col;900;26100;random
722;28663243;10000;10;1000;1000;0.9;101406;10;instances/qg.order30.col;900;26100;random
741;29566299;10000;10;1000;1000;0.9;102336;10;instances/qg.order30.col;900;26100;random
725;29613096;10000;10;1000;1000;0.9;96586;10;instances/qg.order30.col;900;26100;random
736;29649408;10000;10;1000;1000;0.9;103110;10;instances/qg.order30.col;900;26100;random
732;29682262;10000;10;1000;1000;0.9;98150;10;instances/qg.order30.col;900;26100;random
704;29711929;10000;10;1000;1000;0.9;100228;10;instances/qg.order30.col;900;26100;random
734;29641606;10000;10;1000;1000;0.9;89039;10;instances/qg.order30.col;900;26100;random
752;29734269;10000;10;1000;1000;0.9;78327;10;instances/qg.order30.col;900;26100;random
88;2363572;100;10;1000;1000;0.6;0;7;instances/qg.order30.col;900;26100;greedy
88;2267740;100;10;1000;1000;0.6;0;7;instances/qg.order30.col;900;26100;greedy
88;2338575;100;10;1000;1000;0.6;0;7;instances/qg.order30.col;900;26100;greedy
88;2305172;100;10;1000;1000;0.6;0;7;instances/qg.order30.col;900;26100;greedy
88;2322243;100;10;1000;1000;0.6;0;7;instances/qg.order30.col;900;26100;greedy
88;2328208;100;10;1000;1000;0.6;0;7;instances/qg.order30.col;900;26100;greedy
88;2408805;100;10;1000;1000;0.6;0;7;instances/qg.order30.col;900;26100;greedy
88;2390031;100;10;1000;1000;0.6;0;7;instances/qg.order30.col;900;26100;greedy
88;3269260;100;10;1000;1000;0.6;0;7;instances/qg.order30.col;900;26100;greedy
88;2551410;100;10;1000;1000;0.6;0;7;instances/qg.order30.col;900;26100;greedy
88;2333648;100;10;1000;1000;0.6;0;7;instances/qg.order30.col;900;26100;greedy
88;2349402;100;10;1000;1000;0.6;0;7;instances/qg.order30.col;900;26100;greedy
88;2149467;100;10;1000;1000;0.6;0;7;instances/qg.order30.col;900;26100;greedy
88;2162636;100;10;1000;1000;0.6;0;7;instances/qg.order30.col;900;26100;greedy
88;2121099;100;10;1000;1000;0.6;0;7;instances/qg.order30.col;900;26100;greedy
88;2175784;100;10;1000;1000;0.6;0;7;instances/qg.order30.col;900;26100;greedy
88;2253666;100;10;1000;1000;0.6;0;7;instances/qg.order30.col;900;26100;greedy
88;2246756;100;10;1000;1000;0.6;0;7;instances/qg.order30.col;900;26100;greedy
88;2285235;100;10;1000;1000;0.6;0;7;instances/qg.order30.col;900;26100;greedy
88;2302275;100;10;1000;1000;0.6;0;7;instances/qg.order30.col;900;26100;greedy
88;3267649;100;10;1000;1000;0.7;0;7;instances/qg.order30.col;900;26100;greedy
88;3231329;100;10;1000;1000;0.7;0;7;instances/qg.order30.col;900;26100;greedy
88;4049095;100;10;1000;1000;0.7;0;7;instances/qg.order30.col;900;26100;greedy
88;3333293;100;10;1000;1000;0.7;0;7;instances/qg.order30.col;900;26100;greedy
88;3115524;100;10;1000;1000;0.7;0;7;instances/qg.order30.col;900;26100;greedy
88;3002039;100;10;1000;1000;0.7;0;7;instances/qg.order30.col;900;26100;greedy
88;3147818;100;10;1000;1000;0.7;0;7;instances/qg.order30.col;900;26100;greedy
88;3272427;100;10;1000;1000;0.7;0;7;instances/qg.order30.col;900;26100;greedy
88;3235711;100;10;1000;1000;0.7;0;7;instances/qg.order30.col;900;26100;greedy
88;3263798;100;10;1000;1000;0.7;0;7;instances/qg.order30.col;900;26100;greedy
88;3242591;100;10;1000;1000;0.7;0;7;instances/qg.order30.col;900;26100;greedy
88;3271281;100;10;1000;1000;0.7;0;7;instances/qg.order30.col;900;26100;greedy
88;4040906;100;10;1000;1000;0.7;0;7;instances/qg.order30.col;900;26100;greedy
88;3268754;100;10;1000;1000;0.7;0;7;instances/qg.order30.col;900;26100;greedy
88;3121374;100;10;1000;1000;0.7;0;7;instances/qg.order30.col;900;26100;greedy
88;3043087;100;10;1000;1000;0.7;0;7;instances/qg.order30.col;900;26100;greedy
88;3235536;100;10;1000;1000;0.7;0;7;instances/qg.order30.col;900;26100;greedy
88;3258347;100;10;1000;1000;0.7;0;7;instances/qg.order30.col;900;26100;greedy
88;3227201;100;10;1000;1000;0.7;0;7;instances/qg.order30.col;900;26100;greedy
88;3259478;100;10;1000;1000;0.7;0;7;instances/qg.order30.col;900;26100;greedy
88;4716189;100;10;1000;1000;0.8;0;9;instances/qg.order30.col;900;26100;greedy
88;5446342;100;10;1000;1000;0.8;0;9;instances/qg.order30.col;900;26100;greedy
88;4830534;100;10;1000;1000;0.8;0;9;instances/qg.order30.col;900;26100;greedy
88;4471081;100;10;1000;1000;0.8;0;9;instances/qg.order30.col;900;26100;greedy
88;4735972;100;10;1000;1000;0.8;0;9;instances/qg.order30.col;900;26100;greedy
88;4743126;100;10;1000;1000;0.8;0;9;instances/qg.order30.col;900;26100;greedy
88;4839806;100;10;1000;1000;0.8;0;9;instances/qg.order30.col;900;26100;greedy
88;4782485;100;10;1000;1000;0.8;0;9;instances/qg.order30.col;900;26100;greedy
88;5533031;100;10;1000;1000;0.8;0;9;instances/qg.order30.col;900;26100;greedy
88;4638572;100;10;1000;1000;0.8;0;9;instances/qg.order30.col;900;26100;greedy
88;4425242;100;10;1000;1000;0.8;0;9;instances/qg.order30.col;900;26100;greedy
88;4760808;100;10;1000;1000;0.8;0;9;instances/qg.order30.col;900;26100;greedy
88;4694927;100;10;1000;1000;0.8;0;9;instances/qg.order30.col;900;26100;greedy
88;4657495;100;10;1000;1000;0.8;0;9;instances/qg.order30.col;900;26100;greedy
88;4688203;100;10;1000;1000;0.8;0;9;instances/qg.order30.col;900;26100;greedy
88;5402584;100;10;1000;1000;0.8;0;9;instances/qg.order30.col;900;26100;greedy
88;4555473;100;10;1000;1000;0.8;0;9;instances/qg.order30.col;900;26100;greedy
88;4425053;100;10;1000;1000;0.8;0;9;instances/qg.order30.col;900;26100;greedy
88;4713529;100;10;1000;1000;0.8;0;9;instances/qg.order30.col;900;26100;greedy
88;4706610;100;10;1000;1000;0.8;0;9;instances/qg.order30.col;900;26100;greedy
88;9010582;100;10;1000;1000;0.9;0;9;instances/qg.order30.col;900;26100;greedy
88;9731188;100;10;1000;1000;0.9;0;9;instances/qg.order30.col;900;26100;greedy
88;8773677;100;10;1000;1000;0.9;0;9;instances/qg.order30.col;900;26100;greedy
88;8906041;100;10;1000;1000;0.9;0;9;instances/qg.order30.col;900;26100;greedy
88;9793667;100;10;1000;1000;0.9;0;9;instances/qg.order30.col;900;26100;greedy
88;8683072;100;10;1000;1000;0.9;0;9;instances/qg.order30.col;900;26100;greedy
88;8949820;100;10;1000;1000;0.9;0;9;instances/qg.order30.col;900;26100;greedy
88;9083577;100;10;1000;1000;0.9;0;9;instances/qg.order30.col;900;26100;greedy
88;9699923;100;10;1000;1000;0.9;0;9;instances/qg.order30.col;900;26100;greedy
88;9100119;100;10;1000;1000;0.9;0;9;instances/qg.order30.col;900;26100;greedy
88;9142625;100;10;1000;1000;0.9;0;9;instances/qg.order30.col;900;26100;greedy
88;9084856;100;10;1000;1000;0.9;0;9;instances/qg.order30.col;900;26100;greedy
88;8713332;100;10;1000;1000;0.9;0;9;instances/qg.order30.col;900;26100;greedy
88;8639993;100;10;1000;1000;0.9;0;9;instances/qg.order30.col;900;26100;greedy
88;9184502;100;10;1000;1000;0.9;0;9;instances/qg.order30.col;900;26100;greedy
88;9064830;100;10;1000;1000;0.9;0;9;instances/qg.order30.col;900;26100;greedy
88;9159667;100;10;1000;1000;0.9;0;9;instances/qg.order30.col;900;26100;greedy
88;9692850;100;10;1000;1000;0.9;0;9;instances/qg.order30.col;900;26100;greedy
88;8671802;100;10;1000;1000;0.9;0;9;instances/qg.order30.col;900;26100;greedy
88;8987263;100;10;1000;1000;0.9;0;9;instances/qg.order30.col;900;26100;greedy
88;4204541;1000;10;1000;1000;0.6;0;9;instances/qg.order30.col;900;26100;greedy
88;4983984;1000;10;1000;1000;0.6;0;9;instances/qg.order30.col;900;26100;greedy
88;4213756;1000;10;1000;1000;0.6;0;9;instances/qg.order30.col;900;26100;greedy
88;3933192;1000;10;1000;1000;0.6;0;9;instances/qg.order30.col;900;26100;greedy
88;4052363;1000;10;1000;1000;0.6;0;9;instances/qg.order30.col;900;26100;greedy
88;4155801;1000;10;1000;1000;0.6;0;9;instances/qg.order30.col;900;26100;greedy
88;4176811;1000;10;1000;1000;0.6;0;9;instances/qg.order30.col;900;26100;greedy
88;4149027;1000;10;1000;1000;0.6;0;9;instances/qg.order30.col;900;26100;greedy
88;4256455;1000;10;1000;1000;0.6;0;9;instances/qg.order30.col;900;26100;greedy
88;4956182;1000;10;1000;1000;0.6;0;9;instances/qg.order30.col;900;26100;greedy
88;4155426;1000;10;1000;1000;0.6;0;9;instances/qg.order30.col;900;26100;greedy
88;4052746;1000;10;1000;1000;0.6;0;9;instances/qg.order30.col;900;26100;greedy
88;4198391;1000;10;1000;1000;0.6;0;9;instances/qg.order30.col;900;26100;greedy
88;4265494;1000;10;1000;1000;0.6;0;9;instances/qg.order30.col;900;26100;greedy
88;4264201;1000;10;1000;1000;0.6;0;9;instances/qg.order30.col;900;26100;greedy
88;4249965;1000;10;1000;1000;0.6;0;9;instances/qg.order30.col;900;26100;greedy
88;4154854;1000;10;1000;1000;0.6;0;9;instances/qg.order30.col;900;26100;greedy
88;4592849;1000;10;1000;1000;0.6;0;9;instances/qg.order30.col;900;26100;greedy
88;4179683;1000;10;1000;1000;0.6;0;9;instances/qg.order30.col;900;26100;greedy
88;4209082;1000;10;1000;1000;0.6;0;9;instances/qg.order30.col;900;26100;greedy
88;5976353;1000;10;1000;1000;0.7;0;8;instances/qg.order30.col;900;26100;greedy
88;6029272;1000;10;1000;1000;0.7;0;8;instances/qg.order30.col;900;26100;greedy
88;6063793;1000;10;1000;1000;0.7;0;8;instances/qg.order30.col;900;26100;greedy
88;6670781;1000;10;1000;1000;0.7;0;8;instances/qg.order30.col;900;26100;greedy
88;6151182;1000;10;1000;1000;0.7;0;8;instances/qg.order30.col;900;26100;greedy
88;6097838;1000;10;1000;1000;0.7;0;8;instances/qg.order30.col;900;26100;greedy
88;6150530;1000;10;1000;1000;0.7;0;8;instances/qg.order30.col;900;26100;greedy
88;6107314;1000;10;1000;1000;0.7;0;8;instances/qg.order30.col;900;26100;greedy
88;6669925;1000;10;1000;1000;0.7;0;8;instances/qg.order30.col;900;26100;greedy
88;5997597;1000;10;1000;1000;0.7;0;8;instances/qg.order30.col;900;26100;greedy
88;6015030;1000;10;1000;1000;0.7;0;8;instances/qg.order30.col;900;26100;greedy
88;5918380;1000;10;1000;1000;0.7;0;8;instances/qg.order30.col;900;26100;greedy
88;6081074;1000;10;1000;1000;0.7;0;8;instances/qg.order30.col;900;26100;greedy
88;6002963;1000;10;1000;1000;0.7;0;8;instances/qg.order30.col;900;26100;greedy
88;5978217;1000;10;1000;1000;0.7;0;8;instances/qg.order30.col;900;26100;greedy
88;6114470;1000;10;1000;1000;0.7;0;8;instances/qg.order30.col;900;26100;greedy
88;6865436;1000;10;1000;1000;0.7;0;8;instances/qg.order30.col;900;26100;greedy
88;5995154;1000;10;1000;1000;0.7;0;8;instances/qg.order30.col;900;26100;greedy
88;6086734;1000;10;1000;1000;0.7;0;8;instances/qg.order30.col;900;26100;greedy
88;6031489;1000;10;1000;1000;0.7;0;8;instances/qg.order30.col;900;26100;greedy
88;9335462;1000;10;1000;1000;0.8;0;9;instances/qg.order30.col;900;26100;greedy
88;10054886;1000;10;1000;1000;0.8;0;9;instances/qg.order30.col;900;26100;greedy
88;9270694;1000;10;1000;1000;0.8;0;9;instances/qg.order30.col;900;26100;greedy
88;9278063;1000;10;1000;1000;0.8;0;9;instances/qg.order30.col;900;26100;greedy
88;10196344;1000;10;1000;1000;0.8;0;9;instances/qg.order30.col;900;26100;greedy
88;9272575;1000;10;1000;1000;0.8;0;9;instances/qg.order30.col;900;26100;greedy
88;9227563;1000;10;1000;1000;0.8;0;9;instances/qg.order30.col;900;26100;greedy
88;9313006;1000;10;1000;1000;0.8;0;9;instances/qg.order30.col;900;26100;greedy
88;9800714;1000;10;1000;1000;0.8;0;9;instances/qg.order30.col;900;26100;greedy
88;9300757;1000;10;1000;1000;0.8;0;9;instances/qg.order30.col;900;26100;greedy
88;9471232;1000;10;1000;1000;0.8;0;9;instances/qg.order30.col;900;26100;greedy
88;10488200;1000;10;1000;1000;0.8;0;9;instances/qg.order30.col;900;26100;greedy
88;9274950;1000;10;1000;1000;0.8;0;9;instances/qg.order30.col;900;26100;greedy
88;9206720;1000;10;1000;1000;0.8;0;9;instances/qg.order30.col;900;26100;greedy
88;9474084;1000;10;1000;1000;0.8;0;9;instances/qg.order30.col;900;26100;greedy
88;10400016;1000;10;1000;1000;0.8;0;9;instances/qg.order30.col;900;26100;greedy
88;9376208;1000;10;1000;1000;0.8;0;9;instances/qg.order30.col;900;26100;greedy
88;9376474;1000;10;1000;1000;0.8;0;9;instances/qg.order30.col;900;26100;greedy
88;9905580;1000;10;1000;1000;0.8;0;9;instances/qg.order30.col;900;26100;greedy
88;9282064;1000;10;1000;1000;0.8;0;9;instances/qg.order30.col;900;26100;greedy
88;19596120;1000;10;1000;1000;0.9;0;10;instances/qg.order30.col;900;26100;greedy
88;19279813;1000;10;1000;1000;0.9;0;10;instances/qg.order30.col;900;26100;greedy
88;19703466;1000;10;1000;1000;0.9;0;10;instances/qg.order30.col;900;26100;greedy
88;18562462;1000;10;1000;1000;0.9;0;10;instances/qg.order30.col;900;26100;greedy
88;19669547;1000;10;1000;1000;0.9;0;10;instances/qg.order30.col;900;26100;greedy
88;18646599;1000;10;1000;1000;0.9;0;10;instances/qg.order30.col;900;26100;greedy
88;19403896;1000;10;1000;1000;0.9;0;10;instances/qg.order30.col;900;26100;greedy
88;19346382;1000;10;1000;1000;0.9;0;10;instances/qg.order30.col;900;26100;greedy
86;18699575;1000;10;1000;1000;0.9;0;10;instances/qg.order30.col;900;26100;greedy
88;19871439;1000;10;1000;1000;0.9;0;10;instances/qg.order30.col;900;26100;greedy
88;18672785;1000;10;1000;1000;0.9;0;10;instances/qg.order30.col;900;26100;greedy
88;18732097;1000;10;1000;1000;0.9;0;10;instances/qg.order30.col;900;26100;greedy
88;20266488;1000;10;1000;1000;0.9;0;10;instances/qg.order30.col;900;26100;greedy
88;19530718;1000;10;1000;1000;0.9;0;10;instances/qg.order30.col;900;26100;greedy
88;19617096;1000;10;1000;1000;0.9;0;10;instances/qg.order30.col;900;26100;greedy
86;19675025;1000;10;1000;1000;0.9;0;10;instances/qg.order30.col;900;26100;greedy
88;18850467;1000;10;1000;1000;0.9;0;10;instances/qg.order30.col;900;26100;greedy
88;19547091;1000;10;1000;1000;0.9;0;10;instances/qg.order30.col;900;26100;greedy
88;19411823;1000;10;1000;1000;0.9;0;10;instances/qg.order30.col;900;26100;greedy
88;18540479;1000;10;1000;1000;0.9;0;10;instances/qg.order30.col;900;26100;greedy
88;5558340;5000;10;1000;1000;0.6;0;10;instances/qg.order30.col;900;26100;greedy
88;5574615;5000;10;1000;1000;0.6;0;10;instances/qg.order30.col;900;26100;greedy
88;6308744;5000;10;1000;1000;0.6;0;10;instances/qg.order30.col;900;26100;greedy
88;5593801;5000;10;1000;1000;0.6;0;10;instances/qg.order30.col;900;26100;greedy
88;5543196;5000;10;1000;1000;0.6;0;10;instances/qg.order30.col;900;26100;greedy
88;5584044;5000;10;1000;1000;0.6;0;10;instances/qg.order30.col;900;26100;greedy
88;5551658;5000;10;1000;1000;0.6;0;10;instances/qg.order30.col;900;26100;greedy
88;6409385;5000;10;1000;1000;0.6;0;10;instances/qg.order30.col;900;26100;greedy
88;5552029;5000;10;1000;1000;0.6;0;10;instances/qg.order30.col;900;26100;greedy
88;5576806;5000;10;1000;1000;0.6;0;10;instances/qg.order30.col;900;26100;greedy
88;5609969;5000;10;1000;1000;0.6;0;10;instances/qg.order30.col;900;26100;greedy
88;5562160;5000;10;1000;1000;0.6;0;10;instances/qg.order30.col;900;26100;greedy
88;5488711;5000;10;1000;1000;0.6;0;10;instances/qg.order30.col;900;26100;greedy
88;5486129;5000;10;1000;1000;0.6;0;10;instances/qg.order30.col;900;26100;greedy
88;5555531;5000;10;1000;1000;0.6;0;10;instances/qg.order30.col;900;26100;greedy
88;5509239;5000;10;1000;1000;0.6;0;10;instances/qg.order30.col;900;26100;greedy
88;6736990;5000;10;1000;1000;0.6;0;10;instances/qg.order30.col;900;26100;greedy
88;5506902;5000;10;1000;1000;0.6;0;10;instances/qg.order30.col;900;26100;greedy
88;5466677;5000;10;1000;1000;0.6;0;10;instances/qg.order30.col;900;26100;greedy
88;5522724;5000;10;1000;1000;0.6;0;10;instances/qg.order30.col;900;26100;greedy
88;7779970;5000;10;1000;1000;0.7;0;10;instances/qg.order30.col;900;26100;greedy
88;8732297;5000;10;1000;1000;0.7;0;10;instances/qg.order30.col;900;26100;greedy
88;7871024;5000;10;1000;1000;0.7;0;10;instances/qg.order30.col;900;26100;greedy
88;7807737;5000;10;1000;1000;0.7;0;10;instances/qg.order30.col;900;26100;greedy
88;7867547;5000;10;1000;1000;0.7;0;10;instances/qg.order30.col;900;26100;greedy
88;8766571;5000;10;1000;1000;0.7;0;10;instances/qg.order30.col;900;26100;greedy
88;7936595;5000;10;1000;1000;0.7;0;10;instances/qg.order30.col;900;26100;greedy
88;7945754;5000;10;1000;1000;0.7;0;10;instances/qg.order30.col;900;26100;greedy
88;7852545;5000;10;1000;1000;0.7;0;10;instances/qg.order30.col;900;26100;greedy
88;8751302;5000;10;1000;1000;0.7;0;10;instances/qg.order30.col;900;26100;greedy
88;7912670;5000;10;1000;1000;0.7;0;10;instances/qg.order30.col;900;26100;greedy
88;7817489;5000;10;1000;1000;0.7;0;10;instances/qg.order30.col;900;26100;greedy
88;7683419;5000;10;1000;1000;0.7;0;10;instances/qg.order30.col;900;26100;greedy
86;8756625;5000;10;1000;1000;0.7;0;10;instances/qg.order30.col;900;26100;greedy
88;7813033;5000;10;1000;1000;0.7;0;10;instances/qg.order30.col;900;26100;greedy
88;7766169;5000;10;1000;1000;0.7;0;10;instances/qg.order30.col;900;26100;greedy
88;7684895;5000;10;1000;1000;0.7;0;10;instances/qg.order30.col;900;26100;greedy
88;7815495;5000;10;1000;1000;0.7;0;10;instances/qg.order30.col;900;26100;greedy
88;8784577;5000;10;1000;1000;0.7;0;10;instances/qg.order30.col;900;26100;greedy
88;7888952;5000;10;1000;1000;0.7;0;10;instances/qg.order30.col;900;26100;greedy
88;12492458;5000;10;1000;1000;0.8;0;10;instances/qg.order30.col;900;26100;greedy
88;13539534;5000;10;1000;1000;0.8;0;10;instances/qg.order30.col;900;26100;greedy
88;12443481;5000;10;1000;1000;0.8;0;10;instances/qg.order30.col;900;26100;greedy
88;13463520;5000;10;1000;1000;0.8;0;10;instances/qg.order30.col;900;26100;greedy
88;12480219;5000;10;1000;1000;0.8;0;10;instances/qg.order30.col;900;26100;greedy
88;12429473;5000;10;1000;1000;0.8;0;10;instances/qg.order30.col;900;26100;greedy
88;13432323;5000;10;1000;1000;0.8;0;10;instances/qg.order30.col;900;26100;greedy
88;12473498;5000;10;1000;1000;0.8;0;10;instances/qg.order30.col;900;26100;greedy
88;12494917;5000;10;1000;1000;0.8;0;10;instances/qg.order30.col;900;26100;greedy
88;13441640;5000;10;1000;1000;0.8;0;10;instances/qg.order30.col;900;26100;greedy
88;12577719;5000;10;1000;1000;0.8;0;10;instances/qg.order30.col;900;26100;greedy
88;13563481;5000;10;1000;1000;0.8;0;10;instances/qg.order30.col;900;26100;greedy
88;12462250;5000;10;1000;1000;0.8;0;10;instances/qg.order30.col;900;26100;greedy
88;12526503;5000;10;1000;1000;0.8;0;10;instances/qg.order30.col;900;26100;greedy
88;13488605;5000;10;1000;1000;0.8;0;10;instances/qg.order30.col;900;26100;greedy
88;12286432;5000;10;1000;1000;0.8;0;10;instances/qg.order30.col;900;26100;greedy
88;13588851;5000;10;1000;1000;0.8;0;10;instances/qg.order30.col;900;26100;greedy
88;12355546;5000;10;1000;1000;0.8;0;10;instances/qg.order30.col;900;26100;greedy
88;12500731;5000;10;1000;1000;0.8;0;10;instances/qg.order30.col;900;26100;greedy
88;13637653;5000;10;1000;1000;0.8;0;10;instances/qg.order30.col;900;26100;greedy
88;26935024;5000;10;1000;1000;0.9;0;9;instances/qg.order30.col;900;26100;greedy
88;25996045;5000;10;1000;1000;0.9;0;9;instances/qg.order30.col;900;26100;greedy
88;26895225;5000;10;1000;1000;0.9;0;9;instances/qg.order30.col;900;26100;greedy
88;27069220;5000;10;1000;1000;0.9;0;9;instances/qg.order30.col;900;26100;greedy
88;27346408;5000;10;1000;1000;0.9;0;9;instances/qg.order30.col;900;26100;greedy
88;27089463;5000;10;1000;1000;0.9;0;9;instances/qg.order30.col;900;26100;greedy
88;25552343;5000;10;1000;1000;0.9;0;9;instances/qg.order30.col;900;26100;greedy
88;27181094;5000;10;1000;1000;0.9;0;9;instances/qg.order30.col;900;26100;greedy
88;28097435;5000;10;1000;1000;0.9;0;9;instances/qg.order30.col;900;26100;greedy
88;27111111;5000;10;1000;1000;0.9;0;9;instances/qg.order30.col;900;26100;greedy
88;27148702;5000;10;1000;1000;0.9;0;9;instances/qg.order30.col;900;26100;greedy
87;25738297;5000;10;1000;1000;0.9;0;9;instances/qg.order30.col;900;26100;greedy
88;27015778;5000;10;1000;1000;0.9;0;9;instances/qg.order30.col;900;26100;greedy
88;27279091;5000;10;1000;1000;0.9;0;9;instances/qg.order30.col;900;26100;greedy
88;27049081;5000;10;1000;1000;0.9;0;9;instances/qg.order30.col;900;26100;greedy
88;26888446;5000;10;1000;1000;0.9;0;9;instances/qg.order30.col;900;26100;greedy
88;25905905;5000;10;1000;1000;0.9;0;9;instances/qg.order30.col;900;26100;greedy
88;27266894;5000;10;1000;1000;0.9;0;9;instances/qg.order30.col;900;26100;greedy
88;27283411;5000;10;1000;1000;0.9;0;9;instances/qg.order30.col;900;26100;greedy
88;27077182;5000;10;1000;1000;0.9;0;9;instances/qg.order30.col;900;26100;greedy
88;6423514;10000;10;1000;1000;0.6;0;7;instances/qg.order30.col;900;26100;greedy
88;6417146;10000;10;1000;1000;0.6;0;7;instances/qg.order30.col;900;26100;greedy
88;7487610;10000;10;1000;1000;0.6;0;7;instances/qg.order30.col;900;26100;greedy
88;6411951;10000;10;1000;1000;0.6;0;7;instances/qg.order30.col;900;26100;greedy
88;6413744;10000;10;1000;1000;0.6;0;7;instances/qg.order30.col;900;26100;greedy
88;6455191;10000;10;1000;1000;0.6;0;7;instances/qg.order30.col;900;26100;greedy
88;6432053;10000;10;1000;1000;0.6;0;7;instances/qg.order30.col;900;26100;greedy
88;6489239;10000;10;1000;1000;0.6;0;7;instances/qg.order30.col;900;26100;greedy
88;7470302;10000;10;1000;1000;0.6;0;7;instances/qg.order30.col;900;26100;greedy
88;6438991;10000;10;1000;1000;0.6;0;7;instances/qg.order30.col;900;26100;greedy
88;6398966;10000;10;1000;1000;0.6;0;7;instances/qg.order30.col;900;26100;greedy
88;6422018;10000;10;1000;1000;0.6;0;7;instances/qg.order30.col;900;26100;greedy
88;6456685;10000;10;1000;1000;0.6;0;7;instances/qg.order30.col;900;26100;greedy
88;7409647;10000;10;1000;1000;0.6;0;7;instances/qg.order30.col;900;26100;greedy
88;6417667;10000;10;1000;1000;0.6;0;7;instances/qg.order30.col;900;26100;greedy
88;6427693;10000;10;1000;1000;0.6;0;7;instances/qg.order30.col;900;26100;greedy
88;6457701;10000;10;1000;1000;0.6;0;7;instances/qg.order30.col;900;26100;greedy
88;6366503;10000;10;1000;1000;0.6;0;7;instances/qg.order30.col;900;26100;greedy
88;7361698;10000;10;1000;1000;0.6;0;7;instances/qg.order30.col;900;26100;greedy
88;6380705;10000;10;1000;1000;0.6;0;7;instances/qg.order30.col;900;26100;greedy
88;8777361;10000;10;1000;1000;0.7;0;10;instances/qg.order30.col;900;26100;greedy
88;8782843;10000;10;1000;1000;0.7;0;10;instances/qg.order30.col;900;26100;greedy
88;9617844;10000;10;1000;1000;0.7;0;10;instances/qg.order30.col;900;26100;greedy
88;8666035;10000;10;1000;1000;0.7;0;10;instances/qg.order30.col;900;26100;greedy
88;8752669;10000;10;1000;1000;0.7;0;10;instances/qg.order30.col;900;26100;greedy
88;9902828;10000;10;1000;1000;0.7;0;10;instances/qg.order30.col;900;26100;greedy
88;8826379;10000;10;1000;1000;0.7;0;10;instances/qg.order30.col;900;26100;greedy
88;8407228;10000;10;1000;1000;0.7;0;10;instances/qg.order30.col;900;26100;greedy
88;8689398;10000;10;1000;1000;0.7;0;10;instances/qg.order30.col;900;26100;greedy
88;10049981;10000;10;1000;1000;0.7;0;10;instances/qg.order30.col;900;26100;greedy
88;8762041;10000;10;1000;1000;0.7;0;10;instances/qg.order30.col;900;26100;greedy
88;8740503;10000;10;1000;1000;0.7;0;10;instances/qg.order30.col;900;26100;greedy
88;8715227;10000;10;1000;1000;0.7;0;10;instances/qg.order30.col;900;26100;greedy
88;9813052;10000;10;1000;1000;0.7;0;10;instances/qg.order30.col;900;26100;greedy
88;8857661;10000;10;1000;1000;0.7;0;10;instances/qg.order30.col;900;26100;greedy
88;8783720;10000;10;1000;1000;0.7;0;10;instances/qg.order30.col;900;26100;greedy
87;9686555;10000;10;1000;1000;0.7;1;10;instances/qg.order30.col;900;26100;greedy
88;8797603;10000;10;1000;1000;0.7;0;10;instances/qg.order30.col;900;26100;greedy
88;8914519;10000;10;1000;1000;0.7;0;10;instances/qg.order30.col;900;26100;greedy
88;8689577;10000;10;1000;1000;0.7;0;10;instances/qg.order30.col;900;26100;greedy
88;14863978;10000;10;1000;1000;0.8;0;10;instances/qg.order30.col;900;26100;greedy
88;13746792;10000;10;1000;1000;0.8;0;10;instances/qg.order30.col;900;26100;greedy
88;14953562;10000;10;1000;1000;0.8;0;10;instances/qg.order30.col;900;26100;greedy
88;13803218;10000;10;1000;1000;0.8;0;10;instances/qg.order30.col;900;26100;greedy
88;13816819;10000;10;1000;1000;0.8;0;10;instances/qg.order30.col;900;26100;greedy
88;14868379;10000;10;1000;1000;0.8;0;10;instances/qg.order30.col;900;26100;greedy
86;13681550;10000;10;1000;1000;0.8;0;10;instances/qg.order30.col;900;26100;greedy
88;14870163;10000;10;1000;1000;0.8;0;10;instances/qg.order30.col;900;26100;greedy
88;13798323;10000;10;1000;1000;0.8;0;10;instances/qg.order30.col;900;26100;greedy
88;14929168;10000;10;1000;1000;0.8;0;10;instances/qg.order30.col;900;26100;greedy
88;13811102;10000;10;1000;1000;0.8;0;10;instances/qg.order30.col;900;26100;greedy
88;13785971;10000;10;1000;1000;0.8;0;10;instances/qg.order30.col;900;26100;greedy
88;14877222;10000;10;1000;1000;0.8;0;10;instances/qg.order30.col;900;26100;greedy
88;13749106;10000;10;1000;1000;0.8;0;10;instances/qg.order30.col;900;26100;greedy
88;13774588;10000;10;1000;1000;0.8;0;10;instances/qg.order30.col;900;26100;greedy
88;15454866;10000;10;1000;1000;0.8;0;10;instances/qg.order30.col;900;26100;greedy
88;13752687;10000;10;1000;1000;0.8;0;10;instances/qg.order30.col;900;26100;greedy
88;14943121;10000;10;1000;1000;0.8;0;10;instances/qg.order30.col;900;26100;greedy
88;13768880;10000;10;1000;1000;0.8;0;10;instances/qg.order30.col;900;26100;greedy
88;13792765;10000;10;1000;1000;0.8;0;10;instances/qg.order30.col;900;26100;greedy
88;29699267;10000;10;1000;1000;0.9;0;10;instances/qg.order30.col;900;26100;greedy
88;29684732;10000;10;1000;1000;0.9;0;10;instances/qg.order30.col;900;26100;greedy
88;29682838;10000;10;1000;1000;0.9;0;10;instances/qg.order30.col;900;26100;greedy
88;29673226;10000;10;1000;1000;0.9;0;10;instances/qg.order30.col;900;26100;greedy
88;29645916;10000;10;1000;1000;0.9;0;10;instances/qg.order30.col;900;26100;greedy
88;29667030;10000;10;1000;1000;0.9;0;10;instances/qg.order30.col;900;26100;greedy
88;29548030;10000;10;1000;1000;0.9;0;10;instances/qg.order30.col;900;26100;greedy
88;28389121;10000;10;1000;1000;0.9;0;10;instances/qg.order30.col;900;26100;greedy
87;29472402;10000;10;1000;1000;0.9;1;10;instances/qg.order30.col;900;26100;greedy
88;29748506;10000;10;1000;1000;0.9;0;10;instances/qg.order30.col;900;26100;greedy
88;29742515;10000;10;1000;1000;0.9;0;10;instances/qg.order30.col;900;26100;greedy
88;29785882;10000;10;1000;1000;0.9;0;10;instances/qg.order30.col;900;26100;greedy
88;29903678;10000;10;1000;1000;0.9;0;10;instances/qg.order30.col;900;26100;greedy
88;29797984;10000;10;1000;1000;0.9;0;10;instances/qg.order30.col;900;26100;greedy
88;29468313;10000;10;1000;1000;0.9;0;10;instances/qg.order30.col;900;26100;greedy
88;29605397;10000;10;1000;1000;0.9;0;10;instances/qg.order30.col;900;26100;greedy
88;28465546;10000;10;1000;1000;0.9;0;10;instances/qg.order30.col;900;26100;greedy
86;29728896;10000;10;1000;1000;0.9;0;10;instances/qg.order30.col;900;26100;greedy
88;29881437;10000;10;1000;1000;0.9;0;10;instances/qg.order30.col;900;26100;greedy
88;29569202;10000;10;1000;1000;0.9;0;10;instances/qg.order30.col;900;26100;greedy
