358;696557;100;10;1000;1000;0.6;7855;7;instances/queen13_13.col;169;6656;random
334;704142;100;10;1000;1000;0.6;8546;7;instances/queen13_13.col;169;6656;random
368;711527;100;10;1000;1000;0.6;8074;7;instances/queen13_13.col;169;6656;random
350;723128;100;10;1000;1000;0.6;7463;7;instances/queen13_13.col;169;6656;random
342;764227;100;10;1000;1000;0.6;7972;7;instances/queen13_13.col;169;6656;random
360;751510;100;10;1000;1000;0.6;6422;7;instances/queen13_13.col;169;6656;random
354;723831;100;10;1000;1000;0.6;7578;7;instances/queen13_13.col;169;6656;random
344;737320;100;10;1000;1000;0.6;7387;7;instances/queen13_13.col;169;6656;random
364;708438;100;10;1000;1000;0.6;8562;7;instances/queen13_13.col;169;6656;random
364;738338;100;10;1000;1000;0.6;5347;7;instances/queen13_13.col;169;6656;random
352;737667;100;10;1000;1000;0.6;7939;7;instances/queen13_13.col;169;6656;random
362;773492;100;10;1000;1000;0.6;9030;7;instances/queen13_13.col;169;6656;random
350;736032;100;10;1000;1000;0.6;7406;7;instances/queen13_13.col;169;6656;random
350;742558;100;10;1000;1000;0.6;8926;7;instances/queen13_13.col;169;6656;random
340;725445;100;10;1000;1000;0.6;7823;7;instances/queen13_13.col;169;6656;random
366;724562;100;10;1000;1000;0.6;8992;7;instances/queen13_13.col;169;6656;random
358;736331;100;10;1000;1000;0.6;7616;7;instances/queen13_13.col;169;6656;random
370;735684;100;10;1000;1000;0.6;6516;7;instances/queen13_13.col;169;6656;random
354;767691;100;10;1000;1000;0.6;8433;7;instances/queen13_13.col;169;6656;random
368;721906;100;10;1000;1000;0.6;6434;7;instances/queen13_13.col;169;6656;random
374;1026014;100;10;1000;1000;0.7;12548;7;instances/queen13_13.col;169;6656;random
350;1041477;100;10;1000;1000;0.7;9751;7;instances/queen13_13.col;169;6656;random
358;1029379;100;10;1000;1000;0.7;12108;7;instances/queen13_13.col;169;6656;random
352;1021283;100;10;1000;1000;0.7;9950;7;instances/queen13_13.col;169;6656;random
348;1021688;100;10;1000;1000;0.7;12539;7;instances/queen13_13.col;169;6656;random
350;1024067;100;10;1000;1000;0.7;12393;7;instances/queen13_13.col;169;6656;random
360;1800002;100;10;1000;1000;0.7;7470;7;instances/queen13_13.col;169;6656;random
358;1044256;100;10;1000;1000;0.7;9994;7;instances/queen13_13.col;169;6656;random
346;1054199;100;10;1000;1000;0.7;10431;7;instances/queen13_13.col;169;6656;random
342;1018010;100;10;1000;1000;0.7;9090;7;instances/queen13_13.col;169;6656;random
344;1031409;100;10;1000;1000;0.7;12306;7;instances/queen13_13.col;169;6656;random
360;1029116;100;10;1000;1000;0.7;12633;7;instances/queen13_13.col;169;6656;random
358;1026922;100;10;1000;1000;0.7;9181;7;instances/queen13_13.col;169;6656;random
364;1035616;100;10;1000;1000;0.7;12114;7;instances/queen13_13.col;169;6656;random
332;959901;100;10;1000;1000;0.7;12408;7;instances/queen13_13.col;169;6656;random
352;979285;100;10;1000;1000;0.7;9778;7;instances/queen13_13.col;169;6656;random
354;984966;100;10;1000;1000;0.7;8513;7;instances/queen13_13.col;169;6656;random
358;1013685;100;10;1000;1000;0.7;7448;7;instances/queen13_13.col;169;6656;random
362;1010482;100;10;1000;1000;0.7;10763;7;instances/queen13_13.col;169;6656;random
354;1043800;100;10;1000;1000;0.7;8310;7;instances/queen13_13.col;169;6656;random
346;1520531;100;10;1000;1000;0.8;17479;9;instances/queen13_13.col;169;6656;random
350;1499281;100;10;1000;1000;0.8;16526;9;instances/queen13_13.col;169;6656;random
346;1496070;100;10;1000;1000;0.8;16943;9;instances/queen13_13.col;169;6656;random
348;1507753;100;10;1000;1000;0.8;17380;9;instances/queen13_13.col;169;6656;random
352;1462125;100;10;1000;1000;0.8;17774;9;instances/queen13_13.col;169;6656;random
344;1513698;100;10;1000;1000;0.8;16424;9;instances/queen13_13.col;169;6656;random
354;1468787;100;10;1000;1000;0.8;17198;9;instances/queen13_13.col;169;6656;random
366;1472346;100;10;1000;1000;0.8;15727;9;instances/queen13_13.col;169;6656;random
352;1463709;100;10;1000;1000;0.8;14796;9;instances/queen13_13.col;169;6656;random
338;1491321;100;10;1000;1000;0.8;13033;9;instances/queen13_13.col;169;6656;random
362;1494717;100;10;1000;1000;0.8;16616;9;instances/queen13_13.col;169;6656;random
332;1448187;100;10;1000;1000;0.8;16420;9;instances/queen13_13.col;169;6656;random
340;2240892;100;10;1000;1000;0.8;15009;9;instances/queen13_13.col;169;6656;random
344;1501012;100;10;1000;1000;0.8;12946;9;instances/queen13_13.col;169;6656;random
362;1475626;100;10;1000;1000;0.8;15854;9;instances/queen13_13.col;169;6656;random
326;1463560;100;10;1000;1000;0.8;14773;9;instances/queen13_13.col;169;6656;random
356;1485531;100;10;1000;1000;0.8;16545;9;instances/queen13_13.col;169;6656;random
340;1415699;100;10;1000;1000;0.8;17572;9;instances/queen13_13.col;169;6656;random
368;1397976;100;10;1000;1000;0.8;17896;9;instances/queen13_13.col;169;6656;random
352;1360647;100;10;1000;1000;0.8;17789;9;instances/queen13_13.col;169;6656;random
360;2765403;100;10;1000;1000;0.9;10841;9;instances/queen13_13.col;169;6656;random
332;2759842;100;10;1000;1000;0.9;24120;9;instances/queen13_13.col;169;6656;random
334;2800545;100;10;1000;1000;0.9;33619;9;instances/queen13_13.col;169;6656;random
338;2752398;100;10;1000;1000;0.9;34023;9;instances/queen13_13.col;169;6656;random
352;2820717;100;10;1000;1000;0.9;33555;9;instances/queen13_13.col;169;6656;random
346;2764137;100;10;1000;1000;0.9;30795;9;instances/queen13_13.col;169;6656;random
328;2714627;100;10;1000;1000;0.9;32937;9;instances/queen13_13.col;169;6656;random
332;3541686;100;10;1000;1000;0.9;28730;9;instances/queen13_13.col;169;6656;random
352;2842107;100;10;1000;1000;0.9;30322;9;instances/queen13_13.col;169;6656;random
342;2811235;100;10;1000;1000;0.9;32762;9;instances/queen13_13.col;169;6656;random
346;2668011;100;10;1000;1000;0.9;33308;9;instances/queen13_13.col;169;6656;random
322;2695462;100;10;1000;1000;0.9;33506;9;instances/queen13_13.col;169;6656;random
344;2742415;100;10;1000;1000;0.9;31023;9;instances/queen13_13.col;169;6656;random
354;2833282;100;10;1000;1000;0.9;31086;9;instances/queen13_13.col;169;6656;random
314;2766955;100;10;1000;1000;0.9;32243;9;instances/queen13_13.col;169;6656;random
352;2772905;100;10;1000;1000;0.9;14017;9;instances/queen13_13.col;169;6656;random
356;2825690;100;10;1000;1000;0.9;29688;9;instances/queen13_13.col;169;6656;random
346;2789423;100;10;1000;1000;0.9;31053;9;instances/queen13_13.col;169;6656;random
344;2810830;100;10;1000;1000;0.9;29904;9;instances/queen13_13.col;169;6656;random
352;3541975;100;10;1000;1000;0.9;29205;9;instances/queen13_13.col;169;6656;random
364;1281765;1000;10;1000;1000;0.6;13426;9;instances/queen13_13.col;169;6656;random
376;1273129;1000;10;1000;1000;0.6;15125;9;instances/queen13_13.col;169;6656;random
356;1268632;1000;10;1000;1000;0.6;14342;9;instances/queen13_13.col;169;6656;random
378;1275285;1000;10;1000;1000;0.6;14942;9;instances/queen13_13.col;169;6656;random
362;1232659;1000;10;1000;1000;0.6;15826;9;instances/queen13_13.col;169;6656;random
370;1216774;1000;10;1000;1000;0.6;15058;9;instances/queen13_13.col;169;6656;random
374;1252973;1000;10;1000;1000;0.6;14016;9;instances/queen13_13.col;169;6656;random
352;1293106;1000;10;1000;1000;0.6;14977;9;instances/queen13_13.col;169;6656;random
362;1305696;1000;10;1000;1000;0.6;14837;9;instances/queen13_13.col;169;6656;random
362;1291593;1000;10;1000;1000;0.6;9689;9;instances/queen13_13.col;169;6656;random
344;1292905;1000;10;1000;1000;0.6;15711;9;instances/queen13_13.col;169;6656;random
364;1280811;1000;10;1000;1000;0.6;11837;9;instances/queen13_13.col;169;6656;random
372;1251987;1000;10;1000;1000;0.6;15324;9;instances/queen13_13.col;169;6656;random
354;1269240;1000;10;1000;1000;0.6;12730;9;instances/queen13_13.col;169;6656;random
362;1380285;1000;10;1000;1000;0.6;15175;9;instances/queen13_13.col;169;6656;random
380;1296730;1000;10;1000;1000;0.6;14315;9;instances/queen13_13.col;169;6656;random
344;1317599;1000;10;1000;1000;0.6;14085;9;instances/queen13_13.col;169;6656;random
360;1286237;1000;10;1000;1000;0.6;14942;9;instances/queen13_13.col;169;6656;random
380;1334451;1000;10;1000;1000;0.6;13195;9;instances/queen13_13.col;169;6656;random
348;1287681;1000;10;1000;1000;0.6;14451;9;instances/queen13_13.col;169;6656;random
342;1868343;1000;10;1000;1000;0.7;21207;8;instances/queen13_13.col;169;6656;random
342;1828617;1000;10;1000;1000;0.7;22109;8;instances/queen13_13.col;169;6656;random
340;2611363;1000;10;1000;1000;0.7;21978;8;instances/queen13_13.col;169;6656;random
346;1876305;1000;10;1000;1000;0.7;8000;8;instances/queen13_13.col;169;6656;random
336;1887798;1000;10;1000;1000;0.7;22013;8;instances/queen13_13.col;169;6656;random
332;1863424;1000;10;1000;1000;0.7;21792;8;instances/queen13_13.col;169;6656;random
356;1765995;1000;10;1000;1000;0.7;22725;8;instances/queen13_13.col;169;6656;random
368;1819786;1000;10;1000;1000;0.7;22382;8;instances/queen13_13.col;169;6656;random
354;1838856;1000;10;1000;1000;0.7;22300;8;instances/queen13_13.col;169;6656;random
358;1907130;1000;10;1000;1000;0.7;21541;8;instances/queen13_13.col;169;6656;random
356;1854176;1000;10;1000;1000;0.7;22833;8;instances/queen13_13.col;169;6656;random
342;1883123;1000;10;1000;1000;0.7;21336;8;instances/queen13_13.col;169;6656;random
374;1869868;1000;10;1000;1000;0.7;22640;8;instances/queen13_13.col;169;6656;random
370;1877000;1000;10;1000;1000;0.7;22769;8;instances/queen13_13.col;169;6656;random
370;1847544;1000;10;1000;1000;0.7;22378;8;instances/queen13_13.col;169;6656;random
352;1876156;1000;10;1000;1000;0.7;19786;8;instances/queen13_13.col;169;6656;random
350;1883979;1000;10;1000;1000;0.7;21316;8;instances/queen13_13.col;169;6656;random
364;1831310;1000;10;1000;1000;0.7;21209;8;instances/queen13_13.col;169;6656;random
352;1892684;1000;10;1000;1000;0.7;22697;8;instances/queen13_13.col;169;6656;random
344;2598691;1000;10;1000;1000;0.7;22462;8;instances/queen13_13.col;169;6656;random
350;2871935;1000;10;1000;1000;0.8;33930;9;instances/queen13_13.col;169;6656;random
344;2932976;1000;10;1000;1000;0.8;28677;9;instances/queen13_13.col;169;6656;random
364;2734291;1000;10;1000;1000;0.8;32103;9;instances/queen13_13.col;169;6656;random
358;2748728;1000;10;1000;1000;0.8;29454;9;instances/queen13_13.col;169;6656;random
360;2884689;1000;10;1000;1000;0.8;24325;9;instances/queen13_13.col;169;6656;random
340;2843553;1000;10;1000;1000;0.8;24224;9;instances/queen13_13.col;169;6656;random
346;2873291;1000;10;1000;1000;0.8;33841;9;instances/queen13_13.col;169;6656;random
348;2940778;1000;10;1000;1000;0.8;34133;9;instances/queen13_13.col;169;6656;random
360;2898000;1000;10;1000;1000;0.8;34154;9;instances/queen13_13.col;169;6656;random
370;2859083;1000;10;1000;1000;0.8;13578;9;instances/queen13_13.col;169;6656;random
342;3610912;1000;10;1000;1000;0.8;32073;9;instances/queen13_13.col;169;6656;random
360;2886415;1000;10;1000;1000;0.8;3232;9;instances/queen13_13.col;169;6656;random
352;2840567;1000;10;1000;1000;0.8;32501;9;instances/queen13_13.col;169;6656;random
356;2769202;1000;10;1000;1000;0.8;32789;9;instances/queen13_13.col;169;6656;random
354;2738087;1000;10;1000;1000;0.8;33186;9;instances/queen13_13.col;169;6656;random
336;2900302;1000;10;1000;1000;0.8;35210;9;instances/queen13_13.col;169;6656;random
338;2862352;1000;10;1000;1000;0.8;34413;9;instances/queen13_13.col;169;6656;random
376;2860654;1000;10;1000;1000;0.8;14455;9;instances/queen13_13.col;169;6656;random
334;2822128;1000;10;1000;1000;0.8;30812;9;instances/queen13_13.col;169;6656;random
354;2881695;1000;10;1000;1000;0.8;33800;9;instances/queen13_13.col;169;6656;random
350;5804971;1000;10;1000;1000;0.9;63602;10;instances/queen13_13.col;169;6656;random
350;6463284;1000;10;1000;1000;0.9;69812;10;instances/queen13_13.col;169;6656;random
340;5512240;1000;10;1000;1000;0.9;66745;10;instances/queen13_13.col;169;6656;random
350;5720672;1000;10;1000;1000;0.9;13672;10;instances/queen13_13.col;169;6656;random
364;5733321;1000;10;1000;1000;0.9;67257;10;instances/queen13_13.col;169;6656;random
336;5716407;1000;10;1000;1000;0.9;61918;10;instances/queen13_13.col;169;6656;random
354;6429522;1000;10;1000;1000;0.9;61048;10;instances/queen13_13.col;169;6656;random
330;5673708;1000;10;1000;1000;0.9;67318;10;instances/queen13_13.col;169;6656;random
346;5536981;1000;10;1000;1000;0.9;59547;10;instances/queen13_13.col;169;6656;random
352;5763719;1000;10;1000;1000;0.9;64156;10;instances/queen13_13.col;169;6656;random
326;5679825;1000;10;1000;1000;0.9;68404;10;instances/queen13_13.col;169;6656;random
346;5704871;1000;10;1000;1000;0.9;64854;10;instances/queen13_13.col;169;6656;random
344;5769582;1000;10;1000;1000;0.9;67018;10;instances/queen13_13.col;169;6656;random
354;5891282;1000;10;1000;1000;0.9;61018;10;instances/queen13_13.col;169;6656;random
358;5879098;1000;10;1000;1000;0.9;48205;10;instances/queen13_13.col;169;6656;random
352;6444941;1000;10;1000;1000;0.9;69605;10;instances/queen13_13.col;169;6656;random
350;5475913;1000;10;1000;1000;0.9;60003;10;instances/queen13_13.col;169;6656;random
358;5717816;1000;10;1000;1000;0.9;66917;10;instances/queen13_13.col;169;6656;random
352;5831082;1000;10;1000;1000;0.9;62746;10;instances/queen13_13.col;169;6656;random
348;5812822;1000;10;1000;1000;0.9;68915;10;instances/queen13_13.col;169;6656;random
376;1703743;5000;10;1000;1000;0.6;5387;10;instances/queen13_13.col;169;6656;random
374;1716318;5000;10;1000;1000;0.6;19393;10;instances/queen13_13.col;169;6656;random
362;2250183;5000;10;1000;1000;0.6;19841;10;instances/queen13_13.col;169;6656;random
344;1723936;5000;10;1000;1000;0.6;19947;10;instances/queen13_13.col;169;6656;random
372;1735710;5000;10;1000;1000;0.6;18507;10;instances/queen13_13.col;169;6656;random
360;1720668;5000;10;1000;1000;0.6;11636;10;instances/queen13_13.col;169;6656;random
370;1599419;5000;10;1000;1000;0.6;12089;10;instances/queen13_13.col;169;6656;random
374;1579788;5000;10;1000;1000;0.6;19182;10;instances/queen13_13.col;169;6656;random
378;1654061;5000;10;1000;1000;0.6;19353;10;instances/queen13_13.col;169;6656;random
384;1760431;5000;10;1000;1000;0.6;3040;10;instances/queen13_13.col;169;6656;random
368;1725002;5000;10;1000;1000;0.6;20928;10;instances/queen13_13.col;169;6656;random
352;1711840;5000;10;1000;1000;0.6;19882;10;instances/queen13_13.col;169;6656;random
360;1728823;5000;10;1000;1000;0.6;18604;10;instances/queen13_13.col;169;6656;random
362;1769000;5000;10;1000;1000;0.6;18219;10;instances/queen13_13.col;169;6656;random
376;1707387;5000;10;1000;1000;0.6;20692;10;instances/queen13_13.col;169;6656;random
366;1733180;5000;10;1000;1000;0.6;19736;10;instances/queen13_13.col;169;6656;random
356;1723373;5000;10;1000;1000;0.6;19587;10;instances/queen13_13.col;169;6656;random
348;1711796;5000;10;1000;1000;0.6;20230;10;instances/queen13_13.col;169;6656;random
374;1717415;5000;10;1000;1000;0.6;14461;10;instances/queen13_13.col;169;6656;random
358;1715838;5000;10;1000;1000;0.6;20136;10;instances/queen13_13.col;169;6656;random
362;2969640;5000;10;1000;1000;0.7;29035;10;instances/queen13_13.col;169;6656;random
354;2453584;5000;10;1000;1000;0.7;26172;10;instances/queen13_13.col;169;6656;random
348;2440796;5000;10;1000;1000;0.7;28419;10;instances/queen13_13.col;169;6656;random
368;2317034;5000;10;1000;1000;0.7;28751;10;instances/queen13_13.col;169;6656;random
368;2303215;5000;10;1000;1000;0.7;29431;10;instances/queen13_13.col;169;6656;random
374;2434841;5000;10;1000;1000;0.7;28225;10;instances/queen13_13.col;169;6656;random
364;2456812;5000;10;1000;1000;0.7;28612;10;instances/queen13_13.col;169;6656;random
356;2406017;5000;10;1000;1000;0.7;26202;10;instances/queen13_13.col;169;6656;random
350;2412557;5000;10;1000;1000;0.7;29146;10;instances/queen13_13.col;169;6656;random
354;2447468;5000;10;1000;1000;0.7;29379;10;instances/queen13_13.col;169;6656;random
360;2465740;5000;10;1000;1000;0.7;29101;10;instances/queen13_13.col;169;6656;random
368;2481292;5000;10;1000;1000;0.7;27213;10;instances/queen13_13.col;169;6656;random
370;2431183;5000;10;1000;1000;0.7;27906;10;instances/queen13_13.col;169;6656;random
340;2963412;5000;10;1000;1000;0.7;29187;10;instances/queen13_13.col;169;6656;random
360;2454513;5000;10;1000;1000;0.7;26107;10;instances/queen13_13.col;169;6656;random
360;2404867;5000;10;1000;1000;0.7;29379;10;instances/queen13_13.col;169;6656;random
348;2377760;5000;10;1000;1000;0.7;28510;10;instances/queen13_13.col;169;6656;random
360;2263583;5000;10;1000;1000;0.7;28823;10;instances/queen13_13.col;169;6656;random
334;2381153;5000;10;1000;1000;0.7;24285;10;instances/queen13_13.col;169;6656;random
348;2466004;5000;10;1000;1000;0.7;26145;10;instances/queen13_13.col;169;6656;random
370;3794722;5000;10;1000;1000;0.8;32098;10;instances/queen13_13.col;169;6656;random
370;3918294;5000;10;1000;1000;0.8;47096;10;instances/queen13_13.col;169;6656;random
360;3881667;5000;10;1000;1000;0.8;39831;10;instances/queen13_13.col;169;6656;random
354;3901810;5000;10;1000;1000;0.8;44118;10;instances/queen13_13.col;169;6656;random
360;4298167;5000;10;1000;1000;0.8;43514;10;instances/queen13_13.col;169;6656;random
362;3859799;5000;10;1000;1000;0.8;41710;10;instances/queen13_13.col;169;6656;random
338;3758104;5000;10;1000;1000;0.8;44292;10;instances/queen13_13.col;169;6656;random
338;3896726;5000;10;1000;1000;0.8;44186;10;instances/queen13_13.col;169;6656;random
352;3799727;5000;10;1000;1000;0.8;28130;10;instances/queen13_13.col;169;6656;random
346;3850197;5000;10;1000;1000;0.8;46529;10;instances/queen13_13.col;169;6656;random
354;3831392;5000;10;1000;1000;0.8;46784;10;instances/queen13_13.col;169;6656;random
356;3818426;5000;10;1000;1000;0.8;47003;10;instances/queen13_13.col;169;6656;random
348;3827039;5000;10;1000;1000;0.8;46650;10;instances/queen13_13.col;169;6656;random
338;4384149;5000;10;1000;1000;0.8;43324;10;instances/queen13_13.col;169;6656;random
346;3807247;5000;10;1000;1000;0.8;44757;10;instances/queen13_13.col;169;6656;random
350;3816075;5000;10;1000;1000;0.8;39484;10;instances/queen13_13.col;169;6656;random
356;3939531;5000;10;1000;1000;0.8;46906;10;instances/queen13_13.col;169;6656;random
332;3832485;5000;10;1000;1000;0.8;46099;10;instances/queen13_13.col;169;6656;random
326;3858717;5000;10;1000;1000;0.8;45568;10;instances/queen13_13.col;169;6656;random
354;3819132;5000;10;1000;1000;0.8;42364;10;instances/queen13_13.col;169;6656;random
342;8582103;5000;10;1000;1000;0.9;91118;9;instances/queen13_13.col;169;6656;random
316;7961567;5000;10;1000;1000;0.9;92865;9;instances/queen13_13.col;169;6656;random
340;8030714;5000;10;1000;1000;0.9;89237;9;instances/queen13_13.col;169;6656;random
360;8033878;5000;10;1000;1000;0.9;96792;9;instances/queen13_13.col;169;6656;random
350;8577364;5000;10;1000;1000;0.9;95034;9;instances/queen13_13.col;169;6656;random
344;7923252;5000;10;1000;1000;0.9;92917;9;instances/queen13_13.col;169;6656;random
340;7963689;5000;10;1000;1000;0.9;86104;9;instances/queen13_13.col;169;6656;random
354;8017989;5000;10;1000;1000;0.9;95686;9;instances/queen13_13.col;169;6656;random
352;8494692;5000;10;1000;1000;0.9;92393;9;instances/queen13_13.col;169;6656;random
362;8037574;5000;10;1000;1000;0.9;83619;9;instances/queen13_13.col;169;6656;random
352;8038475;5000;10;1000;1000;0.9;96873;9;instances/queen13_13.col;169;6656;random
350;7999335;5000;10;1000;1000;0.9;96193;9;instances/queen13_13.col;169;6656;random
348;8470917;5000;10;1000;1000;0.9;91135;9;instances/queen13_13.col;169;6656;random
344;7879912;5000;10;1000;1000;0.9;91120;9;instances/queen13_13.col;169;6656;random
338;7941599;5000;10;1000;1000;0.9;90216;9;instances/queen13_13.col;169;6656;random
348;8033185;5000;10;1000;1000;0.9;87215;9;instances/queen13_13.col;169;6656;random
348;8020379;5000;10;1000;1000;0.9;97400;9;instances/queen13_13.col;169;6656;random
334;7940682;5000;10;1000;1000;0.9;94129;9;instances/queen13_13.col;169;6656;random
352;8689064;5000;10;1000;1000;0.9;96164;9;instances/queen13_13.col;169;6656;random
354;7957466;5000;10;1000;1000;0.9;92069;9;instances/queen13_13.col;169;6656;random
352;2052431;10000;10;1000;1000;0.6;24493;7;instances/queen13_13.col;169;6656;random
344;1987657;10000;10;1000;1000;0.6;24213;7;instances/queen13_13.col;169;6656;random
350;2006773;10000;10;1000;1000;0.6;23932;7;instances/queen13_13.col;169;6656;random
354;2015341;10000;10;1000;1000;0.6;22895;7;instances/queen13_13.col;169;6656;random
366;1988246;10000;10;1000;1000;0.6;24427;7;instances/queen13_13.col;169;6656;random
356;2019851;10000;10;1000;1000;0.6;21397;7;instances/queen13_13.col;169;6656;random
338;1996854;10000;10;1000;1000;0.6;24359;7;instances/queen13_13.col;169;6656;random
360;1986769;10000;10;1000;1000;0.6;23666;7;instances/queen13_13.col;169;6656;random
354;2003258;10000;10;1000;1000;0.6;22650;7;instances/queen13_13.col;169;6656;random
344;1992312;10000;10;1000;1000;0.6;23271;7;instances/queen13_13.col;169;6656;random
356;2008341;10000;10;1000;1000;0.6;24163;7;instances/queen13_13.col;169;6656;random
350;2500610;10000;10;1000;1000;0.6;24182;7;instances/queen13_13.col;169;6656;random
342;2008454;10000;10;1000;1000;0.6;23007;7;instances/queen13_13.col;169;6656;random
360;2070220;10000;10;1000;1000;0.6;23253;7;instances/queen13_13.col;169;6656;random
354;2033099;10000;10;1000;1000;0.6;22587;7;instances/queen13_13.col;169;6656;random
366;2000170;10000;10;1000;1000;0.6;21971;7;instances/queen13_13.col;169;6656;random
360;2021045;10000;10;1000;1000;0.6;22693;7;instances/queen13_13.col;169;6656;random
354;2039056;10000;10;1000;1000;0.6;23253;7;instances/queen13_13.col;169;6656;random
346;2042221;10000;10;1000;1000;0.6;22730;7;instances/queen13_13.col;169;6656;random
362;1964434;10000;10;1000;1000;0.6;23244;7;instances/queen13_13.col;169;6656;random
336;2697258;10000;10;1000;1000;0.7;32303;10;instances/queen13_13.col;169;6656;random
366;2745462;10000;10;1000;1000;0.7;31250;10;instances/queen13_13.col;169;6656;random
362;2670554;10000;10;1000;1000;0.7;32299;10;instances/queen13_13.col;169;6656;random
364;2719049;10000;10;1000;1000;0.7;31067;10;instances/queen13_13.col;169;6656;random
362;2741089;10000;10;1000;1000;0.7;31351;10;instances/queen13_13.col;169;6656;random
362;3184932;10000;10;1000;1000;0.7;32326;10;instances/queen13_13.col;169;6656;random
352;2717745;10000;10;1000;1000;0.7;494;10;instances/queen13_13.col;169;6656;random
348;2697917;10000;10;1000;1000;0.7;32138;10;instances/queen13_13.col;169;6656;random
366;2704030;10000;10;1000;1000;0.7;32582;10;instances/queen13_13.col;169;6656;random
344;2726622;10000;10;1000;1000;0.7;32194;10;instances/queen13_13.col;169;6656;random
364;2717040;10000;10;1000;1000;0.7;33048;10;instances/queen13_13.col;169;6656;random
342;2715994;10000;10;1000;1000;0.7;31002;10;instances/queen13_13.col;169;6656;random
352;2654524;10000;10;1000;1000;0.7;31148;10;instances/queen13_13.col;169;6656;random
366;2730279;10000;10;1000;1000;0.7;31172;10;instances/queen13_13.col;169;6656;random
342;2709060;10000;10;1000;1000;0.7;22759;10;instances/queen13_13.col;169;6656;random
362;2709164;10000;10;1000;1000;0.7;31852;10;instances/queen13_13.col;169;6656;random
362;2652688;10000;10;1000;1000;0.7;32314;10;instances/queen13_13.col;169;6656;random
354;3170964;10000;10;1000;1000;0.7;32316;10;instances/queen13_13.col;169;6656;random
362;2703124;10000;10;1000;1000;0.7;28975;10;instances/queen13_13.col;169;6656;random
368;2725235;10000;10;1000;1000;0.7;29751;10;instances/queen13_13.col;169;6656;random
354;4288119;10000;10;1000;1000;0.8;50545;10;instances/queen13_13.col;169;6656;random
346;4290470;10000;10;1000;1000;0.8;51579;10;instances/queen13_13.col;169;6656;random
368;4267303;10000;10;1000;1000;0.8;50218;10;instances/queen13_13.col;169;6656;random
342;4291550;10000;10;1000;1000;0.8;45488;10;instances/queen13_13.col;169;6656;random
366;4335864;10000;10;1000;1000;0.8;47429;10;instances/queen13_13.col;169;6656;random
350;4762306;10000;10;1000;1000;0.8;50637;10;instances/queen13_13.col;169;6656;random
352;4252771;10000;10;1000;1000;0.8;52046;10;instances/queen13_13.col;169;6656;random
358;4266125;10000;10;1000;1000;0.8;45857;10;instances/queen13_13.col;169;6656;random
366;4299527;10000;10;1000;1000;0.8;47493;10;instances/queen13_13.col;169;6656;random
362;4485025;10000;10;1000;1000;0.8;44287;10;instances/queen13_13.col;169;6656;random
352;4359161;10000;10;1000;1000;0.8;52023;10;instances/queen13_13.col;169;6656;random
342;4329179;10000;10;1000;1000;0.8;51472;10;instances/queen13_13.col;169;6656;random
346;4292349;10000;10;1000;1000;0.8;50669;10;instances/queen13_13.col;169;6656;random
360;4865999;10000;10;1000;1000;0.8;51289;10;instances/queen13_13.col;169;6656;random
368;4411208;10000;10;1000;1000;0.8;43474;10;instances/queen13_13.col;169;6656;random
362;4345266;10000;10;1000;1000;0.8;50177;10;instances/queen13_13.col;169;6656;random
348;4282062;10000;10;1000;1000;0.8;49934;10;instances/queen13_13.col;169;6656;random
356;4320717;10000;10;1000;1000;0.8;41743;10;instances/queen13_13.col;169;6656;random
352;4262516;10000;10;1000;1000;0.8;11989;10;instances/queen13_13.col;169;6656;random
352;4306538;10000;10;1000;1000;0.8;51667;10;instances/queen13_13.col;169;6656;random
346;8894822;10000;10;1000;1000;0.9;107015;10;instances/queen13_13.col;169;6656;random
342;8820527;10000;10;1000;1000;0.9;103058;10;instances/queen13_13.col;169;6656;random
322;8869168;10000;10;1000;1000;0.9;107192;10;instances/queen13_13.col;169;6656;random
340;9641805;10000;10;1000;1000;0.9;107230;10;instances/queen13_13.col;169;6656;random
362;8967428;10000;10;1000;1000;0.9;108121;10;instances/queen13_13.col;169;6656;random
342;8749242;10000;10;1000;1000;0.9;106691;10;instances/queen13_13.col;169;6656;random
342;8637556;10000;10;1000;1000;0.9;105658;10;instances/queen13_13.col;169;6656;random
346;9308310;10000;10;1000;1000;0.9;94156;10;instances/queen13_13.col;169;6656;random
348;8812360;10000;10;1000;1000;0.9;98712;10;instances/queen13_13.col;169;6656;random
344;8790583;10000;10;1000;1000;0.9;105902;10;instances/queen13_13.col;169;6656;random
358;8749947;10000;10;1000;1000;0.9;104051;10;instances/queen13_13.col;169;6656;random
356;9261632;10000;10;1000;1000;0.9;89750;10;instances/queen13_13.col;169;6656;random
348;8563917;10000;10;1000;1000;0.9;102345;10;instances/queen13_13.col;169;6656;random
346;8747663;10000;10;1000;1000;0.9;103541;10;instances/queen13_13.col;169;6656;random
332;9551876;10000;10;1000;1000;0.9;107132;10;instances/queen13_13.col;169;6656;random
336;8849714;10000;10;1000;1000;0.9;106548;10;instances/queen13_13.col;169;6656;random
340;8744310;10000;10;1000;1000;0.9;106830;10;instances/queen13_13.col;169;6656;random
358;8737208;10000;10;1000;1000;0.9;11490;10;instances/queen13_13.col;169;6656;random
340;9500807;10000;10;1000;1000;0.9;107024;10;instances/queen13_13.col;169;6656;random
352;8807384;10000;10;1000;1000;0.9;104915;10;instances/queen13_13.col;169;6656;random
122;713800;100;10;1000;1000;0.6;0;7;instances/queen13_13.col;169;6656;greedy
122;781949;100;10;1000;1000;0.6;0;7;instances/queen13_13.col;169;6656;greedy
122;702134;100;10;1000;1000;0.6;0;7;instances/queen13_13.col;169;6656;greedy
122;703582;100;10;1000;1000;0.6;0;7;instances/queen13_13.col;169;6656;greedy
122;715767;100;10;1000;1000;0.6;0;7;instances/queen13_13.col;169;6656;greedy
120;701671;100;10;1000;1000;0.6;1;7;instances/queen13_13.col;169;6656;greedy
122;701066;100;10;1000;1000;0.6;0;7;instances/queen13_13.col;169;6656;greedy
122;711388;100;10;1000;1000;0.6;0;7;instances/queen13_13.col;169;6656;greedy
122;708671;100;10;1000;1000;0.6;0;7;instances/queen13_13.col;169;6656;greedy
122;710811;100;10;1000;1000;0.6;0;7;instances/queen13_13.col;169;6656;greedy
120;710414;100;10;1000;1000;0.6;0;7;instances/queen13_13.col;169;6656;greedy
122;726650;100;10;1000;1000;0.6;0;7;instances/queen13_13.col;169;6656;greedy
122;724957;100;10;1000;1000;0.6;0;7;instances/queen13_13.col;169;6656;greedy
122;712278;100;10;1000;1000;0.6;0;7;instances/queen13_13.col;169;6656;greedy
122;712590;100;10;1000;1000;0.6;0;7;instances/queen13_13.col;169;6656;greedy
122;1416976;100;10;1000;1000;0.6;0;7;instances/queen13_13.col;169;6656;greedy
122;725943;100;10;1000;1000;0.6;0;7;instances/queen13_13.col;169;6656;greedy
120;704489;100;10;1000;1000;0.6;0;7;instances/queen13_13.col;169;6656;greedy
122;704987;100;10;1000;1000;0.6;0;7;instances/queen13_13.col;169;6656;greedy
118;708340;100;10;1000;1000;0.6;1;7;instances/queen13_13.col;169;6656;greedy
122;997592;100;10;1000;1000;0.7;0;7;instances/queen13_13.col;169;6656;greedy
122;1027819;100;10;1000;1000;0.7;0;7;instances/queen13_13.col;169;6656;greedy
122;994896;100;10;1000;1000;0.7;0;7;instances/queen13_13.col;169;6656;greedy
122;1027652;100;10;1000;1000;0.7;0;7;instances/queen13_13.col;169;6656;greedy
122;1006012;100;10;1000;1000;0.7;0;7;instances/queen13_13.col;169;6656;greedy
122;1012385;100;10;1000;1000;0.7;0;7;instances/queen13_13.col;169;6656;greedy
122;995297;100;10;1000;1000;0.7;0;7;instances/queen13_13.col;169;6656;greedy
122;995910;100;10;1000;1000;0.7;0;7;instances/queen13_13.col;169;6656;greedy
122;1012161;100;10;1000;1000;0.7;0;7;instances/queen13_13.col;169;6656;greedy
122;1013173;100;10;1000;1000;0.7;0;7;instances/queen13_13.col;169;6656;greedy
122;981355;100;10;1000;1000;0.7;0;7;instances/queen13_13.col;169;6656;greedy
122;1016606;100;10;1000;1000;0.7;0;7;instances/queen13_13.col;169;6656;greedy
122;1009139;100;10;1000;1000;0.7;0;7;instances/queen13_13.col;169;6656;greedy
122;1017362;100;10;1000;1000;0.7;0;7;instances/queen13_13.col;169;6656;greedy
122;1003806;100;10;1000;1000;0.7;0;7;instances/queen13_13.col;169;6656;greedy
120;1010320;100;10;1000;1000;0.7;0;7;instances/queen13_13.col;169;6656;greedy
122;1007308;100;10;1000;1000;0.7;0;7;instances/queen13_13.col;169;6656;greedy
122;1005876;100;10;1000;1000;0.7;0;7;instances/queen13_13.col;169;6656;greedy
122;1008725;100;10;1000;1000;0.7;0;7;instances/queen13_13.col;169;6656;greedy
122;1008507;100;10;1000;1000;0.7;0;7;instances/queen13_13.col;169;6656;greedy
122;1422036;100;10;1000;1000;0.8;0;9;instances/queen13_13.col;169;6656;greedy
122;1475525;100;10;1000;1000;0.8;0;9;instances/queen13_13.col;169;6656;greedy
122;1485445;100;10;1000;1000;0.8;0;9;instances/queen13_13.col;169;6656;greedy
122;1434718;100;10;1000;1000;0.8;0;9;instances/queen13_13.col;169;6656;greedy
122;1433460;100;10;1000;1000;0.8;0;9;instances/queen13_13.col;169;6656;greedy
120;1451063;100;10;1000;1000;0.8;0;9;instances/queen13_13.col;169;6656;greedy
120;2146987;100;10;1000;1000;0.8;0;9;instances/queen13_13.col;169;6656;greedy
122;1453865;100;10;1000;1000;0.8;0;9;instances/queen13_13.col;169;6656;greedy
122;1446166;100;10;1000;1000;0.8;0;9;instances/queen13_13.col;169;6656;greedy
122;1473944;100;10;1000;1000;0.8;0;9;instances/queen13_13.col;169;6656;greedy
122;1419858;100;10;1000;1000;0.8;0;9;instances/queen13_13.col;169;6656;greedy
122;1425227;100;10;1000;1000;0.8;0;9;instances/queen13_13.col;169;6656;greedy
122;1436779;100;10;1000;1000;0.8;0;9;instances/queen13_13.col;169;6656;greedy
122;1419035;100;10;1000;1000;0.8;0;9;instances/queen13_13.col;169;6656;greedy
122;1439572;100;10;1000;1000;0.8;0;9;instances/queen13_13.col;169;6656;greedy
122;1417030;100;10;1000;1000;0.8;0;9;instances/queen13_13.col;169;6656;greedy
122;1410105;100;10;1000;1000;0.8;0;9;instances/queen13_13.col;169;6656;greedy
122;1414161;100;10;1000;1000;0.8;0;9;instances/queen13_13.col;169;6656;greedy
122;1433213;100;10;1000;1000;0.8;0;9;instances/queen13_13.col;169;6656;greedy
122;1423433;100;10;1000;1000;0.8;0;9;instances/queen13_13.col;169;6656;greedy
122;2711351;100;10;1000;1000;0.9;0;9;instances/queen13_13.col;169;6656;greedy
122;2730069;100;10;1000;1000;0.9;0;9;instances/queen13_13.col;169;6656;greedy
122;2753990;100;10;1000;1000;0.9;0;9;instances/queen13_13.col;169;6656;greedy
122;2750641;100;10;1000;1000;0.9;0;9;instances/queen13_13.col;169;6656;greedy
122;2789965;100;10;1000;1000;0.9;0;9;instances/queen13_13.col;169;6656;greedy
122;2734288;100;10;1000;1000;0.9;0;9;instances/queen13_13.col;169;6656;greedy
122;2752526;100;10;1000;1000;0.9;0;9;instances/queen13_13.col;169;6656;greedy
122;2765561;100;10;1000;1000;0.9;0;9;instances/queen13_13.col;169;6656;greedy
122;2706076;100;10;1000;1000;0.9;0;9;instances/queen13_13.col;169;6656;greedy
118;2714192;100;10;1000;1000;0.9;0;9;instances/queen13_13.col;169;6656;greedy
122;3801845;100;10;1000;1000;0.9;0;9;instances/queen13_13.col;169;6656;greedy
122;2725168;100;10;1000;1000;0.9;0;9;instances/queen13_13.col;169;6656;greedy
122;2727300;100;10;1000;1000;0.9;0;9;instances/queen13_13.col;169;6656;greedy
122;2744425;100;10;1000;1000;0.9;0;9;instances/queen13_13.col;169;6656;greedy
122;2712013;100;10;1000;1000;0.9;0;9;instances/queen13_13.col;169;6656;greedy
122;2687646;100;10;1000;1000;0.9;0;9;instances/queen13_13.col;169;6656;greedy
122;2707523;100;10;1000;1000;0.9;0;9;instances/queen13_13.col;169;6656;greedy
122;2700575;100;10;1000;1000;0.9;0;9;instances/queen13_13.col;169;6656;greedy
122;2757972;100;10;1000;1000;0.9;0;9;instances/queen13_13.col;169;6656;greedy
122;2754092;100;10;1000;1000;0.9;0;9;instances/queen13_13.col;169;6656;greedy
122;1271018;1000;10;1000;1000;0.6;0;9;instances/queen13_13.col;169;6656;greedy
122;1247145;1000;10;1000;1000;0.6;0;9;instances/queen13_13.col;169;6656;greedy
122;1265215;1000;10;1000;1000;0.6;0;9;instances/queen13_13.col;169;6656;greedy
120;1266456;1000;10;1000;1000;0.6;0;9;instances/queen13_13.col;169;6656;greedy
122;1967761;1000;10;1000;1000;0.6;0;9;instances/queen13_13.col;169;6656;greedy
122;1277227;1000;10;1000;1000;0.6;0;9;instances/queen13_13.col;169;6656;greedy
122;1276520;1000;10;1000;1000;0.6;0;9;instances/queen13_13.col;169;6656;greedy
118;1275788;1000;10;1000;1000;0.6;0;9;instances/queen13_13.col;169;6656;greedy
122;1309210;1000;10;1000;1000;0.6;0;9;instances/queen13_13.col;169;6656;greedy
122;1268611;1000;10;1000;1000;0.6;0;9;instances/queen13_13.col;169;6656;greedy
122;1263934;1000;10;1000;1000;0.6;0;9;instances/queen13_13.col;169;6656;greedy
122;1243717;1000;10;1000;1000;0.6;0;9;instances/queen13_13.col;169;6656;greedy
122;1292192;1000;10;1000;1000;0.6;0;9;instances/queen13_13.col;169;6656;greedy
122;1284842;1000;10;1000;1000;0.6;0;9;instances/queen13_13.col;169;6656;greedy
122;1278477;1000;10;1000;1000;0.6;0;9;instances/queen13_13.col;169;6656;greedy
122;1249176;1000;10;1000;1000;0.6;0;9;instances/queen13_13.col;169;6656;greedy
122;1278102;1000;10;1000;1000;0.6;0;9;instances/queen13_13.col;169;6656;greedy
122;1300067;1000;10;1000;1000;0.6;0;9;instances/queen13_13.col;169;6656;greedy
122;1264246;1000;10;1000;1000;0.6;0;9;instances/queen13_13.col;169;6656;greedy
122;1246900;1000;10;1000;1000;0.6;0;9;instances/queen13_13.col;169;6656;greedy
122;1854531;1000;10;1000;1000;0.7;0;8;instances/queen13_13.col;169;6656;greedy
122;1839536;1000;10;1000;1000;0.7;0;8;instances/queen13_13.col;169;6656;greedy
122;1856211;1000;10;1000;1000;0.7;0;8;instances/queen13_13.col;169;6656;greedy
122;1880338;1000;10;1000;1000;0.7;0;8;instances/queen13_13.col;169;6656;greedy
122;1846805;1000;10;1000;1000;0.7;0;8;instances/queen13_13.col;169;6656;greedy
122;1864129;1000;10;1000;1000;0.7;0;8;instances/queen13_13.col;169;6656;greedy
122;1834062;1000;10;1000;1000;0.7;0;8;instances/queen13_13.col;169;6656;greedy
122;1814211;1000;10;1000;1000;0.7;0;8;instances/queen13_13.col;169;6656;greedy
122;1851362;1000;10;1000;1000;0.7;0;8;instances/queen13_13.col;169;6656;greedy
122;1862502;1000;10;1000;1000;0.7;0;8;instances/queen13_13.col;169;6656;greedy
122;1849440;1000;10;1000;1000;0.7;0;8;instances/queen13_13.col;169;6656;greedy
122;1820827;1000;10;1000;1000;0.7;0;8;instances/queen13_13.col;169;6656;greedy
122;1842837;1000;10;1000;1000;0.7;0;8;instances/queen13_13.col;169;6656;greedy
122;1831375;1000;10;1000;1000;0.7;0;8;instances/queen13_13.col;169;6656;greedy
122;2868148;1000;10;1000;1000;0.7;0;8;instances/queen13_13.col;169;6656;greedy
122;1830735;1000;10;1000;1000;0.7;0;8;instances/queen13_13.col;169;6656;greedy
122;1833255;1000;10;1000;1000;0.7;0;8;instances/queen13_13.col;169;6656;greedy
122;1802797;1000;10;1000;1000;0.7;0;8;instances/queen13_13.col;169;6656;greedy
122;1799577;1000;10;1000;1000;0.7;0;8;instances/queen13_13.col;169;6656;greedy
122;1879719;1000;10;1000;1000;0.7;0;8;instances/queen13_13.col;169;6656;greedy
122;2842161;1000;10;1000;1000;0.8;0;9;instances/queen13_13.col;169;6656;greedy
122;2843754;1000;10;1000;1000;0.8;0;9;instances/queen13_13.col;169;6656;greedy
122;2792824;1000;10;1000;1000;0.8;0;9;instances/queen13_13.col;169;6656;greedy
122;2816399;1000;10;1000;1000;0.8;0;9;instances/queen13_13.col;169;6656;greedy
120;2854768;1000;10;1000;1000;0.8;0;9;instances/queen13_13.col;169;6656;greedy
122;2851578;1000;10;1000;1000;0.8;0;9;instances/queen13_13.col;169;6656;greedy
122;2869959;1000;10;1000;1000;0.8;0;9;instances/queen13_13.col;169;6656;greedy
122;2801319;1000;10;1000;1000;0.8;0;9;instances/queen13_13.col;169;6656;greedy
122;3437263;1000;10;1000;1000;0.8;0;9;instances/queen13_13.col;169;6656;greedy
122;2856491;1000;10;1000;1000;0.8;0;9;instances/queen13_13.col;169;6656;greedy
122;2777415;1000;10;1000;1000;0.8;0;9;instances/queen13_13.col;169;6656;greedy
122;2769046;1000;10;1000;1000;0.8;0;9;instances/queen13_13.col;169;6656;greedy
122;2763462;1000;10;1000;1000;0.8;0;9;instances/queen13_13.col;169;6656;greedy
122;2596348;1000;10;1000;1000;0.8;0;9;instances/queen13_13.col;169;6656;greedy
122;2649809;1000;10;1000;1000;0.8;0;9;instances/queen13_13.col;169;6656;greedy
122;2824545;1000;10;1000;1000;0.8;0;9;instances/queen13_13.col;169;6656;greedy
122;2849739;1000;10;1000;1000;0.8;0;9;instances/queen13_13.col;169;6656;greedy
122;2807837;1000;10;1000;1000;0.8;0;9;instances/queen13_13.col;169;6656;greedy
122;2903178;1000;10;1000;1000;0.8;0;9;instances/queen13_13.col;169;6656;greedy
122;3940319;1000;10;1000;1000;0.8;0;9;instances/queen13_13.col;169;6656;greedy
122;5608036;1000;10;1000;1000;0.9;0;10;instances/queen13_13.col;169;6656;greedy
122;5563855;1000;10;1000;1000;0.9;0;10;instances/queen13_13.col;169;6656;greedy
122;5338333;1000;10;1000;1000;0.9;0;10;instances/queen13_13.col;169;6656;greedy
122;5695545;1000;10;1000;1000;0.9;0;10;instances/queen13_13.col;169;6656;greedy
122;5665092;1000;10;1000;1000;0.9;0;10;instances/queen13_13.col;169;6656;greedy
122;6744445;1000;10;1000;1000;0.9;0;10;instances/queen13_13.col;169;6656;greedy
122;5611199;1000;10;1000;1000;0.9;0;10;instances/queen13_13.col;169;6656;greedy
122;5516941;1000;10;1000;1000;0.9;0;10;instances/queen13_13.col;169;6656;greedy
118;5465026;1000;10;1000;1000;0.9;0;10;instances/queen13_13.col;169;6656;greedy
122;5690675;1000;10;1000;1000;0.9;0;10;instances/queen13_13.col;169;6656;greedy
122;5635488;1000;10;1000;1000;0.9;0;10;instances/queen13_13.col;169;6656;greedy
122;5667854;1000;10;1000;1000;0.9;0;10;instances/queen13_13.col;169;6656;greedy
122;5718542;1000;10;1000;1000;0.9;0;10;instances/queen13_13.col;169;6656;greedy
122;6803719;1000;10;1000;1000;0.9;0;10;instances/queen13_13.col;169;6656;greedy
122;5732150;1000;10;1000;1000;0.9;0;10;instances/queen13_13.col;169;6656;greedy
122;5361866;1000;10;1000;1000;0.9;0;10;instances/queen13_13.col;169;6656;greedy
122;5647398;1000;10;1000;1000;0.9;0;10;instances/queen13_13.col;169;6656;greedy
122;5629144;1000;10;1000;1000;0.9;0;10;instances/queen13_13.col;169;6656;greedy
122;5556725;1000;10;1000;1000;0.9;0;10;instances/queen13_13.col;169;6656;greedy
122;6326378;1000;10;1000;1000;0.9;0;10;instances/queen13_13.col;169;6656;greedy
122;1689978;5000;10;1000;1000;0.6;0;10;instances/queen13_13.col;169;6656;greedy
122;1701144;5000;10;1000;1000;0.6;0;10;instances/queen13_13.col;169;6656;greedy
122;1660574;5000;10;1000;1000;0.6;0;10;instances/queen13_13.col;169;6656;greedy
122;1712752;5000;10;1000;1000;0.6;0;10;instances/queen13_13.col;169;6656;greedy
122;1706284;5000;10;1000;1000;0.6;0;10;instances/queen13_13.col;169;6656;greedy
122;1710512;5000;10;1000;1000;0.6;0;10;instances/queen13_13.col;169;6656;greedy
122;1695787;5000;10;1000;1000;0.6;0;10;instances/queen13_13.col;169;6656;greedy
122;1669553;5000;10;1000;1000;0.6;0;10;instances/queen13_13.col;169;6656;greedy
120;1637225;5000;10;1000;1000;0.6;0;10;instances/queen13_13.col;169;6656;greedy
122;1685442;5000;10;1000;1000;0.6;0;10;instances/queen13_13.col;169;6656;greedy
122;1663641;5000;10;1000;1000;0.6;0;10;instances/queen13_13.col;169;6656;greedy
122;1686904;5000;10;1000;1000;0.6;0;10;instances/queen13_13.col;169;6656;greedy
122;1678143;5000;10;1000;1000;0.6;0;10;instances/queen13_13.col;169;6656;greedy
122;1692127;5000;10;1000;1000;0.6;0;10;instances/queen13_13.col;169;6656;greedy
122;1685908;5000;10;1000;1000;0.6;0;10;instances/queen13_13.col;169;6656;greedy
122;1692860;5000;10;1000;1000;0.6;0;10;instances/queen13_13.col;169;6656;greedy
122;1678937;5000;10;1000;1000;0.6;0;10;instances/queen13_13.col;169;6656;greedy
122;2380081;5000;10;1000;1000;0.6;0;10;instances/queen13_13.col;169;6656;greedy
122;1745815;5000;10;1000;1000;0.6;0;10;instances/queen13_13.col;169;6656;greedy
122;1751685;5000;10;1000;1000;0.6;0;10;instances/queen13_13.col;169;6656;greedy
122;2421764;5000;10;1000;1000;0.7;0;10;instances/queen13_13.col;169;6656;greedy
122;2409622;5000;10;1000;1000;0.7;0;10;instances/queen13_13.col;169;6656;greedy
122;2408589;5000;10;1000;1000;0.7;0;10;instances/queen13_13.col;169;6656;greedy
122;2398922;5000;10;1000;1000;0.7;0;10;instances/queen13_13.col;169;6656;greedy
122;2370026;5000;10;1000;1000;0.7;0;10;instances/queen13_13.col;169;6656;greedy
122;2336809;5000;10;1000;1000;0.7;0;10;instances/queen13_13.col;169;6656;greedy
122;2353363;5000;10;1000;1000;0.7;0;10;instances/queen13_13.col;169;6656;greedy
122;2433474;5000;10;1000;1000;0.7;0;10;instances/queen13_13.col;169;6656;greedy
122;2369121;5000;10;1000;1000;0.7;0;10;instances/queen13_13.col;169;6656;greedy
122;2393394;5000;10;1000;1000;0.7;0;10;instances/queen13_13.col;169;6656;greedy
122;2411125;5000;10;1000;1000;0.7;0;10;instances/queen13_13.col;169;6656;greedy
122;2443355;5000;10;1000;1000;0.7;0;10;instances/queen13_13.col;169;6656;greedy
122;2363843;5000;10;1000;1000;0.7;0;10;instances/queen13_13.col;169;6656;greedy
122;2382036;5000;10;1000;1000;0.7;0;10;instances/queen13_13.col;169;6656;greedy
122;2446787;5000;10;1000;1000;0.7;0;10;instances/queen13_13.col;169;6656;greedy
122;2410011;5000;10;1000;1000;0.7;0;10;instances/queen13_13.col;169;6656;greedy
120;2418516;5000;10;1000;1000;0.7;0;10;instances/queen13_13.col;169;6656;greedy
120;2538563;5000;10;1000;1000;0.7;0;10;instances/queen13_13.col;169;6656;greedy
122;3058161;5000;10;1000;1000;0.7;0;10;instances/queen13_13.col;169;6656;greedy
122;2387969;5000;10;1000;1000;0.7;0;10;instances/queen13_13.col;169;6656;greedy
122;3625933;5000;10;1000;1000;0.8;0;10;instances/queen13_13.col;169;6656;greedy
122;3679230;5000;10;1000;1000;0.8;0;10;instances/queen13_13.col;169;6656;greedy
122;3783515;5000;10;1000;1000;0.8;0;10;instances/queen13_13.col;169;6656;greedy
122;3804132;5000;10;1000;1000;0.8;0;10;instances/queen13_13.col;169;6656;greedy
122;3790769;5000;10;1000;1000;0.8;0;10;instances/queen13_13.col;169;6656;greedy
120;3814362;5000;10;1000;1000;0.8;0;10;instances/queen13_13.col;169;6656;greedy
122;3781402;5000;10;1000;1000;0.8;0;10;instances/queen13_13.col;169;6656;greedy
122;4469679;5000;10;1000;1000;0.8;0;10;instances/queen13_13.col;169;6656;greedy
122;3853607;5000;10;1000;1000;0.8;0;10;instances/queen13_13.col;169;6656;greedy
122;3780610;5000;10;1000;1000;0.8;0;10;instances/queen13_13.col;169;6656;greedy
122;3798048;5000;10;1000;1000;0.8;0;10;instances/queen13_13.col;169;6656;greedy
122;3742602;5000;10;1000;1000;0.8;0;10;instances/queen13_13.col;169;6656;greedy
122;3761473;5000;10;1000;1000;0.8;0;10;instances/queen13_13.col;169;6656;greedy
122;3788013;5000;10;1000;1000;0.8;0;10;instances/queen13_13.col;169;6656;greedy
122;3835959;5000;10;1000;1000;0.8;0;10;instances/queen13_13.col;169;6656;greedy
122;4295212;5000;10;1000;1000;0.8;0;10;instances/queen13_13.col;169;6656;greedy
122;3806127;5000;10;1000;1000;0.8;0;10;instances/queen13_13.col;169;6656;greedy
122;3786441;5000;10;1000;1000;0.8;0;10;instances/queen13_13.col;169;6656;greedy
122;3805123;5000;10;1000;1000;0.8;0;10;instances/queen13_13.col;169;6656;greedy
122;3681735;5000;10;1000;1000;0.8;0;10;instances/queen13_13.col;169;6656;greedy
122;7939036;5000;10;1000;1000;0.9;0;9;instances/queen13_13.col;169;6656;greedy
120;7934942;5000;10;1000;1000;0.9;0;9;instances/queen13_13.col;169;6656;greedy
122;7937169;5000;10;1000;1000;0.9;0;9;instances/queen13_13.col;169;6656;greedy
122;8157551;5000;10;1000;1000;0.9;0;9;instances/queen13_13.col;169;6656;greedy
122;8463660;5000;10;1000;1000;0.9;0;9;instances/queen13_13.col;169;6656;greedy
122;7736523;5000;10;1000;1000;0.9;0;9;instances/queen13_13.col;169;6656;greedy
122;7868673;5000;10;1000;1000;0.9;0;9;instances/queen13_13.col;169;6656;greedy
122;7864974;5000;10;1000;1000;0.9;0;9;instances/queen13_13.col;169;6656;greedy
122;8646305;5000;10;1000;1000;0.9;0;9;instances/queen13_13.col;169;6656;greedy
122;8026754;5000;10;1000;1000;0.9;0;9;instances/queen13_13.col;169;6656;greedy
122;8029739;5000;10;1000;1000;0.9;0;9;instances/queen13_13.col;169;6656;greedy
122;7984622;5000;10;1000;1000;0.9;0;9;instances/queen13_13.col;169;6656;greedy
122;8526040;5000;10;1000;1000;0.9;0;9;instances/queen13_13.col;169;6656;greedy
122;7851842;5000;10;1000;1000;0.9;0;9;instances/queen13_13.col;169;6656;greedy
122;7926355;5000;10;1000;1000;0.9;0;9;instances/queen13_13.col;169;6656;greedy
122;7993017;5000;10;1000;1000;0.9;0;9;instances/queen13_13.col;169;6656;greedy
122;8582622;5000;10;1000;1000;0.9;0;9;instances/queen13_13.col;169;6656;greedy
122;7810562;5000;10;1000;1000;0.9;0;9;instances/queen13_13.col;169;6656;greedy
122;7963318;5000;10;1000;1000;0.9;0;9;instances/queen13_13.col;169;6656;greedy
122;8347389;5000;10;1000;1000;0.9;0;9;instances/queen13_13.col;169;6656;greedy
122;2570520;10000;10;1000;1000;0.6;0;7;instances/queen13_13.col;169;6656;greedy
122;1986626;10000;10;1000;1000;0.6;0;7;instances/queen13_13.col;169;6656;greedy
122;1992241;10000;10;1000;1000;0.6;0;7;instances/queen13_13.col;169;6656;greedy
122;2000319;10000;10;1000;1000;0.6;0;7;instances/queen13_13.col;169;6656;greedy
122;2020657;10000;10;1000;1000;0.6;0;7;instances/queen13_13.col;169;6656;greedy
122;2032998;10000;10;1000;1000;0.6;0;7;instances/queen13_13.col;169;6656;greedy
122;1969504;10000;10;1000;1000;0.6;0;7;instances/queen13_13.col;169;6656;greedy
122;2004110;10000;10;1000;1000;0.6;0;7;instances/queen13_13.col;169;6656;greedy
122;1981049;10000;10;1000;1000;0.6;0;7;instances/queen13_13.col;169;6656;greedy
122;1951646;10000;10;1000;1000;0.6;0;7;instances/queen13_13.col;169;6656;greedy
120;1989606;10000;10;1000;1000;0.6;0;7;instances/queen13_13.col;169;6656;greedy
122;1933444;10000;10;1000;1000;0.6;0;7;instances/queen13_13.col;169;6656;greedy
122;1930831;10000;10;1000;1000;0.6;0;7;instances/queen13_13.col;169;6656;greedy
122;1980897;10000;10;1000;1000;0.6;0;7;instances/queen13_13.col;169;6656;greedy
122;2027120;10000;10;1000;1000;0.6;0;7;instances/queen13_13.col;169;6656;greedy
122;2003843;10000;10;1000;1000;0.6;0;7;instances/queen13_13.col;169;6656;greedy
122;2011714;10000;10;1000;1000;0.6;0;7;instances/queen13_13.col;169;6656;greedy
120;2622189;10000;10;1000;1000;0.6;0;7;instances/queen13_13.col;169;6656;greedy
120;2041102;10000;10;1000;1000;0.6;0;7;instances/queen13_13.col;169;6656;greedy
122;1997773;10000;10;1000;1000;0.6;0;7;instances/queen13_13.col;169;6656;greedy
122;2702520;10000;10;1000;1000;0.7;0;10;instances/queen13_13.col;169;6656;greedy
122;2652669;10000;10;1000;1000;0.7;0;10;instances/queen13_13.col;169;6656;greedy
122;2684816;10000;10;1000;1000;0.7;0;10;instances/queen13_13.col;169;6656;greedy
122;2691997;10000;10;1000;1000;0.7;0;10;instances/queen13_13.col;169;6656;greedy
122;2705680;10000;10;1000;1000;0.7;0;10;instances/queen13_13.col;169;6656;greedy
122;2664906;10000;10;1000;1000;0.7;0;10;instances/queen13_13.col;169;6656;greedy
122;2636400;10000;10;1000;1000;0.7;0;10;instances/queen13_13.col;169;6656;greedy
122;2620298;10000;10;1000;1000;0.7;0;10;instances/queen13_13.col;169;6656;greedy
122;2711898;10000;10;1000;1000;0.7;0;10;instances/queen13_13.col;169;6656;greedy
122;3334894;10000;10;1000;1000;0.7;0;10;instances/queen13_13.col;169;6656;greedy
122;2734314;10000;10;1000;1000;0.7;0;10;instances/queen13_13.col;169;6656;greedy
122;2673429;10000;10;1000;1000;0.7;0;10;instances/queen13_13.col;169;6656;greedy
122;2632042;10000;10;1000;1000;0.7;0;10;instances/queen13_13.col;169;6656;greedy
122;2694495;10000;10;1000;1000;0.7;0;10;instances/queen13_13.col;169;6656;greedy
122;2689117;10000;10;1000;1000;0.7;0;10;instances/queen13_13.col;169;6656;greedy
122;2656071;10000;10;1000;1000;0.7;0;10;instances/queen13_13.col;169;6656;greedy
122;2676012;10000;10;1000;1000;0.7;0;10;instances/queen13_13.col;169;6656;greedy
122;2696743;10000;10;1000;1000;0.7;0;10;instances/queen13_13.col;169;6656;greedy
122;2661911;10000;10;1000;1000;0.7;0;10;instances/queen13_13.col;169;6656;greedy
122;2638083;10000;10;1000;1000;0.7;0;10;instances/queen13_13.col;169;6656;greedy
122;4196844;10000;10;1000;1000;0.8;0;10;instances/queen13_13.col;169;6656;greedy
122;4893872;10000;10;1000;1000;0.8;0;10;instances/queen13_13.col;169;6656;greedy
122;4143841;10000;10;1000;1000;0.8;0;10;instances/queen13_13.col;169;6656;greedy
122;4286728;10000;10;1000;1000;0.8;0;10;instances/queen13_13.col;169;6656;greedy
122;4160293;10000;10;1000;1000;0.8;0;10;instances/queen13_13.col;169;6656;greedy
122;4235906;10000;10;1000;1000;0.8;0;10;instances/queen13_13.col;169;6656;greedy
122;4213918;10000;10;1000;1000;0.8;0;10;instances/queen13_13.col;169;6656;greedy
122;4203887;10000;10;1000;1000;0.8;0;10;instances/queen13_13.col;169;6656;greedy
122;4857688;10000;10;1000;1000;0.8;0;10;instances/queen13_13.col;169;6656;greedy
122;4203465;10000;10;1000;1000;0.8;0;10;instances/queen13_13.col;169;6656;greedy
122;4250847;10000;10;1000;1000;0.8;0;10;instances/queen13_13.col;169;6656;greedy
122;4261333;10000;10;1000;1000;0.8;0;10;instances/queen13_13.col;169;6656;greedy
122;4187199;10000;10;1000;1000;0.8;0;10;instances/queen13_13.col;169;6656;greedy
122;4241242;10000;10;1000;1000;0.8;0;10;instances/queen13_13.col;169;6656;greedy
122;4206038;10000;10;1000;1000;0.8;0;10;instances/queen13_13.col;169;6656;greedy
122;4271932;10000;10;1000;1000;0.8;0;10;instances/queen13_13.col;169;6656;greedy
122;4832140;10000;10;1000;1000;0.8;0;10;instances/queen13_13.col;169;6656;greedy
122;4134729;10000;10;1000;1000;0.8;0;10;instances/queen13_13.col;169;6656;greedy
122;4206450;10000;10;1000;1000;0.8;0;10;instances/queen13_13.col;169;6656;greedy
122;4105331;10000;10;1000;1000;0.8;0;10;instances/queen13_13.col;169;6656;greedy
122;8720417;10000;10;1000;1000;0.9;0;10;instances/queen13_13.col;169;6656;greedy
122;9524544;10000;10;1000;1000;0.9;0;10;instances/queen13_13.col;169;6656;greedy
122;8546072;10000;10;1000;1000;0.9;0;10;instances/queen13_13.col;169;6656;greedy
122;8637275;10000;10;1000;1000;0.9;0;10;instances/queen13_13.col;169;6656;greedy
122;8786413;10000;10;1000;1000;0.9;0;10;instances/queen13_13.col;169;6656;greedy
122;8785269;10000;10;1000;1000;0.9;0;10;instances/queen13_13.col;169;6656;greedy
122;8899008;10000;10;1000;1000;0.9;0;10;instances/queen13_13.col;169;6656;greedy
122;9492936;10000;10;1000;1000;0.9;0;10;instances/queen13_13.col;169;6656;greedy
122;8685826;10000;10;1000;1000;0.9;0;10;instances/queen13_13.col;169;6656;greedy
122;8536999;10000;10;1000;1000;0.9;0;10;instances/queen13_13.col;169;6656;greedy
122;8747660;10000;10;1000;1000;0.9;0;10;instances/queen13_13.col;169;6656;greedy
122;9148251;10000;10;1000;1000;0.9;0;10;instances/queen13_13.col;169;6656;greedy
122;8591096;10000;10;1000;1000;0.9;0;10;instances/queen13_13.col;169;6656;greedy
122;8796063;10000;10;1000;1000;0.9;0;10;instances/queen13_13.col;169;6656;greedy
122;9548365;10000;10;1000;1000;0.9;0;10;instances/queen13_13.col;169;6656;greedy
122;8675736;10000;10;1000;1000;0.9;0;10;instances/queen13_13.col;169;6656;greedy
120;8651092;10000;10;1000;1000;0.9;0;10;instances/queen13_13.col;169;6656;greedy
122;8777474;10000;10;1000;1000;0.9;0;10;instances/queen13_13.col;169;6656;greedy
120;9481137;10000;10;1000;1000;0.9;0;10;instances/queen13_13.col;169;6656;greedy
122;8642990;10000;10;1000;1000;0.9;0;10;instances/queen13_13.col;169;6656;greedy
