37;6937349;1400;10000;25;4;instances/ash608GPIA.col;1216;7844;random
17;5631719;989;10000;25;4;instances/ash608GPIA.col;1216;7844;random
57;9568972;1663;10000;25;4;instances/ash608GPIA.col;1216;7844;random
33;9313522;834;10000;25;4;instances/ash608GPIA.col;1216;7844;random
31;6184827;827;10000;25;4;instances/ash608GPIA.col;1216;7844;random
34;5928493;754;10000;25;4;instances/ash608GPIA.col;1216;7844;random
35;6589133;797;10000;25;4;instances/ash608GPIA.col;1216;7844;random
30;6233887;935;10000;25;4;instances/ash608GPIA.col;1216;7844;random
35;9226709;851;10000;25;4;instances/ash608GPIA.col;1216;7844;random
50;8268221;745;10000;25;4;instances/ash608GPIA.col;1216;7844;random
48;8250309;1088;10000;25;4;instances/ash608GPIA.col;1216;7844;random
46;7524152;1074;10000;25;4;instances/ash608GPIA.col;1216;7844;random
47;10091234;774;10000;25;4;instances/ash608GPIA.col;1216;7844;random
35;7619807;1163;10000;25;4;instances/ash608GPIA.col;1216;7844;random
60;10301654;1061;10000;25;4;instances/ash608GPIA.col;1216;7844;random
31;6829034;1018;10000;25;4;instances/ash608GPIA.col;1216;7844;random
44;10825304;1375;10000;25;4;instances/ash608GPIA.col;1216;7844;random
40;7231978;1015;10000;25;4;instances/ash608GPIA.col;1216;7844;random
42;7775561;1163;10000;25;4;instances/ash608GPIA.col;1216;7844;random
32;6482046;1115;10000;25;4;instances/ash608GPIA.col;1216;7844;random
32;9659562;1118;10000;25;4;instances/ash608GPIA.col;1216;7844;random
53;8430076;877;10000;25;4;instances/ash608GPIA.col;1216;7844;random
39;7123633;994;10000;25;4;instances/ash608GPIA.col;1216;7844;random
45;7492411;883;10000;25;4;instances/ash608GPIA.col;1216;7844;random
30;9079103;1356;10000;25;4;instances/ash608GPIA.col;1216;7844;random
44;7867210;1036;10000;25;4;instances/ash608GPIA.col;1216;7844;random
55;9728536;1024;10000;25;4;instances/ash608GPIA.col;1216;7844;random
20;5532164;815;10000;25;4;instances/ash608GPIA.col;1216;7844;random
34;7035588;1112;10000;25;4;instances/ash608GPIA.col;1216;7844;random
54;11033590;1020;10000;25;4;instances/ash608GPIA.col;1216;7844;random
24;6210557;1377;10000;25;4;instances/ash608GPIA.col;1216;7844;random
18;6089552;1168;10000;25;4;instances/ash608GPIA.col;1216;7844;random
41;7262712;1101;10000;25;4;instances/ash608GPIA.col;1216;7844;random
38;8925435;749;10000;25;4;instances/ash608GPIA.col;1216;7844;random
51;9267399;1116;10000;25;4;instances/ash608GPIA.col;1216;7844;random
42;7606003;820;10000;25;4;instances/ash608GPIA.col;1216;7844;random
42;8066000;1025;10000;25;4;instances/ash608GPIA.col;1216;7844;random
24;5995237;1283;10000;25;4;instances/ash608GPIA.col;1216;7844;random
24;9137495;1109;10000;25;4;instances/ash608GPIA.col;1216;7844;random
43;7365931;1010;10000;25;4;instances/ash608GPIA.col;1216;7844;random
47;8258610;1027;10000;25;4;instances/ash608GPIA.col;1216;7844;random
56;9716862;1366;10000;25;4;instances/ash608GPIA.col;1216;7844;random
22;8271320;804;10000;25;4;instances/ash608GPIA.col;1216;7844;random
42;7768439;790;10000;25;4;instances/ash608GPIA.col;1216;7844;random
37;6552385;745;10000;25;4;instances/ash608GPIA.col;1216;7844;random
46;7377458;823;10000;25;4;instances/ash608GPIA.col;1216;7844;random
28;9171245;1359;10000;25;4;instances/ash608GPIA.col;1216;7844;random
32;6820543;1014;10000;25;4;instances/ash608GPIA.col;1216;7844;random
49;8069577;1063;10000;25;4;instances/ash608GPIA.col;1216;7844;random
30;6551585;1346;10000;25;4;instances/ash608GPIA.col;1216;7844;random
46;7732858;1125;10000;25;4;instances/ash608GPIA.col;1216;7844;random
21;7700105;1064;10000;25;4;instances/ash608GPIA.col;1216;7844;random
44;8044303;1095;10000;25;4;instances/ash608GPIA.col;1216;7844;random
28;6259097;1388;10000;25;4;instances/ash608GPIA.col;1216;7844;random
36;7076009;1108;10000;25;4;instances/ash608GPIA.col;1216;7844;random
26;6201749;1431;10000;25;4;instances/ash608GPIA.col;1216;7844;random
27;8685192;1012;10000;25;4;instances/ash608GPIA.col;1216;7844;random
39;7471720;1043;10000;25;4;instances/ash608GPIA.col;1216;7844;random
30;6720292;1108;10000;25;4;instances/ash608GPIA.col;1216;7844;random
24;6046950;1289;10000;25;4;instances/ash608GPIA.col;1216;7844;random
36;6602274;789;10000;25;4;instances/ash608GPIA.col;1216;7844;random
35;9787356;1377;10000;25;4;instances/ash608GPIA.col;1216;7844;random
53;8330071;1048;10000;25;4;instances/ash608GPIA.col;1216;7844;random
38;6922483;815;10000;25;4;instances/ash608GPIA.col;1216;7844;random
28;6892203;1044;10000;25;4;instances/ash608GPIA.col;1216;7844;random
22;8104137;807;10000;25;4;instances/ash608GPIA.col;1216;7844;random
8;5199768;792;10000;25;4;instances/ash608GPIA.col;1216;7844;random
28;5922655;1071;10000;25;4;instances/ash608GPIA.col;1216;7844;random
23;6037591;794;10000;25;4;instances/ash608GPIA.col;1216;7844;random
32;6566393;1031;10000;25;4;instances/ash608GPIA.col;1216;7844;random
29;9272794;1072;10000;25;4;instances/ash608GPIA.col;1216;7844;random
24;6622107;782;10000;25;4;instances/ash608GPIA.col;1216;7844;random
53;9053714;1027;10000;25;4;instances/ash608GPIA.col;1216;7844;random
45;7195803;817;10000;25;4;instances/ash608GPIA.col;1216;7844;random
15;5087486;824;10000;25;4;instances/ash608GPIA.col;1216;7844;random
23;8605933;1684;10000;25;4;instances/ash608GPIA.col;1216;7844;random
23;6535812;1042;10000;25;4;instances/ash608GPIA.col;1216;7844;random
29;6147105;789;10000;25;4;instances/ash608GPIA.col;1216;7844;random
28;6161210;1317;10000;25;4;instances/ash608GPIA.col;1216;7844;random
24;5977981;1018;10000;25;4;instances/ash608GPIA.col;1216;7844;random
45;11020116;868;10000;25;4;instances/ash608GPIA.col;1216;7844;random
30;6897680;1062;10000;25;4;instances/ash608GPIA.col;1216;7844;random
22;5662089;987;10000;25;4;instances/ash608GPIA.col;1216;7844;random
29;6053402;957;10000;25;4;instances/ash608GPIA.col;1216;7844;random
34;6439351;1016;10000;25;4;instances/ash608GPIA.col;1216;7844;random
25;8870779;832;10000;25;4;instances/ash608GPIA.col;1216;7844;random
46;8698753;1050;10000;25;4;instances/ash608GPIA.col;1216;7844;random
29;6436028;1376;10000;25;4;instances/ash608GPIA.col;1216;7844;random
24;6181937;1683;10000;25;4;instances/ash608GPIA.col;1216;7844;random
38;6874729;1039;10000;25;4;instances/ash608GPIA.col;1216;7844;random
28;9220984;961;10000;25;4;instances/ash608GPIA.col;1216;7844;random
33;6589999;1010;10000;25;4;instances/ash608GPIA.col;1216;7844;random
35;6775960;991;10000;25;4;instances/ash608GPIA.col;1216;7844;random
33;6090460;1052;10000;25;4;instances/ash608GPIA.col;1216;7844;random
59;12437938;1067;10000;25;4;instances/ash608GPIA.col;1216;7844;random
40;7423333;866;10000;25;4;instances/ash608GPIA.col;1216;7844;random
43;7242521;1073;10000;25;4;instances/ash608GPIA.col;1216;7844;random
26;5912090;984;10000;25;4;instances/ash608GPIA.col;1216;7844;random
28;6001358;1122;10000;25;4;instances/ash608GPIA.col;1216;7844;random
15;7935362;1123;10000;25;4;instances/ash608GPIA.col;1216;7844;random
63;9254813;236;10000;25;4;instances/ash608GPIA.col;1216;7844;greedy
63;8301595;236;10000;25;4;instances/ash608GPIA.col;1216;7844;greedy
63;8372911;236;10000;25;4;instances/ash608GPIA.col;1216;7844;greedy
63;9189394;236;10000;25;4;instances/ash608GPIA.col;1216;7844;greedy
63;8455130;236;10000;25;4;instances/ash608GPIA.col;1216;7844;greedy
63;8291575;236;10000;25;4;instances/ash608GPIA.col;1216;7844;greedy
63;8267504;236;10000;25;4;instances/ash608GPIA.col;1216;7844;greedy
63;9361275;236;10000;25;4;instances/ash608GPIA.col;1216;7844;greedy
63;8348843;236;10000;25;4;instances/ash608GPIA.col;1216;7844;greedy
63;8296264;236;10000;25;4;instances/ash608GPIA.col;1216;7844;greedy
