81;30718881;580;10000;25;12;instances/DSJC500.1.col;500;12458;random
87;32108739;643;10000;25;12;instances/DSJC500.1.col;500;12458;random
72;26989282;743;10000;25;12;instances/DSJC500.1.col;500;12458;random
69;26454200;867;10000;25;12;instances/DSJC500.1.col;500;12458;random
67;28223108;1368;10000;25;12;instances/DSJC500.1.col;500;12458;random
62;24781304;1103;10000;25;12;instances/DSJC500.1.col;500;12458;random
92;41145865;3422;10000;25;12;instances/DSJC500.1.col;500;12458;random
62;23882313;805;10000;25;12;instances/DSJC500.1.col;500;12458;random
80;29806118;656;10000;25;12;instances/DSJC500.1.col;500;12458;random
73;33406934;3293;10000;25;12;instances/DSJC500.1.col;500;12458;random
82;30022218;741;10000;25;12;instances/DSJC500.1.col;500;12458;random
70;26314144;864;10000;25;12;instances/DSJC500.1.col;500;12458;random
75;27189093;630;10000;25;12;instances/DSJC500.1.col;500;12458;random
71;27175666;784;10000;25;12;instances/DSJC500.1.col;500;12458;random
82;29987765;602;10000;25;12;instances/DSJC500.1.col;500;12458;random
76;29355243;990;10000;25;12;instances/DSJC500.1.col;500;12458;random
77;29493158;948;10000;25;12;instances/DSJC500.1.col;500;12458;random
69;25706516;771;10000;25;12;instances/DSJC500.1.col;500;12458;random
72;28269426;895;10000;25;12;instances/DSJC500.1.col;500;12458;random
68;25954417;853;10000;25;12;instances/DSJC500.1.col;500;12458;random
92;40937884;3226;10000;25;12;instances/DSJC500.1.col;500;12458;random
69;27230967;969;10000;25;12;instances/DSJC500.1.col;500;12458;random
65;25977577;1534;10000;25;12;instances/DSJC500.1.col;500;12458;random
75;28275864;765;10000;25;12;instances/DSJC500.1.col;500;12458;random
74;26883944;732;10000;25;12;instances/DSJC500.1.col;500;12458;random
76;29562584;741;10000;25;12;instances/DSJC500.1.col;500;12458;random
77;35146675;2578;10000;25;12;instances/DSJC500.1.col;500;12458;random
71;26671033;815;10000;25;12;instances/DSJC500.1.col;500;12458;random
76;28079548;630;10000;25;12;instances/DSJC500.1.col;500;12458;random
72;27880009;964;10000;25;12;instances/DSJC500.1.col;500;12458;random
73;27072036;656;10000;25;12;instances/DSJC500.1.col;500;12458;random
85;31181788;752;10000;25;12;instances/DSJC500.1.col;500;12458;random
65;25244331;938;10000;25;12;instances/DSJC500.1.col;500;12458;random
82;29437370;722;10000;25;12;instances/DSJC500.1.col;500;12458;random
80;33785375;2382;10000;25;12;instances/DSJC500.1.col;500;12458;random
75;28520644;756;10000;25;12;instances/DSJC500.1.col;500;12458;random
66;25634843;624;10000;25;12;instances/DSJC500.1.col;500;12458;random
69;26250937;774;10000;25;12;instances/DSJC500.1.col;500;12458;random
79;29548510;715;10000;25;12;instances/DSJC500.1.col;500;12458;random
73;26036148;577;10000;25;12;instances/DSJC500.1.col;500;12458;random
73;27882917;889;10000;25;12;instances/DSJC500.1.col;500;12458;random
73;30489875;1939;10000;25;12;instances/DSJC500.1.col;500;12458;random
78;30023299;1167;10000;25;12;instances/DSJC500.1.col;500;12458;random
75;30503076;1481;10000;25;12;instances/DSJC500.1.col;500;12458;random
76;27082710;522;10000;25;12;instances/DSJC500.1.col;500;12458;random
75;29385528;883;10000;25;12;instances/DSJC500.1.col;500;12458;random
69;26237108;757;10000;25;12;instances/DSJC500.1.col;500;12458;random
73;26860209;823;10000;25;12;instances/DSJC500.1.col;500;12458;random
77;31263223;1479;10000;25;12;instances/DSJC500.1.col;500;12458;random
95;36292608;1372;10000;25;12;instances/DSJC500.1.col;500;12458;random
71;27083102;970;10000;25;12;instances/DSJC500.1.col;500;12458;random
78;29223463;584;10000;25;12;instances/DSJC500.1.col;500;12458;random
72;36052185;4669;10000;25;12;instances/DSJC500.1.col;500;12458;random
74;28414440;761;10000;25;12;instances/DSJC500.1.col;500;12458;random
81;29295534;746;10000;25;12;instances/DSJC500.1.col;500;12458;random
89;31024577;545;10000;25;12;instances/DSJC500.1.col;500;12458;random
73;28867144;1144;10000;25;12;instances/DSJC500.1.col;500;12458;random
76;28134624;866;10000;25;12;instances/DSJC500.1.col;500;12458;random
66;28806867;2052;10000;25;12;instances/DSJC500.1.col;500;12458;random
68;25281155;902;10000;25;12;instances/DSJC500.1.col;500;12458;random
78;29765295;767;10000;25;12;instances/DSJC500.1.col;500;12458;random
67;32397324;3716;10000;25;12;instances/DSJC500.1.col;500;12458;random
71;26057321;678;10000;25;12;instances/DSJC500.1.col;500;12458;random
67;32504452;3769;10000;25;12;instances/DSJC500.1.col;500;12458;random
68;25661340;681;10000;25;12;instances/DSJC500.1.col;500;12458;random
69;26478503;747;10000;25;12;instances/DSJC500.1.col;500;12458;random
65;24765321;803;10000;25;12;instances/DSJC500.1.col;500;12458;random
70;25924045;636;10000;25;12;instances/DSJC500.1.col;500;12458;random
78;31157036;1039;10000;25;12;instances/DSJC500.1.col;500;12458;random
66;25379257;834;10000;25;12;instances/DSJC500.1.col;500;12458;random
67;27241680;1253;10000;25;12;instances/DSJC500.1.col;500;12458;random
80;30280016;730;10000;25;12;instances/DSJC500.1.col;500;12458;random
78;29123650;777;10000;25;12;instances/DSJC500.1.col;500;12458;random
71;27850934;1066;10000;25;12;instances/DSJC500.1.col;500;12458;random
89;33549397;629;10000;25;12;instances/DSJC500.1.col;500;12458;random
66;25128218;765;10000;25;12;instances/DSJC500.1.col;500;12458;random
71;27087740;854;10000;25;12;instances/DSJC500.1.col;500;12458;random
78;29052574;910;10000;25;12;instances/DSJC500.1.col;500;12458;random
86;32034510;643;10000;25;12;instances/DSJC500.1.col;500;12458;random
79;29358701;655;10000;25;12;instances/DSJC500.1.col;500;12458;random
66;26373005;892;10000;25;12;instances/DSJC500.1.col;500;12458;random
64;24876864;921;10000;25;12;instances/DSJC500.1.col;500;12458;random
73;27293743;646;10000;25;12;instances/DSJC500.1.col;500;12458;random
77;28862254;860;10000;25;12;instances/DSJC500.1.col;500;12458;random
72;27686185;1112;10000;25;12;instances/DSJC500.1.col;500;12458;random
75;27541594;646;10000;25;12;instances/DSJC500.1.col;500;12458;random
83;32340156;816;10000;25;12;instances/DSJC500.1.col;500;12458;random
71;27109670;822;10000;25;12;instances/DSJC500.1.col;500;12458;random
75;27955553;688;10000;25;12;instances/DSJC500.1.col;500;12458;random
73;28656660;953;10000;25;12;instances/DSJC500.1.col;500;12458;random
69;25723568;1138;10000;25;12;instances/DSJC500.1.col;500;12458;random
83;30575756;678;10000;25;12;instances/DSJC500.1.col;500;12458;random
82;31011230;878;10000;25;12;instances/DSJC500.1.col;500;12458;random
70;26262369;819;10000;25;12;instances/DSJC500.1.col;500;12458;random
78;28771254;846;10000;25;12;instances/DSJC500.1.col;500;12458;random
79;28917716;667;10000;25;12;instances/DSJC500.1.col;500;12458;random
77;33885031;2493;10000;25;12;instances/DSJC500.1.col;500;12458;random
69;27452113;1204;10000;25;12;instances/DSJC500.1.col;500;12458;random
70;26067724;680;10000;25;12;instances/DSJC500.1.col;500;12458;random
73;27223104;637;10000;25;12;instances/DSJC500.1.col;500;12458;random
81;27815395;458;10000;25;12;instances/DSJC500.1.col;500;12458;greedy
81;27724879;458;10000;25;12;instances/DSJC500.1.col;500;12458;greedy
81;27200249;458;10000;25;12;instances/DSJC500.1.col;500;12458;greedy
81;27511156;458;10000;25;12;instances/DSJC500.1.col;500;12458;greedy
81;26925625;458;10000;25;12;instances/DSJC500.1.col;500;12458;greedy
81;27393384;458;10000;25;12;instances/DSJC500.1.col;500;12458;greedy
81;27359737;458;10000;25;12;instances/DSJC500.1.col;500;12458;greedy
81;27419408;458;10000;25;12;instances/DSJC500.1.col;500;12458;greedy
81;27614198;458;10000;25;12;instances/DSJC500.1.col;500;12458;greedy
81;27489623;458;10000;25;12;instances/DSJC500.1.col;500;12458;greedy
