98;284786796;2023;10000;25;48;instances/DSJC500.5.col;500;62624;random
100;281244037;1386;10000;25;48;instances/DSJC500.5.col;500;62624;random
90;253791497;1431;10000;25;48;instances/DSJC500.5.col;500;62624;random
104;278551646;966;10000;25;48;instances/DSJC500.5.col;500;62624;random
91;246715717;1051;10000;25;48;instances/DSJC500.5.col;500;62624;random
95;359944896;5759;10000;25;48;instances/DSJC500.5.col;500;62624;random
96;408156523;7103;10000;25;48;instances/DSJC500.5.col;500;62624;random
97;275144335;1383;10000;25;48;instances/DSJC500.5.col;500;62624;random
86;247153281;1638;10000;25;48;instances/DSJC500.5.col;500;62624;random
92;274729111;2045;10000;25;48;instances/DSJC500.5.col;500;62624;random
91;258517179;1348;10000;25;48;instances/DSJC500.5.col;500;62624;random
103;301582399;2178;10000;25;48;instances/DSJC500.5.col;500;62624;random
90;256493600;1308;10000;25;48;instances/DSJC500.5.col;500;62624;random
100;273005165;1006;10000;25;48;instances/DSJC500.5.col;500;62624;random
85;233702746;1294;10000;25;48;instances/DSJC500.5.col;500;62624;random
102;303719932;1924;10000;25;48;instances/DSJC500.5.col;500;62624;random
104;276292757;971;10000;25;48;instances/DSJC500.5.col;500;62624;random
97;259524232;1069;10000;25;48;instances/DSJC500.5.col;500;62624;random
117;308574009;975;10000;25;48;instances/DSJC500.5.col;500;62624;random
95;275251870;1319;10000;25;48;instances/DSJC500.5.col;500;62624;random
100;274987365;1057;10000;25;48;instances/DSJC500.5.col;500;62624;random
92;250889794;1220;10000;25;48;instances/DSJC500.5.col;500;62624;random
107;277334572;691;10000;25;48;instances/DSJC500.5.col;500;62624;random
108;288017846;1064;10000;25;48;instances/DSJC500.5.col;500;62624;random
95;256629629;1042;10000;25;48;instances/DSJC500.5.col;500;62624;random
97;263308958;1284;10000;25;48;instances/DSJC500.5.col;500;62624;random
109;292211415;1278;10000;25;48;instances/DSJC500.5.col;500;62624;random
103;300006045;1778;10000;25;48;instances/DSJC500.5.col;500;62624;random
103;272549363;1102;10000;25;48;instances/DSJC500.5.col;500;62624;random
100;271299120;1101;10000;25;48;instances/DSJC500.5.col;500;62624;random
90;249868519;1482;10000;25;48;instances/DSJC500.5.col;500;62624;random
112;294099219;876;10000;25;48;instances/DSJC500.5.col;500;62624;random
102;276025051;952;10000;25;48;instances/DSJC500.5.col;500;62624;random
110;299994618;1090;10000;25;48;instances/DSJC500.5.col;500;62624;random
98;269389956;1281;10000;25;48;instances/DSJC500.5.col;500;62624;random
94;256868011;1151;10000;25;48;instances/DSJC500.5.col;500;62624;random
86;242274670;1507;10000;25;48;instances/DSJC500.5.col;500;62624;random
97;263782728;1116;10000;25;48;instances/DSJC500.5.col;500;62624;random
101;271423290;1017;10000;25;48;instances/DSJC500.5.col;500;62624;random
92;248315622;1188;10000;25;48;instances/DSJC500.5.col;500;62624;random
107;288602365;1179;10000;25;48;instances/DSJC500.5.col;500;62624;random
102;297140747;1844;10000;25;48;instances/DSJC500.5.col;500;62624;random
102;265643492;831;10000;25;48;instances/DSJC500.5.col;500;62624;random
102;333133164;3375;10000;25;48;instances/DSJC500.5.col;500;62624;random
101;293286426;1756;10000;25;48;instances/DSJC500.5.col;500;62624;random
92;252015251;1085;10000;25;48;instances/DSJC500.5.col;500;62624;random
96;261322909;1145;10000;25;48;instances/DSJC500.5.col;500;62624;random
98;261986395;1079;10000;25;48;instances/DSJC500.5.col;500;62624;random
100;260198595;824;10000;25;48;instances/DSJC500.5.col;500;62624;random
98;331339618;4285;10000;25;48;instances/DSJC500.5.col;500;62624;random
95;249846203;1117;10000;25;48;instances/DSJC500.5.col;500;62624;random
96;259336980;1205;10000;25;48;instances/DSJC500.5.col;500;62624;random
89;253155934;1262;10000;25;48;instances/DSJC500.5.col;500;62624;random
98;262939612;1178;10000;25;48;instances/DSJC500.5.col;500;62624;random
84;246887141;1940;10000;25;48;instances/DSJC500.5.col;500;62624;random
98;257846775;806;10000;25;48;instances/DSJC500.5.col;500;62624;random
106;276883368;930;10000;25;48;instances/DSJC500.5.col;500;62624;random
92;246620835;863;10000;25;48;instances/DSJC500.5.col;500;62624;random
98;291072796;2098;10000;25;48;instances/DSJC500.5.col;500;62624;random
101;269326808;874;10000;25;48;instances/DSJC500.5.col;500;62624;random
97;265800281;1169;10000;25;48;instances/DSJC500.5.col;500;62624;random
104;273459985;867;10000;25;48;instances/DSJC500.5.col;500;62624;random
92;277070137;2133;10000;25;48;instances/DSJC500.5.col;500;62624;random
111;297413870;969;10000;25;48;instances/DSJC500.5.col;500;62624;random
105;277050874;1059;10000;25;48;instances/DSJC500.5.col;500;62624;random
107;288220389;1326;10000;25;48;instances/DSJC500.5.col;500;62624;random
90;243128785;1134;10000;25;48;instances/DSJC500.5.col;500;62624;random
113;288170631;840;10000;25;48;instances/DSJC500.5.col;500;62624;random
99;269482376;1158;10000;25;48;instances/DSJC500.5.col;500;62624;random
106;278280033;945;10000;25;48;instances/DSJC500.5.col;500;62624;random
102;265332051;787;10000;25;48;instances/DSJC500.5.col;500;62624;random
96;268888037;1298;10000;25;48;instances/DSJC500.5.col;500;62624;random
99;264218843;874;10000;25;48;instances/DSJC500.5.col;500;62624;random
90;267592858;1928;10000;25;48;instances/DSJC500.5.col;500;62624;random
99;271858365;1350;10000;25;48;instances/DSJC500.5.col;500;62624;random
86;236688351;894;10000;25;48;instances/DSJC500.5.col;500;62624;random
114;300375414;946;10000;25;48;instances/DSJC500.5.col;500;62624;random
102;279962814;1201;10000;25;48;instances/DSJC500.5.col;500;62624;random
104;271723876;912;10000;25;48;instances/DSJC500.5.col;500;62624;random
95;253650084;1210;10000;25;48;instances/DSJC500.5.col;500;62624;random
91;347548792;4970;10000;25;48;instances/DSJC500.5.col;500;62624;random
96;246421467;770;10000;25;48;instances/DSJC500.5.col;500;62624;random
108;271623144;1012;10000;25;48;instances/DSJC500.5.col;500;62624;random
100;261096289;901;10000;25;48;instances/DSJC500.5.col;500;62624;random
93;257269447;1309;10000;25;48;instances/DSJC500.5.col;500;62624;random
93;246868966;1036;10000;25;48;instances/DSJC500.5.col;500;62624;random
97;263106968;1150;10000;25;48;instances/DSJC500.5.col;500;62624;random
94;255337160;977;10000;25;48;instances/DSJC500.5.col;500;62624;random
102;255803641;875;10000;25;48;instances/DSJC500.5.col;500;62624;random
106;287087565;1222;10000;25;48;instances/DSJC500.5.col;500;62624;random
106;279757309;1106;10000;25;48;instances/DSJC500.5.col;500;62624;random
106;289326761;1353;10000;25;48;instances/DSJC500.5.col;500;62624;random
91;265273976;1682;10000;25;48;instances/DSJC500.5.col;500;62624;random
107;274918082;1044;10000;25;48;instances/DSJC500.5.col;500;62624;random
82;253695955;2158;10000;25;48;instances/DSJC500.5.col;500;62624;random
97;264699575;1333;10000;25;48;instances/DSJC500.5.col;500;62624;random
91;242579397;862;10000;25;48;instances/DSJC500.5.col;500;62624;random
106;275542060;814;10000;25;48;instances/DSJC500.5.col;500;62624;random
103;257210058;709;10000;25;48;instances/DSJC500.5.col;500;62624;random
96;252634113;956;10000;25;48;instances/DSJC500.5.col;500;62624;random
98;248284951;634;10000;25;48;instances/DSJC500.5.col;500;62624;greedy
98;247641522;634;10000;25;48;instances/DSJC500.5.col;500;62624;greedy
98;246578817;634;10000;25;48;instances/DSJC500.5.col;500;62624;greedy
98;247184758;634;10000;25;48;instances/DSJC500.5.col;500;62624;greedy
98;244837268;634;10000;25;48;instances/DSJC500.5.col;500;62624;greedy
98;246073294;634;10000;25;48;instances/DSJC500.5.col;500;62624;greedy
98;244744130;634;10000;25;48;instances/DSJC500.5.col;500;62624;greedy
98;244042731;634;10000;25;48;instances/DSJC500.5.col;500;62624;greedy
98;242023769;634;10000;25;48;instances/DSJC500.5.col;500;62624;greedy
98;239692013;634;10000;25;48;instances/DSJC500.5.col;500;62624;greedy
