157;208079598;1334;10000;25;20;instances/DSJC1000.1.col;1000;49629;random
160;204325207;1440;10000;25;20;instances/DSJC1000.1.col;1000;49629;random
155;208084560;1637;10000;25;20;instances/DSJC1000.1.col;1000;49629;random
168;222865881;1428;10000;25;20;instances/DSJC1000.1.col;1000;49629;random
157;221239721;2224;10000;25;20;instances/DSJC1000.1.col;1000;49629;random
157;211634203;1726;10000;25;20;instances/DSJC1000.1.col;1000;49629;random
155;214908214;1906;10000;25;20;instances/DSJC1000.1.col;1000;49629;random
146;204642730;1794;10000;25;20;instances/DSJC1000.1.col;1000;49629;random
151;229825125;3012;10000;25;20;instances/DSJC1000.1.col;1000;49629;random
147;199454996;2003;10000;25;20;instances/DSJC1000.1.col;1000;49629;random
149;197769957;1437;10000;25;20;instances/DSJC1000.1.col;1000;49629;random
153;214220450;1785;10000;25;20;instances/DSJC1000.1.col;1000;49629;random
157;210522852;1638;10000;25;20;instances/DSJC1000.1.col;1000;49629;random
145;201129817;1604;10000;25;20;instances/DSJC1000.1.col;1000;49629;random
138;188231550;1600;10000;25;20;instances/DSJC1000.1.col;1000;49629;random
127;190894549;2336;10000;25;20;instances/DSJC1000.1.col;1000;49629;random
165;230186775;1923;10000;25;20;instances/DSJC1000.1.col;1000;49629;random
141;190909951;1490;10000;25;20;instances/DSJC1000.1.col;1000;49629;random
158;214542740;1819;10000;25;20;instances/DSJC1000.1.col;1000;49629;random
140;194365945;1562;10000;25;20;instances/DSJC1000.1.col;1000;49629;random
158;209641077;1693;10000;25;20;instances/DSJC1000.1.col;1000;49629;random
176;236178269;1572;10000;25;20;instances/DSJC1000.1.col;1000;49629;random
161;212431374;1435;10000;25;20;instances/DSJC1000.1.col;1000;49629;random
161;228260427;2483;10000;25;20;instances/DSJC1000.1.col;1000;49629;random
162;219803769;1806;10000;25;20;instances/DSJC1000.1.col;1000;49629;random
142;199729549;2071;10000;25;20;instances/DSJC1000.1.col;1000;49629;random
151;200904736;1547;10000;25;20;instances/DSJC1000.1.col;1000;49629;random
146;195526168;1745;10000;25;20;instances/DSJC1000.1.col;1000;49629;random
150;222049533;2607;10000;25;20;instances/DSJC1000.1.col;1000;49629;random
152;214085841;2027;10000;25;20;instances/DSJC1000.1.col;1000;49629;random
174;229469834;1455;10000;25;20;instances/DSJC1000.1.col;1000;49629;random
145;206407247;2362;10000;25;20;instances/DSJC1000.1.col;1000;49629;random
141;190341760;1879;10000;25;20;instances/DSJC1000.1.col;1000;49629;random
169;222850283;1713;10000;25;20;instances/DSJC1000.1.col;1000;49629;random
134;192771256;2050;10000;25;20;instances/DSJC1000.1.col;1000;49629;random
161;223352006;2062;10000;25;20;instances/DSJC1000.1.col;1000;49629;random
160;214159824;1567;10000;25;20;instances/DSJC1000.1.col;1000;49629;random
142;206838244;2517;10000;25;20;instances/DSJC1000.1.col;1000;49629;random
170;226534260;1531;10000;25;20;instances/DSJC1000.1.col;1000;49629;random
137;195256701;1998;10000;25;20;instances/DSJC1000.1.col;1000;49629;random
160;217218767;1953;10000;25;20;instances/DSJC1000.1.col;1000;49629;random
146;204898906;1866;10000;25;20;instances/DSJC1000.1.col;1000;49629;random
141;193835670;1739;10000;25;20;instances/DSJC1000.1.col;1000;49629;random
148;219838599;2686;10000;25;20;instances/DSJC1000.1.col;1000;49629;random
169;221925208;1418;10000;25;20;instances/DSJC1000.1.col;1000;49629;random
141;201672710;2468;10000;25;20;instances/DSJC1000.1.col;1000;49629;random
151;200045855;1667;10000;25;20;instances/DSJC1000.1.col;1000;49629;random
141;212910486;2689;10000;25;20;instances/DSJC1000.1.col;1000;49629;random
146;195193718;1673;10000;25;20;instances/DSJC1000.1.col;1000;49629;random
147;208378595;2249;10000;25;20;instances/DSJC1000.1.col;1000;49629;random
141;195949916;1848;10000;25;20;instances/DSJC1000.1.col;1000;49629;random
151;215325757;2064;10000;25;20;instances/DSJC1000.1.col;1000;49629;random
128;184053307;1912;10000;25;20;instances/DSJC1000.1.col;1000;49629;random
166;215993431;1371;10000;25;20;instances/DSJC1000.1.col;1000;49629;random
146;204633112;1971;10000;25;20;instances/DSJC1000.1.col;1000;49629;random
150;197027343;1597;10000;25;20;instances/DSJC1000.1.col;1000;49629;random
161;224189442;2028;10000;25;20;instances/DSJC1000.1.col;1000;49629;random
167;221461578;1809;10000;25;20;instances/DSJC1000.1.col;1000;49629;random
156;215901403;1895;10000;25;20;instances/DSJC1000.1.col;1000;49629;random
145;206128376;2064;10000;25;20;instances/DSJC1000.1.col;1000;49629;random
144;201121523;1822;10000;25;20;instances/DSJC1000.1.col;1000;49629;random
165;231106062;2178;10000;25;20;instances/DSJC1000.1.col;1000;49629;random
166;220474957;1458;10000;25;20;instances/DSJC1000.1.col;1000;49629;random
162;218592362;1702;10000;25;20;instances/DSJC1000.1.col;1000;49629;random
152;216964154;2289;10000;25;20;instances/DSJC1000.1.col;1000;49629;random
134;204322276;2686;10000;25;20;instances/DSJC1000.1.col;1000;49629;random
159;205221261;1756;10000;25;20;instances/DSJC1000.1.col;1000;49629;random
140;199172375;2023;10000;25;20;instances/DSJC1000.1.col;1000;49629;random
171;226849246;1809;10000;25;20;instances/DSJC1000.1.col;1000;49629;random
149;206064893;1820;10000;25;20;instances/DSJC1000.1.col;1000;49629;random
155;211665941;1751;10000;25;20;instances/DSJC1000.1.col;1000;49629;random
162;224433614;2421;10000;25;20;instances/DSJC1000.1.col;1000;49629;random
155;203852714;1705;10000;25;20;instances/DSJC1000.1.col;1000;49629;random
142;200451059;1920;10000;25;20;instances/DSJC1000.1.col;1000;49629;random
147;219127991;2820;10000;25;20;instances/DSJC1000.1.col;1000;49629;random
142;194146110;1561;10000;25;20;instances/DSJC1000.1.col;1000;49629;random
164;228366092;1813;10000;25;20;instances/DSJC1000.1.col;1000;49629;random
151;204955018;1925;10000;25;20;instances/DSJC1000.1.col;1000;49629;random
149;212267447;2252;10000;25;20;instances/DSJC1000.1.col;1000;49629;random
147;210094660;2134;10000;25;20;instances/DSJC1000.1.col;1000;49629;random
156;225187420;2752;10000;25;20;instances/DSJC1000.1.col;1000;49629;random
152;219666671;2156;10000;25;20;instances/DSJC1000.1.col;1000;49629;random
160;223636669;2188;10000;25;20;instances/DSJC1000.1.col;1000;49629;random
156;206135727;1394;10000;25;20;instances/DSJC1000.1.col;1000;49629;random
144;199623096;1678;10000;25;20;instances/DSJC1000.1.col;1000;49629;random
152;208191465;1833;10000;25;20;instances/DSJC1000.1.col;1000;49629;random
152;201643002;1786;10000;25;20;instances/DSJC1000.1.col;1000;49629;random
151;203034681;1925;10000;25;20;instances/DSJC1000.1.col;1000;49629;random
144;200096696;1839;10000;25;20;instances/DSJC1000.1.col;1000;49629;random
160;227224048;2058;10000;25;20;instances/DSJC1000.1.col;1000;49629;random
145;198117854;1677;10000;25;20;instances/DSJC1000.1.col;1000;49629;random
148;206481650;2135;10000;25;20;instances/DSJC1000.1.col;1000;49629;random
144;199564885;1801;10000;25;20;instances/DSJC1000.1.col;1000;49629;random
163;220455977;1620;10000;25;20;instances/DSJC1000.1.col;1000;49629;random
162;219723917;1638;10000;25;20;instances/DSJC1000.1.col;1000;49629;random
160;213886937;2115;10000;25;20;instances/DSJC1000.1.col;1000;49629;random
160;209471706;1565;10000;25;20;instances/DSJC1000.1.col;1000;49629;random
164;217974004;1752;10000;25;20;instances/DSJC1000.1.col;1000;49629;random
156;213454985;1772;10000;25;20;instances/DSJC1000.1.col;1000;49629;random
143;195147006;1652;10000;25;20;instances/DSJC1000.1.col;1000;49629;random
157;181656383;912;10000;25;20;instances/DSJC1000.1.col;1000;49629;greedy
157;179954526;912;10000;25;20;instances/DSJC1000.1.col;1000;49629;greedy
157;178542055;912;10000;25;20;instances/DSJC1000.1.col;1000;49629;greedy
157;177383750;912;10000;25;20;instances/DSJC1000.1.col;1000;49629;greedy
157;178499069;912;10000;25;20;instances/DSJC1000.1.col;1000;49629;greedy
157;178548584;912;10000;25;20;instances/DSJC1000.1.col;1000;49629;greedy
157;177861678;912;10000;25;20;instances/DSJC1000.1.col;1000;49629;greedy
157;177950889;912;10000;25;20;instances/DSJC1000.1.col;1000;49629;greedy
157;179515080;912;10000;25;20;instances/DSJC1000.1.col;1000;49629;greedy
157;177194482;912;10000;25;20;instances/DSJC1000.1.col;1000;49629;greedy
