34;4732622;230;10000;25;8;instances/DSJC250.1.col;250;3218;random
31;4554702;320;10000;25;8;instances/DSJC250.1.col;250;3218;random
33;4720473;283;10000;25;8;instances/DSJC250.1.col;250;3218;random
27;4031729;357;10000;25;8;instances/DSJC250.1.col;250;3218;random
25;3635894;256;10000;25;8;instances/DSJC250.1.col;250;3218;random
25;3228804;254;10000;25;8;instances/DSJC250.1.col;250;3218;random
26;3733294;258;10000;25;8;instances/DSJC250.1.col;250;3218;random
32;4215812;272;10000;25;8;instances/DSJC250.1.col;250;3218;random
33;4203962;233;10000;25;8;instances/DSJC250.1.col;250;3218;random
22;2960313;318;10000;25;8;instances/DSJC250.1.col;250;3218;random
32;4158598;202;10000;25;8;instances/DSJC250.1.col;250;3218;random
36;4877362;267;10000;25;8;instances/DSJC250.1.col;250;3218;random
22;3030476;296;10000;25;8;instances/DSJC250.1.col;250;3218;random
33;4299396;234;10000;25;8;instances/DSJC250.1.col;250;3218;random
32;4230396;290;10000;25;8;instances/DSJC250.1.col;250;3218;random
25;3478188;338;10000;25;8;instances/DSJC250.1.col;250;3218;random
32;4429655;287;10000;25;8;instances/DSJC250.1.col;250;3218;random
37;4799045;209;10000;25;8;instances/DSJC250.1.col;250;3218;random
23;3114480;378;10000;25;8;instances/DSJC250.1.col;250;3218;random
29;4164978;409;10000;25;8;instances/DSJC250.1.col;250;3218;random
24;3286516;288;10000;25;8;instances/DSJC250.1.col;250;3218;random
33;4413464;248;10000;25;8;instances/DSJC250.1.col;250;3218;random
32;4776074;620;10000;25;8;instances/DSJC250.1.col;250;3218;random
29;4068740;386;10000;25;8;instances/DSJC250.1.col;250;3218;random
28;3904391;285;10000;25;8;instances/DSJC250.1.col;250;3218;random
24;3434250;459;10000;25;8;instances/DSJC250.1.col;250;3218;random
33;4468013;309;10000;25;8;instances/DSJC250.1.col;250;3218;random
28;3807450;310;10000;25;8;instances/DSJC250.1.col;250;3218;random
25;3283252;272;10000;25;8;instances/DSJC250.1.col;250;3218;random
27;3668271;343;10000;25;8;instances/DSJC250.1.col;250;3218;random
30;4277127;296;10000;25;8;instances/DSJC250.1.col;250;3218;random
31;4187044;205;10000;25;8;instances/DSJC250.1.col;250;3218;random
31;4146593;253;10000;25;8;instances/DSJC250.1.col;250;3218;random
20;3070456;347;10000;25;8;instances/DSJC250.1.col;250;3218;random
30;4053935;288;10000;25;8;instances/DSJC250.1.col;250;3218;random
28;3892447;250;10000;25;8;instances/DSJC250.1.col;250;3218;random
23;3276560;370;10000;25;8;instances/DSJC250.1.col;250;3218;random
29;4107867;316;10000;25;8;instances/DSJC250.1.col;250;3218;random
27;3676487;266;10000;25;8;instances/DSJC250.1.col;250;3218;random
24;3396524;272;10000;25;8;instances/DSJC250.1.col;250;3218;random
23;3313466;275;10000;25;8;instances/DSJC250.1.col;250;3218;random
29;4236100;348;10000;25;8;instances/DSJC250.1.col;250;3218;random
31;4248975;252;10000;25;8;instances/DSJC250.1.col;250;3218;random
33;4376292;291;10000;25;8;instances/DSJC250.1.col;250;3218;random
34;4423492;283;10000;25;8;instances/DSJC250.1.col;250;3218;random
29;4131245;392;10000;25;8;instances/DSJC250.1.col;250;3218;random
20;2921509;279;10000;25;8;instances/DSJC250.1.col;250;3218;random
33;4653357;251;10000;25;8;instances/DSJC250.1.col;250;3218;random
30;4224187;261;10000;25;8;instances/DSJC250.1.col;250;3218;random
33;4267417;217;10000;25;8;instances/DSJC250.1.col;250;3218;random
25;3724209;285;10000;25;8;instances/DSJC250.1.col;250;3218;random
39;5075883;217;10000;25;8;instances/DSJC250.1.col;250;3218;random
25;3707399;371;10000;25;8;instances/DSJC250.1.col;250;3218;random
34;4716326;260;10000;25;8;instances/DSJC250.1.col;250;3218;random
31;4052285;250;10000;25;8;instances/DSJC250.1.col;250;3218;random
31;4100169;352;10000;25;8;instances/DSJC250.1.col;250;3218;random
27;3679953;265;10000;25;8;instances/DSJC250.1.col;250;3218;random
29;4025799;321;10000;25;8;instances/DSJC250.1.col;250;3218;random
28;3888177;428;10000;25;8;instances/DSJC250.1.col;250;3218;random
30;4239817;296;10000;25;8;instances/DSJC250.1.col;250;3218;random
33;4519738;215;10000;25;8;instances/DSJC250.1.col;250;3218;random
25;3471827;215;10000;25;8;instances/DSJC250.1.col;250;3218;random
29;4114053;466;10000;25;8;instances/DSJC250.1.col;250;3218;random
25;3389865;284;10000;25;8;instances/DSJC250.1.col;250;3218;random
27;4011079;300;10000;25;8;instances/DSJC250.1.col;250;3218;random
30;4905922;279;10000;25;8;instances/DSJC250.1.col;250;3218;random
27;4377144;318;10000;25;8;instances/DSJC250.1.col;250;3218;random
28;4593067;293;10000;25;8;instances/DSJC250.1.col;250;3218;random
26;3981745;212;10000;25;8;instances/DSJC250.1.col;250;3218;random
36;5305779;199;10000;25;8;instances/DSJC250.1.col;250;3218;random
33;5125848;231;10000;25;8;instances/DSJC250.1.col;250;3218;random
20;3005414;373;10000;25;8;instances/DSJC250.1.col;250;3218;random
23;3518060;266;10000;25;8;instances/DSJC250.1.col;250;3218;random
23;3625850;275;10000;25;8;instances/DSJC250.1.col;250;3218;random
32;4484657;241;10000;25;8;instances/DSJC250.1.col;250;3218;random
26;3868084;365;10000;25;8;instances/DSJC250.1.col;250;3218;random
23;3269641;385;10000;25;8;instances/DSJC250.1.col;250;3218;random
24;3300872;415;10000;25;8;instances/DSJC250.1.col;250;3218;random
22;3072672;345;10000;25;8;instances/DSJC250.1.col;250;3218;random
26;3526427;354;10000;25;8;instances/DSJC250.1.col;250;3218;random
25;3870557;340;10000;25;8;instances/DSJC250.1.col;250;3218;random
25;3556343;274;10000;25;8;instances/DSJC250.1.col;250;3218;random
35;4993855;334;10000;25;8;instances/DSJC250.1.col;250;3218;random
29;4152763;253;10000;25;8;instances/DSJC250.1.col;250;3218;random
38;5139715;206;10000;25;8;instances/DSJC250.1.col;250;3218;random
26;3689234;388;10000;25;8;instances/DSJC250.1.col;250;3218;random
32;4776947;221;10000;25;8;instances/DSJC250.1.col;250;3218;random
29;4569977;331;10000;25;8;instances/DSJC250.1.col;250;3218;random
36;5061240;227;10000;25;8;instances/DSJC250.1.col;250;3218;random
29;4108923;298;10000;25;8;instances/DSJC250.1.col;250;3218;random
27;4115533;314;10000;25;8;instances/DSJC250.1.col;250;3218;random
27;4405267;410;10000;25;8;instances/DSJC250.1.col;250;3218;random
25;3741403;313;10000;25;8;instances/DSJC250.1.col;250;3218;random
29;3981843;268;10000;25;8;instances/DSJC250.1.col;250;3218;random
26;4013855;299;10000;25;8;instances/DSJC250.1.col;250;3218;random
39;5403565;236;10000;25;8;instances/DSJC250.1.col;250;3218;random
22;3228300;245;10000;25;8;instances/DSJC250.1.col;250;3218;random
29;4155276;255;10000;25;8;instances/DSJC250.1.col;250;3218;random
23;3331772;254;10000;25;8;instances/DSJC250.1.col;250;3218;random
26;3663802;272;10000;25;8;instances/DSJC250.1.col;250;3218;random
30;4040508;194;10000;25;8;instances/DSJC250.1.col;250;3218;greedy
30;4073079;194;10000;25;8;instances/DSJC250.1.col;250;3218;greedy
30;4055582;194;10000;25;8;instances/DSJC250.1.col;250;3218;greedy
30;4025687;194;10000;25;8;instances/DSJC250.1.col;250;3218;greedy
30;4015165;194;10000;25;8;instances/DSJC250.1.col;250;3218;greedy
30;4041004;194;10000;25;8;instances/DSJC250.1.col;250;3218;greedy
30;3993126;194;10000;25;8;instances/DSJC250.1.col;250;3218;greedy
30;4005778;194;10000;25;8;instances/DSJC250.1.col;250;3218;greedy
30;3963587;194;10000;25;8;instances/DSJC250.1.col;250;3218;greedy
30;4086201;194;10000;25;8;instances/DSJC250.1.col;250;3218;greedy
