40;32463139;331;10000;25;28;instances/DSJC250.5.col;250;15668;random
48;38917831;596;10000;25;28;instances/DSJC250.5.col;250;15668;random
46;36137703;538;10000;25;28;instances/DSJC250.5.col;250;15668;random
45;35313334;480;10000;25;28;instances/DSJC250.5.col;250;15668;random
47;38124138;805;10000;25;28;instances/DSJC250.5.col;250;15668;random
43;33819223;363;10000;25;28;instances/DSJC250.5.col;250;15668;random
44;35310678;432;10000;25;28;instances/DSJC250.5.col;250;15668;random
44;38435973;1067;10000;25;28;instances/DSJC250.5.col;250;15668;random
39;32749603;647;10000;25;28;instances/DSJC250.5.col;250;15668;random
42;33543670;479;10000;25;28;instances/DSJC250.5.col;250;15668;random
38;30614193;457;10000;25;28;instances/DSJC250.5.col;250;15668;random
42;34767927;611;10000;25;28;instances/DSJC250.5.col;250;15668;random
46;34354513;314;10000;25;28;instances/DSJC250.5.col;250;15668;random
45;37185138;759;10000;25;28;instances/DSJC250.5.col;250;15668;random
41;33156778;347;10000;25;28;instances/DSJC250.5.col;250;15668;random
43;33256735;344;10000;25;28;instances/DSJC250.5.col;250;15668;random
43;33425342;411;10000;25;28;instances/DSJC250.5.col;250;15668;random
46;35897855;361;10000;25;28;instances/DSJC250.5.col;250;15668;random
40;33581314;745;10000;25;28;instances/DSJC250.5.col;250;15668;random
40;32102426;429;10000;25;28;instances/DSJC250.5.col;250;15668;random
46;36504676;446;10000;25;28;instances/DSJC250.5.col;250;15668;random
44;35043457;527;10000;25;28;instances/DSJC250.5.col;250;15668;random
48;37958315;308;10000;25;28;instances/DSJC250.5.col;250;15668;random
38;32118882;603;10000;25;28;instances/DSJC250.5.col;250;15668;random
45;35872650;337;10000;25;28;instances/DSJC250.5.col;250;15668;random
41;33715620;404;10000;25;28;instances/DSJC250.5.col;250;15668;random
49;36159402;372;10000;25;28;instances/DSJC250.5.col;250;15668;random
51;39632138;288;10000;25;28;instances/DSJC250.5.col;250;15668;random
55;41765706;368;10000;25;28;instances/DSJC250.5.col;250;15668;random
44;41747407;1745;10000;25;28;instances/DSJC250.5.col;250;15668;random
39;32228070;633;10000;25;28;instances/DSJC250.5.col;250;15668;random
31;25237369;634;10000;25;28;instances/DSJC250.5.col;250;15668;random
38;30819829;376;10000;25;28;instances/DSJC250.5.col;250;15668;random
42;34182442;549;10000;25;28;instances/DSJC250.5.col;250;15668;random
41;33430416;566;10000;25;28;instances/DSJC250.5.col;250;15668;random
43;35486766;427;10000;25;28;instances/DSJC250.5.col;250;15668;random
40;32781900;579;10000;25;28;instances/DSJC250.5.col;250;15668;random
41;33864266;638;10000;25;28;instances/DSJC250.5.col;250;15668;random
46;34858793;414;10000;25;28;instances/DSJC250.5.col;250;15668;random
41;33736917;442;10000;25;28;instances/DSJC250.5.col;250;15668;random
42;33876831;478;10000;25;28;instances/DSJC250.5.col;250;15668;random
41;33169951;433;10000;25;28;instances/DSJC250.5.col;250;15668;random
41;33664400;978;10000;25;28;instances/DSJC250.5.col;250;15668;random
46;34858982;310;10000;25;28;instances/DSJC250.5.col;250;15668;random
46;36564713;401;10000;25;28;instances/DSJC250.5.col;250;15668;random
45;35654319;407;10000;25;28;instances/DSJC250.5.col;250;15668;random
61;42783641;258;10000;25;28;instances/DSJC250.5.col;250;15668;random
42;32662597;483;10000;25;28;instances/DSJC250.5.col;250;15668;random
37;29761567;406;10000;25;28;instances/DSJC250.5.col;250;15668;random
37;29333963;481;10000;25;28;instances/DSJC250.5.col;250;15668;random
47;37494868;448;10000;25;28;instances/DSJC250.5.col;250;15668;random
46;37219733;487;10000;25;28;instances/DSJC250.5.col;250;15668;random
56;41695651;275;10000;25;28;instances/DSJC250.5.col;250;15668;random
40;32364073;632;10000;25;28;instances/DSJC250.5.col;250;15668;random
48;35668102;334;10000;25;28;instances/DSJC250.5.col;250;15668;random
40;34319568;858;10000;25;28;instances/DSJC250.5.col;250;15668;random
52;39675008;336;10000;25;28;instances/DSJC250.5.col;250;15668;random
41;31649026;474;10000;25;28;instances/DSJC250.5.col;250;15668;random
36;29252990;384;10000;25;28;instances/DSJC250.5.col;250;15668;random
40;32099965;449;10000;25;28;instances/DSJC250.5.col;250;15668;random
47;35094292;342;10000;25;28;instances/DSJC250.5.col;250;15668;random
42;34012524;558;10000;25;28;instances/DSJC250.5.col;250;15668;random
36;30167430;452;10000;25;28;instances/DSJC250.5.col;250;15668;random
37;30325497;705;10000;25;28;instances/DSJC250.5.col;250;15668;random
42;33732031;685;10000;25;28;instances/DSJC250.5.col;250;15668;random
50;39095503;303;10000;25;28;instances/DSJC250.5.col;250;15668;random
39;31914580;476;10000;25;28;instances/DSJC250.5.col;250;15668;random
49;38606514;337;10000;25;28;instances/DSJC250.5.col;250;15668;random
44;33931696;396;10000;25;28;instances/DSJC250.5.col;250;15668;random
44;34481164;449;10000;25;28;instances/DSJC250.5.col;250;15668;random
34;27890595;557;10000;25;28;instances/DSJC250.5.col;250;15668;random
49;38594819;481;10000;25;28;instances/DSJC250.5.col;250;15668;random
49;39355645;370;10000;25;28;instances/DSJC250.5.col;250;15668;random
37;28450615;502;10000;25;28;instances/DSJC250.5.col;250;15668;random
42;33968207;493;10000;25;28;instances/DSJC250.5.col;250;15668;random
52;41112036;393;10000;25;28;instances/DSJC250.5.col;250;15668;random
38;31801682;528;10000;25;28;instances/DSJC250.5.col;250;15668;random
45;35699781;407;10000;25;28;instances/DSJC250.5.col;250;15668;random
41;31530664;433;10000;25;28;instances/DSJC250.5.col;250;15668;random
38;30744704;489;10000;25;28;instances/DSJC250.5.col;250;15668;random
52;40685780;420;10000;25;28;instances/DSJC250.5.col;250;15668;random
46;38605268;799;10000;25;28;instances/DSJC250.5.col;250;15668;random
39;31132123;443;10000;25;28;instances/DSJC250.5.col;250;15668;random
37;30013442;496;10000;25;28;instances/DSJC250.5.col;250;15668;random
42;33129498;469;10000;25;28;instances/DSJC250.5.col;250;15668;random
35;27821469;479;10000;25;28;instances/DSJC250.5.col;250;15668;random
49;39175921;656;10000;25;28;instances/DSJC250.5.col;250;15668;random
42;33164228;379;10000;25;28;instances/DSJC250.5.col;250;15668;random
44;34806814;482;10000;25;28;instances/DSJC250.5.col;250;15668;random
41;32075407;372;10000;25;28;instances/DSJC250.5.col;250;15668;random
44;35695261;406;10000;25;28;instances/DSJC250.5.col;250;15668;random
46;35623242;405;10000;25;28;instances/DSJC250.5.col;250;15668;random
48;38561603;430;10000;25;28;instances/DSJC250.5.col;250;15668;random
47;36225352;455;10000;25;28;instances/DSJC250.5.col;250;15668;random
44;34401378;365;10000;25;28;instances/DSJC250.5.col;250;15668;random
48;36523288;472;10000;25;28;instances/DSJC250.5.col;250;15668;random
53;40486005;360;10000;25;28;instances/DSJC250.5.col;250;15668;random
44;35705920;291;10000;25;28;instances/DSJC250.5.col;250;15668;random
43;34202142;353;10000;25;28;instances/DSJC250.5.col;250;15668;random
35;28625361;453;10000;25;28;instances/DSJC250.5.col;250;15668;random
38;27736063;285;10000;25;28;instances/DSJC250.5.col;250;15668;greedy
38;27917315;285;10000;25;28;instances/DSJC250.5.col;250;15668;greedy
38;28131329;285;10000;25;28;instances/DSJC250.5.col;250;15668;greedy
38;28017829;285;10000;25;28;instances/DSJC250.5.col;250;15668;greedy
38;27736493;285;10000;25;28;instances/DSJC250.5.col;250;15668;greedy
38;27347293;285;10000;25;28;instances/DSJC250.5.col;250;15668;greedy
38;27436355;285;10000;25;28;instances/DSJC250.5.col;250;15668;greedy
38;27153678;285;10000;25;28;instances/DSJC250.5.col;250;15668;greedy
38;27953230;285;10000;25;28;instances/DSJC250.5.col;250;15668;greedy
38;28200786;285;10000;25;28;instances/DSJC250.5.col;250;15668;greedy
