7;1784996;213;10000;25;12;instances/DSJR500.1.col;500;3555;random
7;1726728;216;10000;25;12;instances/DSJR500.1.col;500;3555;random
5;1562588;304;10000;25;12;instances/DSJR500.1.col;500;3555;random
6;1742056;237;10000;25;12;instances/DSJR500.1.col;500;3555;random
8;1798714;229;10000;25;12;instances/DSJR500.1.col;500;3555;random
10;2181517;227;10000;25;12;instances/DSJR500.1.col;500;3555;random
11;2546506;223;10000;25;12;instances/DSJR500.1.col;500;3555;random
4;1384459;240;10000;25;12;instances/DSJR500.1.col;500;3555;random
9;2073361;244;10000;25;12;instances/DSJR500.1.col;500;3555;random
9;2125059;224;10000;25;12;instances/DSJR500.1.col;500;3555;random
9;2061662;202;10000;25;12;instances/DSJR500.1.col;500;3555;random
8;1988507;265;10000;25;12;instances/DSJR500.1.col;500;3555;random
8;3241313;229;10000;25;12;instances/DSJR500.1.col;500;3555;random
5;1508666;328;10000;25;12;instances/DSJR500.1.col;500;3555;random
8;1886386;205;10000;25;12;instances/DSJR500.1.col;500;3555;random
8;1907575;239;10000;25;12;instances/DSJR500.1.col;500;3555;random
10;2283196;219;10000;25;12;instances/DSJR500.1.col;500;3555;random
6;1638000;347;10000;25;12;instances/DSJR500.1.col;500;3555;random
7;1801436;250;10000;25;12;instances/DSJR500.1.col;500;3555;random
11;2530505;212;10000;25;12;instances/DSJR500.1.col;500;3555;random
6;1649683;278;10000;25;12;instances/DSJR500.1.col;500;3555;random
5;1491797;218;10000;25;12;instances/DSJR500.1.col;500;3555;random
7;1797776;314;10000;25;12;instances/DSJR500.1.col;500;3555;random
9;2164172;240;10000;25;12;instances/DSJR500.1.col;500;3555;random
5;1484872;219;10000;25;12;instances/DSJR500.1.col;500;3555;random
8;1923512;244;10000;25;12;instances/DSJR500.1.col;500;3555;random
10;2362180;369;10000;25;12;instances/DSJR500.1.col;500;3555;random
11;2577960;363;10000;25;12;instances/DSJR500.1.col;500;3555;random
5;1609751;328;10000;25;12;instances/DSJR500.1.col;500;3555;random
6;2772017;228;10000;25;12;instances/DSJR500.1.col;500;3555;random
6;1692978;249;10000;25;12;instances/DSJR500.1.col;500;3555;random
10;2384358;364;10000;25;12;instances/DSJR500.1.col;500;3555;random
6;1644186;222;10000;25;12;instances/DSJR500.1.col;500;3555;random
7;1752036;196;10000;25;12;instances/DSJR500.1.col;500;3555;random
7;1808512;246;10000;25;12;instances/DSJR500.1.col;500;3555;random
12;2539188;195;10000;25;12;instances/DSJR500.1.col;500;3555;random
7;1813408;330;10000;25;12;instances/DSJR500.1.col;500;3555;random
8;2000454;295;10000;25;12;instances/DSJR500.1.col;500;3555;random
8;1865425;211;10000;25;12;instances/DSJR500.1.col;500;3555;random
7;1786920;234;10000;25;12;instances/DSJR500.1.col;500;3555;random
6;1655170;303;10000;25;12;instances/DSJR500.1.col;500;3555;random
5;1507481;236;10000;25;12;instances/DSJR500.1.col;500;3555;random
7;1845718;273;10000;25;12;instances/DSJR500.1.col;500;3555;random
6;1591232;220;10000;25;12;instances/DSJR500.1.col;500;3555;random
9;2085414;338;10000;25;12;instances/DSJR500.1.col;500;3555;random
8;1915430;250;10000;25;12;instances/DSJR500.1.col;500;3555;random
9;2026641;212;10000;25;12;instances/DSJR500.1.col;500;3555;random
6;2805088;226;10000;25;12;instances/DSJR500.1.col;500;3555;random
5;1467086;214;10000;25;12;instances/DSJR500.1.col;500;3555;random
10;2287926;208;10000;25;12;instances/DSJR500.1.col;500;3555;random
7;1778798;296;10000;25;12;instances/DSJR500.1.col;500;3555;random
5;1514278;307;10000;25;12;instances/DSJR500.1.col;500;3555;random
8;1892392;235;10000;25;12;instances/DSJR500.1.col;500;3555;random
11;2466736;254;10000;25;12;instances/DSJR500.1.col;500;3555;random
8;1868776;210;10000;25;12;instances/DSJR500.1.col;500;3555;random
10;2198223;245;10000;25;12;instances/DSJR500.1.col;500;3555;random
6;1683571;310;10000;25;12;instances/DSJR500.1.col;500;3555;random
9;2015323;202;10000;25;12;instances/DSJR500.1.col;500;3555;random
7;1715197;234;10000;25;12;instances/DSJR500.1.col;500;3555;random
9;2169121;332;10000;25;12;instances/DSJR500.1.col;500;3555;random
9;2023011;210;10000;25;12;instances/DSJR500.1.col;500;3555;random
6;1675576;245;10000;25;12;instances/DSJR500.1.col;500;3555;random
6;1607961;224;10000;25;12;instances/DSJR500.1.col;500;3555;random
9;2182952;236;10000;25;12;instances/DSJR500.1.col;500;3555;random
5;2818073;355;10000;25;12;instances/DSJR500.1.col;500;3555;random
7;1757771;292;10000;25;12;instances/DSJR500.1.col;500;3555;random
7;1777652;220;10000;25;12;instances/DSJR500.1.col;500;3555;random
8;1989712;249;10000;25;12;instances/DSJR500.1.col;500;3555;random
3;1292390;304;10000;25;12;instances/DSJR500.1.col;500;3555;random
7;1764024;289;10000;25;12;instances/DSJR500.1.col;500;3555;random
6;1577131;230;10000;25;12;instances/DSJR500.1.col;500;3555;random
7;1729359;310;10000;25;12;instances/DSJR500.1.col;500;3555;random
11;2491824;256;10000;25;12;instances/DSJR500.1.col;500;3555;random
7;1790482;263;10000;25;12;instances/DSJR500.1.col;500;3555;random
9;2152588;365;10000;25;12;instances/DSJR500.1.col;500;3555;random
5;1468416;226;10000;25;12;instances/DSJR500.1.col;500;3555;random
9;2123132;239;10000;25;12;instances/DSJR500.1.col;500;3555;random
6;1617127;329;10000;25;12;instances/DSJR500.1.col;500;3555;random
9;1967407;299;10000;25;12;instances/DSJR500.1.col;500;3555;random
7;1787147;233;10000;25;12;instances/DSJR500.1.col;500;3555;random
5;1520860;222;10000;25;12;instances/DSJR500.1.col;500;3555;random
7;1831858;237;10000;25;12;instances/DSJR500.1.col;500;3555;random
8;3177803;258;10000;25;12;instances/DSJR500.1.col;500;3555;random
8;1898734;218;10000;25;12;instances/DSJR500.1.col;500;3555;random
8;1900628;217;10000;25;12;instances/DSJR500.1.col;500;3555;random
3;1318617;228;10000;25;12;instances/DSJR500.1.col;500;3555;random
8;1875205;249;10000;25;12;instances/DSJR500.1.col;500;3555;random
9;2053517;224;10000;25;12;instances/DSJR500.1.col;500;3555;random
5;1503960;244;10000;25;12;instances/DSJR500.1.col;500;3555;random
9;2053453;243;10000;25;12;instances/DSJR500.1.col;500;3555;random
9;2113788;257;10000;25;12;instances/DSJR500.1.col;500;3555;random
7;1790168;338;10000;25;12;instances/DSJR500.1.col;500;3555;random
4;1389035;295;10000;25;12;instances/DSJR500.1.col;500;3555;random
7;1864135;368;10000;25;12;instances/DSJR500.1.col;500;3555;random
6;1617370;237;10000;25;12;instances/DSJR500.1.col;500;3555;random
7;1721675;220;10000;25;12;instances/DSJR500.1.col;500;3555;random
8;1987152;343;10000;25;12;instances/DSJR500.1.col;500;3555;random
3;1320590;339;10000;25;12;instances/DSJR500.1.col;500;3555;random
7;1762317;233;10000;25;12;instances/DSJR500.1.col;500;3555;random
7;1751040;225;10000;25;12;instances/DSJR500.1.col;500;3555;random
5;1160772;16;10000;25;12;instances/DSJR500.1.col;500;3555;greedy
5;1164221;16;10000;25;12;instances/DSJR500.1.col;500;3555;greedy
5;1160731;16;10000;25;12;instances/DSJR500.1.col;500;3555;greedy
5;1171571;16;10000;25;12;instances/DSJR500.1.col;500;3555;greedy
5;1781852;16;10000;25;12;instances/DSJR500.1.col;500;3555;greedy
5;1183651;16;10000;25;12;instances/DSJR500.1.col;500;3555;greedy
5;1183806;16;10000;25;12;instances/DSJR500.1.col;500;3555;greedy
5;1176652;16;10000;25;12;instances/DSJR500.1.col;500;3555;greedy
5;1170195;16;10000;25;12;instances/DSJR500.1.col;500;3555;greedy
5;1173534;16;10000;25;12;instances/DSJR500.1.col;500;3555;greedy
