48;336614229;660;10000;25;122;instances/DSJR500.5.col;500;58862;random
52;366473184;631;10000;25;122;instances/DSJR500.5.col;500;58862;random
51;349231162;408;10000;25;122;instances/DSJR500.5.col;500;58862;random
45;743746409;15181;10000;25;122;instances/DSJR500.5.col;500;58862;random
41;322640614;1682;10000;25;122;instances/DSJR500.5.col;500;58862;random
46;325062440;755;10000;25;122;instances/DSJR500.5.col;500;58862;random
44;321325508;1053;10000;25;122;instances/DSJR500.5.col;500;58862;random
46;379737364;2748;10000;25;122;instances/DSJR500.5.col;500;58862;random
49;346665783;716;10000;25;122;instances/DSJR500.5.col;500;58862;random
59;406774698;500;10000;25;122;instances/DSJR500.5.col;500;58862;random
48;331969196;435;10000;25;122;instances/DSJR500.5.col;500;58862;random
49;507654825;5775;10000;25;122;instances/DSJR500.5.col;500;58862;random
50;474565465;4462;10000;25;122;instances/DSJR500.5.col;500;58862;random
47;327674782;797;10000;25;122;instances/DSJR500.5.col;500;58862;random
50;349778765;809;10000;25;122;instances/DSJR500.5.col;500;58862;random
51;362434107;954;10000;25;122;instances/DSJR500.5.col;500;58862;random
46;383210159;2630;10000;25;122;instances/DSJR500.5.col;500;58862;random
56;399586504;1133;10000;25;122;instances/DSJR500.5.col;500;58862;random
52;527231362;5406;10000;25;122;instances/DSJR500.5.col;500;58862;random
40;279912559;803;10000;25;122;instances/DSJR500.5.col;500;58862;random
50;366265339;1097;10000;25;122;instances/DSJR500.5.col;500;58862;random
48;325376755;570;10000;25;122;instances/DSJR500.5.col;500;58862;random
46;319040528;807;10000;25;122;instances/DSJR500.5.col;500;58862;random
45;313382730;629;10000;25;122;instances/DSJR500.5.col;500;58862;random
49;352155075;759;10000;25;122;instances/DSJR500.5.col;500;58862;random
44;479164049;6339;10000;25;122;instances/DSJR500.5.col;500;58862;random
48;592465945;8433;10000;25;122;instances/DSJR500.5.col;500;58862;random
50;379111996;1634;10000;25;122;instances/DSJR500.5.col;500;58862;random
46;330226348;902;10000;25;122;instances/DSJR500.5.col;500;58862;random
45;317415245;730;10000;25;122;instances/DSJR500.5.col;500;58862;random
43;367164663;2976;10000;25;122;instances/DSJR500.5.col;500;58862;random
54;399174667;1289;10000;25;122;instances/DSJR500.5.col;500;58862;random
51;352240356;557;10000;25;122;instances/DSJR500.5.col;500;58862;random
52;471676289;3868;10000;25;122;instances/DSJR500.5.col;500;58862;random
53;362099559;589;10000;25;122;instances/DSJR500.5.col;500;58862;random
48;427117795;3471;10000;25;122;instances/DSJR500.5.col;500;58862;random
53;946753205;16962;10000;25;122;instances/DSJR500.5.col;500;58862;random
57;383511692;383;10000;25;122;instances/DSJR500.5.col;500;58862;random
46;345056081;1482;10000;25;122;instances/DSJR500.5.col;500;58862;random
49;346309730;973;10000;25;122;instances/DSJR500.5.col;500;58862;random
62;445885090;1326;10000;25;122;instances/DSJR500.5.col;500;58862;random
43;365680470;2831;10000;25;122;instances/DSJR500.5.col;500;58862;random
50;357269178;1037;10000;25;122;instances/DSJR500.5.col;500;58862;random
50;352775392;779;10000;25;122;instances/DSJR500.5.col;500;58862;random
41;315841936;2051;10000;25;122;instances/DSJR500.5.col;500;58862;random
45;355827425;2115;10000;25;122;instances/DSJR500.5.col;500;58862;random
50;336767779;430;10000;25;122;instances/DSJR500.5.col;500;58862;random
48;559228028;7488;10000;25;122;instances/DSJR500.5.col;500;58862;random
56;479875282;3352;10000;25;122;instances/DSJR500.5.col;500;58862;random
54;365040011;598;10000;25;122;instances/DSJR500.5.col;500;58862;random
58;423052446;1152;10000;25;122;instances/DSJR500.5.col;500;58862;random
45;381793498;2813;10000;25;122;instances/DSJR500.5.col;500;58862;random
61;410335666;538;10000;25;122;instances/DSJR500.5.col;500;58862;random
47;350480277;1358;10000;25;122;instances/DSJR500.5.col;500;58862;random
44;305886509;494;10000;25;122;instances/DSJR500.5.col;500;58862;random
53;365449159;641;10000;25;122;instances/DSJR500.5.col;500;58862;random
49;334726146;563;10000;25;122;instances/DSJR500.5.col;500;58862;random
51;339807068;315;10000;25;122;instances/DSJR500.5.col;500;58862;random
49;332594666;385;10000;25;122;instances/DSJR500.5.col;500;58862;random
51;380493500;1359;10000;25;122;instances/DSJR500.5.col;500;58862;random
49;366576128;1334;10000;25;122;instances/DSJR500.5.col;500;58862;random
51;353082292;578;10000;25;122;instances/DSJR500.5.col;500;58862;random
47;333230584;671;10000;25;122;instances/DSJR500.5.col;500;58862;random
51;366073129;1091;10000;25;122;instances/DSJR500.5.col;500;58862;random
51;355180556;582;10000;25;122;instances/DSJR500.5.col;500;58862;random
58;405553403;768;10000;25;122;instances/DSJR500.5.col;500;58862;random
51;361019796;871;10000;25;122;instances/DSJR500.5.col;500;58862;random
47;328635992;626;10000;25;122;instances/DSJR500.5.col;500;58862;random
52;352119025;381;10000;25;122;instances/DSJR500.5.col;500;58862;random
51;369229844;1059;10000;25;122;instances/DSJR500.5.col;500;58862;random
54;391891882;1007;10000;25;122;instances/DSJR500.5.col;500;58862;random
48;430798422;3638;10000;25;122;instances/DSJR500.5.col;500;58862;random
41;286718898;674;10000;25;122;instances/DSJR500.5.col;500;58862;random
43;318135583;1322;10000;25;122;instances/DSJR500.5.col;500;58862;random
43;453773804;6194;10000;25;122;instances/DSJR500.5.col;500;58862;random
46;318808598;515;10000;25;122;instances/DSJR500.5.col;500;58862;random
46;504189049;6531;10000;25;122;instances/DSJR500.5.col;500;58862;random
50;355180911;668;10000;25;122;instances/DSJR500.5.col;500;58862;random
50;373733115;1368;10000;25;122;instances/DSJR500.5.col;500;58862;random
58;426852767;1041;10000;25;122;instances/DSJR500.5.col;500;58862;random
54;374748222;619;10000;25;122;instances/DSJR500.5.col;500;58862;random
49;346463285;994;10000;25;122;instances/DSJR500.5.col;500;58862;random
46;329749750;795;10000;25;122;instances/DSJR500.5.col;500;58862;random
45;326847983;854;10000;25;122;instances/DSJR500.5.col;500;58862;random
45;315750572;622;10000;25;122;instances/DSJR500.5.col;500;58862;random
45;324867871;1032;10000;25;122;instances/DSJR500.5.col;500;58862;random
51;393121238;1620;10000;25;122;instances/DSJR500.5.col;500;58862;random
34;321805125;4093;10000;25;122;instances/DSJR500.5.col;500;58862;random
48;327925462;506;10000;25;122;instances/DSJR500.5.col;500;58862;random
52;367380776;711;10000;25;122;instances/DSJR500.5.col;500;58862;random
38;273149589;873;10000;25;122;instances/DSJR500.5.col;500;58862;random
48;436626027;645;10000;25;122;instances/DSJR500.5.col;500;58862;random
49;622547815;553;10000;25;122;instances/DSJR500.5.col;500;58862;random
50;691012711;4346;10000;25;122;instances/DSJR500.5.col;500;58862;random
51;410532901;2354;10000;25;122;instances/DSJR500.5.col;500;58862;random
45;302757630;364;10000;25;122;instances/DSJR500.5.col;500;58862;random
49;430293254;2953;10000;25;122;instances/DSJR500.5.col;500;58862;random
56;395118131;567;10000;25;122;instances/DSJR500.5.col;500;58862;random
39;289131407;1117;10000;25;122;instances/DSJR500.5.col;500;58862;random
47;327219101;437;10000;25;122;instances/DSJR500.5.col;500;58862;random
34;248536685;2107;10000;25;122;instances/DSJR500.5.col;500;58862;greedy
34;245959870;2107;10000;25;122;instances/DSJR500.5.col;500;58862;greedy
34;246321543;2107;10000;25;122;instances/DSJR500.5.col;500;58862;greedy
34;244786848;2107;10000;25;122;instances/DSJR500.5.col;500;58862;greedy
34;243818298;2107;10000;25;122;instances/DSJR500.5.col;500;58862;greedy
34;244014629;2107;10000;25;122;instances/DSJR500.5.col;500;58862;greedy
34;246773403;2107;10000;25;122;instances/DSJR500.5.col;500;58862;greedy
34;248632531;2107;10000;25;122;instances/DSJR500.5.col;500;58862;greedy
34;248094674;2107;10000;25;122;instances/DSJR500.5.col;500;58862;greedy
34;248637678;2107;10000;25;122;instances/DSJR500.5.col;500;58862;greedy
