19;157224357;639;10000;25;85;instances/DSJR500.1c.col;500;121275;random
18;149905683;541;10000;25;85;instances/DSJR500.1c.col;500;121275;random
17;147913803;797;10000;25;85;instances/DSJR500.1c.col;500;121275;random
21;166740151;527;10000;25;85;instances/DSJR500.1c.col;500;121275;random
15;133207206;535;10000;25;85;instances/DSJR500.1c.col;500;121275;random
21;157095999;664;10000;25;85;instances/DSJR500.1c.col;500;121275;random
15;130829879;543;10000;25;85;instances/DSJR500.1c.col;500;121275;random
20;158218384;619;10000;25;85;instances/DSJR500.1c.col;500;121275;random
24;163218811;543;10000;25;85;instances/DSJR500.1c.col;500;121275;random
22;163539304;543;10000;25;85;instances/DSJR500.1c.col;500;121275;random
20;160173838;493;10000;25;85;instances/DSJR500.1c.col;500;121275;random
26;193500019;567;10000;25;85;instances/DSJR500.1c.col;500;121275;random
20;167162915;635;10000;25;85;instances/DSJR500.1c.col;500;121275;random
19;148048828;561;10000;25;85;instances/DSJR500.1c.col;500;121275;random
13;122060782;768;10000;25;85;instances/DSJR500.1c.col;500;121275;random
19;153434514;671;10000;25;85;instances/DSJR500.1c.col;500;121275;random
22;172526481;533;10000;25;85;instances/DSJR500.1c.col;500;121275;random
19;152118803;575;10000;25;85;instances/DSJR500.1c.col;500;121275;random
17;137791515;622;10000;25;85;instances/DSJR500.1c.col;500;121275;random
19;158817944;583;10000;25;85;instances/DSJR500.1c.col;500;121275;random
18;152241898;650;10000;25;85;instances/DSJR500.1c.col;500;121275;random
22;175798508;537;10000;25;85;instances/DSJR500.1c.col;500;121275;random
14;132050086;625;10000;25;85;instances/DSJR500.1c.col;500;121275;random
13;130528452;508;10000;25;85;instances/DSJR500.1c.col;500;121275;random
17;146776851;819;10000;25;85;instances/DSJR500.1c.col;500;121275;random
14;129662779;617;10000;25;85;instances/DSJR500.1c.col;500;121275;random
19;158280476;517;10000;25;85;instances/DSJR500.1c.col;500;121275;random
20;171161820;643;10000;25;85;instances/DSJR500.1c.col;500;121275;random
16;140903814;505;10000;25;85;instances/DSJR500.1c.col;500;121275;random
16;142939856;527;10000;25;85;instances/DSJR500.1c.col;500;121275;random
19;157810049;734;10000;25;85;instances/DSJR500.1c.col;500;121275;random
20;158738914;606;10000;25;85;instances/DSJR500.1c.col;500;121275;random
23;180429776;615;10000;25;85;instances/DSJR500.1c.col;500;121275;random
13;125192291;502;10000;25;85;instances/DSJR500.1c.col;500;121275;random
18;144648859;528;10000;25;85;instances/DSJR500.1c.col;500;121275;random
11;119476528;568;10000;25;85;instances/DSJR500.1c.col;500;121275;random
20;146070951;498;10000;25;85;instances/DSJR500.1c.col;500;121275;random
12;124383799;533;10000;25;85;instances/DSJR500.1c.col;500;121275;random
18;156461736;562;10000;25;85;instances/DSJR500.1c.col;500;121275;random
12;116128491;547;10000;25;85;instances/DSJR500.1c.col;500;121275;random
17;151796572;542;10000;25;85;instances/DSJR500.1c.col;500;121275;random
18;150989665;519;10000;25;85;instances/DSJR500.1c.col;500;121275;random
20;150644574;666;10000;25;85;instances/DSJR500.1c.col;500;121275;random
20;159175442;617;10000;25;85;instances/DSJR500.1c.col;500;121275;random
20;155710821;629;10000;25;85;instances/DSJR500.1c.col;500;121275;random
22;169376981;519;10000;25;85;instances/DSJR500.1c.col;500;121275;random
20;159377243;541;10000;25;85;instances/DSJR500.1c.col;500;121275;random
19;149767122;587;10000;25;85;instances/DSJR500.1c.col;500;121275;random
21;152192508;606;10000;25;85;instances/DSJR500.1c.col;500;121275;random
19;149663200;618;10000;25;85;instances/DSJR500.1c.col;500;121275;random
17;140169431;606;10000;25;85;instances/DSJR500.1c.col;500;121275;random
16;135804061;645;10000;25;85;instances/DSJR500.1c.col;500;121275;random
14;127815450;504;10000;25;85;instances/DSJR500.1c.col;500;121275;random
17;149946720;539;10000;25;85;instances/DSJR500.1c.col;500;121275;random
14;132802525;656;10000;25;85;instances/DSJR500.1c.col;500;121275;random
16;130742676;500;10000;25;85;instances/DSJR500.1c.col;500;121275;random
18;146324072;515;10000;25;85;instances/DSJR500.1c.col;500;121275;random
14;126936522;552;10000;25;85;instances/DSJR500.1c.col;500;121275;random
15;134706938;515;10000;25;85;instances/DSJR500.1c.col;500;121275;random
19;150351004;538;10000;25;85;instances/DSJR500.1c.col;500;121275;random
21;163149236;531;10000;25;85;instances/DSJR500.1c.col;500;121275;random
16;135911132;642;10000;25;85;instances/DSJR500.1c.col;500;121275;random
26;188099101;676;10000;25;85;instances/DSJR500.1c.col;500;121275;random
24;185888570;556;10000;25;85;instances/DSJR500.1c.col;500;121275;random
17;144013342;614;10000;25;85;instances/DSJR500.1c.col;500;121275;random
18;149796509;631;10000;25;85;instances/DSJR500.1c.col;500;121275;random
18;156720723;518;10000;25;85;instances/DSJR500.1c.col;500;121275;random
20;150599851;519;10000;25;85;instances/DSJR500.1c.col;500;121275;random
13;116995294;507;10000;25;85;instances/DSJR500.1c.col;500;121275;random
15;136556105;522;10000;25;85;instances/DSJR500.1c.col;500;121275;random
27;200948721;610;10000;25;85;instances/DSJR500.1c.col;500;121275;random
16;144948662;738;10000;25;85;instances/DSJR500.1c.col;500;121275;random
19;161201654;546;10000;25;85;instances/DSJR500.1c.col;500;121275;random
16;139967227;535;10000;25;85;instances/DSJR500.1c.col;500;121275;random
18;152208026;607;10000;25;85;instances/DSJR500.1c.col;500;121275;random
13;127524150;553;10000;25;85;instances/DSJR500.1c.col;500;121275;random
17;148181869;731;10000;25;85;instances/DSJR500.1c.col;500;121275;random
20;164598628;614;10000;25;85;instances/DSJR500.1c.col;500;121275;random
16;134230402;531;10000;25;85;instances/DSJR500.1c.col;500;121275;random
18;153649094;563;10000;25;85;instances/DSJR500.1c.col;500;121275;random
19;150917160;677;10000;25;85;instances/DSJR500.1c.col;500;121275;random
25;184880171;531;10000;25;85;instances/DSJR500.1c.col;500;121275;random
17;144524402;716;10000;25;85;instances/DSJR500.1c.col;500;121275;random
21;155398728;535;10000;25;85;instances/DSJR500.1c.col;500;121275;random
16;144198605;687;10000;25;85;instances/DSJR500.1c.col;500;121275;random
18;153365230;493;10000;25;85;instances/DSJR500.1c.col;500;121275;random
19;151299297;517;10000;25;85;instances/DSJR500.1c.col;500;121275;random
13;114672326;497;10000;25;85;instances/DSJR500.1c.col;500;121275;random
18;150219520;586;10000;25;85;instances/DSJR500.1c.col;500;121275;random
18;152715317;617;10000;25;85;instances/DSJR500.1c.col;500;121275;random
25;184112192;758;10000;25;85;instances/DSJR500.1c.col;500;121275;random
20;142903247;672;10000;25;85;instances/DSJR500.1c.col;500;121275;random
15;134022529;621;10000;25;85;instances/DSJR500.1c.col;500;121275;random
20;157136001;482;10000;25;85;instances/DSJR500.1c.col;500;121275;random
20;151314943;527;10000;25;85;instances/DSJR500.1c.col;500;121275;random
14;128133205;676;10000;25;85;instances/DSJR500.1c.col;500;121275;random
15;126576018;541;10000;25;85;instances/DSJR500.1c.col;500;121275;random
16;141728554;654;10000;25;85;instances/DSJR500.1c.col;500;121275;random
17;144303333;528;10000;25;85;instances/DSJR500.1c.col;500;121275;random
18;149569917;528;10000;25;85;instances/DSJR500.1c.col;500;121275;random
26;130437711;85;10000;25;85;instances/DSJR500.1c.col;500;121275;greedy
26;130364898;85;10000;25;85;instances/DSJR500.1c.col;500;121275;greedy
26;129271880;85;10000;25;85;instances/DSJR500.1c.col;500;121275;greedy
26;131765887;85;10000;25;85;instances/DSJR500.1c.col;500;121275;greedy
26;132516667;85;10000;25;85;instances/DSJR500.1c.col;500;121275;greedy
26;133269748;85;10000;25;85;instances/DSJR500.1c.col;500;121275;greedy
26;133470808;85;10000;25;85;instances/DSJR500.1c.col;500;121275;greedy
26;133553193;85;10000;25;85;instances/DSJR500.1c.col;500;121275;greedy
26;134046310;85;10000;25;85;instances/DSJR500.1c.col;500;121275;greedy
26;134318296;85;10000;25;85;instances/DSJR500.1c.col;500;121275;greedy
