10;5067861;183;10000;25;25;instances/le450_25a.col;450;8260;random
7;4038905;293;10000;25;25;instances/le450_25a.col;450;8260;random
7;4161479;212;10000;25;25;instances/le450_25a.col;450;8260;random
9;5291318;215;10000;25;25;instances/le450_25a.col;450;8260;random
7;5704759;217;10000;25;25;instances/le450_25a.col;450;8260;random
9;5410765;533;10000;25;25;instances/le450_25a.col;450;8260;random
8;4231533;286;10000;25;25;instances/le450_25a.col;450;8260;random
7;4395298;179;10000;25;25;instances/le450_25a.col;450;8260;random
7;3937716;201;10000;25;25;instances/le450_25a.col;450;8260;random
4;2850846;305;10000;25;25;instances/le450_25a.col;450;8260;random
9;4987928;210;10000;25;25;instances/le450_25a.col;450;8260;random
7;6151152;271;10000;25;25;instances/le450_25a.col;450;8260;random
6;4208893;303;10000;25;25;instances/le450_25a.col;450;8260;random
6;3810589;207;10000;25;25;instances/le450_25a.col;450;8260;random
9;5210561;331;10000;25;25;instances/le450_25a.col;450;8260;random
5;3468501;343;10000;25;25;instances/le450_25a.col;450;8260;random
4;3000924;390;10000;25;25;instances/le450_25a.col;450;8260;random
8;4904130;306;10000;25;25;instances/le450_25a.col;450;8260;random
5;3567824;328;10000;25;25;instances/le450_25a.col;450;8260;random
7;6024887;312;10000;25;25;instances/le450_25a.col;450;8260;random
7;4773221;440;10000;25;25;instances/le450_25a.col;450;8260;random
6;3792504;203;10000;25;25;instances/le450_25a.col;450;8260;random
8;4340289;192;10000;25;25;instances/le450_25a.col;450;8260;random
6;3711753;300;10000;25;25;instances/le450_25a.col;450;8260;random
8;4717013;283;10000;25;25;instances/le450_25a.col;450;8260;random
8;4766349;195;10000;25;25;instances/le450_25a.col;450;8260;random
8;4535502;209;10000;25;25;instances/le450_25a.col;450;8260;random
9;7325490;323;10000;25;25;instances/le450_25a.col;450;8260;random
8;4302490;199;10000;25;25;instances/le450_25a.col;450;8260;random
7;4603166;214;10000;25;25;instances/le450_25a.col;450;8260;random
8;4727245;188;10000;25;25;instances/le450_25a.col;450;8260;random
7;3878310;235;10000;25;25;instances/le450_25a.col;450;8260;random
7;4082369;290;10000;25;25;instances/le450_25a.col;450;8260;random
8;5001760;328;10000;25;25;instances/le450_25a.col;450;8260;random
7;6352450;283;10000;25;25;instances/le450_25a.col;450;8260;random
10;5434061;202;10000;25;25;instances/le450_25a.col;450;8260;random
9;4990592;268;10000;25;25;instances/le450_25a.col;450;8260;random
9;4823518;176;10000;25;25;instances/le450_25a.col;450;8260;random
4;2923834;338;10000;25;25;instances/le450_25a.col;450;8260;random
5;3404795;215;10000;25;25;instances/le450_25a.col;450;8260;random
8;4672547;205;10000;25;25;instances/le450_25a.col;450;8260;random
7;6209804;297;10000;25;25;instances/le450_25a.col;450;8260;random
8;4792009;194;10000;25;25;instances/le450_25a.col;450;8260;random
7;4164514;407;10000;25;25;instances/le450_25a.col;450;8260;random
5;3230141;330;10000;25;25;instances/le450_25a.col;450;8260;random
8;4431123;184;10000;25;25;instances/le450_25a.col;450;8260;random
5;3200197;182;10000;25;25;instances/le450_25a.col;450;8260;random
5;3381358;404;10000;25;25;instances/le450_25a.col;450;8260;random
8;4690457;302;10000;25;25;instances/le450_25a.col;450;8260;random
8;6268060;206;10000;25;25;instances/le450_25a.col;450;8260;random
9;4742508;318;10000;25;25;instances/le450_25a.col;450;8260;random
6;3714810;184;10000;25;25;instances/le450_25a.col;450;8260;random
8;4563276;202;10000;25;25;instances/le450_25a.col;450;8260;random
7;4559207;187;10000;25;25;instances/le450_25a.col;450;8260;random
6;3863176;652;10000;25;25;instances/le450_25a.col;450;8260;random
11;5522428;287;10000;25;25;instances/le450_25a.col;450;8260;random
8;6564564;203;10000;25;25;instances/le450_25a.col;450;8260;random
7;3958134;216;10000;25;25;instances/le450_25a.col;450;8260;random
8;4612039;568;10000;25;25;instances/le450_25a.col;450;8260;random
8;4532068;287;10000;25;25;instances/le450_25a.col;450;8260;random
8;4426773;276;10000;25;25;instances/le450_25a.col;450;8260;random
5;3485894;196;10000;25;25;instances/le450_25a.col;450;8260;random
6;3819341;209;10000;25;25;instances/le450_25a.col;450;8260;random
8;4727331;294;10000;25;25;instances/le450_25a.col;450;8260;random
12;8817496;186;10000;25;25;instances/le450_25a.col;450;8260;random
7;4253936;189;10000;25;25;instances/le450_25a.col;450;8260;random
6;3706588;211;10000;25;25;instances/le450_25a.col;450;8260;random
6;3778358;195;10000;25;25;instances/le450_25a.col;450;8260;random
8;4444042;314;10000;25;25;instances/le450_25a.col;450;8260;random
5;3475001;300;10000;25;25;instances/le450_25a.col;450;8260;random
10;5675381;206;10000;25;25;instances/le450_25a.col;450;8260;random
11;7726568;316;10000;25;25;instances/le450_25a.col;450;8260;random
6;4053722;227;10000;25;25;instances/le450_25a.col;450;8260;random
4;2978543;222;10000;25;25;instances/le450_25a.col;450;8260;random
5;3342277;418;10000;25;25;instances/le450_25a.col;450;8260;random
9;4669653;318;10000;25;25;instances/le450_25a.col;450;8260;random
9;4808877;399;10000;25;25;instances/le450_25a.col;450;8260;random
10;5548398;375;10000;25;25;instances/le450_25a.col;450;8260;random
9;6907978;189;10000;25;25;instances/le450_25a.col;450;8260;random
7;4436015;448;10000;25;25;instances/le450_25a.col;450;8260;random
5;3373208;555;10000;25;25;instances/le450_25a.col;450;8260;random
8;4587789;280;10000;25;25;instances/le450_25a.col;450;8260;random
9;5107665;198;10000;25;25;instances/le450_25a.col;450;8260;random
8;4799823;300;10000;25;25;instances/le450_25a.col;450;8260;random
6;3915201;252;10000;25;25;instances/le450_25a.col;450;8260;random
5;3479646;293;10000;25;25;instances/le450_25a.col;450;8260;random
12;8468143;203;10000;25;25;instances/le450_25a.col;450;8260;random
7;3947341;178;10000;25;25;instances/le450_25a.col;450;8260;random
5;3685972;425;10000;25;25;instances/le450_25a.col;450;8260;random
6;3830076;292;10000;25;25;instances/le450_25a.col;450;8260;random
8;4697031;204;10000;25;25;instances/le450_25a.col;450;8260;random
9;5201391;302;10000;25;25;instances/le450_25a.col;450;8260;random
7;4342744;328;10000;25;25;instances/le450_25a.col;450;8260;random
10;7350566;299;10000;25;25;instances/le450_25a.col;450;8260;random
4;2784138;310;10000;25;25;instances/le450_25a.col;450;8260;random
10;5118089;197;10000;25;25;instances/le450_25a.col;450;8260;random
11;5920127;201;10000;25;25;instances/le450_25a.col;450;8260;random
6;3859039;224;10000;25;25;instances/le450_25a.col;450;8260;random
10;5487843;197;10000;25;25;instances/le450_25a.col;450;8260;random
6;4070490;304;10000;25;25;instances/le450_25a.col;450;8260;random
4;2364459;24;10000;25;25;instances/le450_25a.col;450;8260;greedy
4;2378725;24;10000;25;25;instances/le450_25a.col;450;8260;greedy
4;3143670;24;10000;25;25;instances/le450_25a.col;450;8260;greedy
4;2322504;24;10000;25;25;instances/le450_25a.col;450;8260;greedy
4;2310298;24;10000;25;25;instances/le450_25a.col;450;8260;greedy
4;2287881;24;10000;25;25;instances/le450_25a.col;450;8260;greedy
4;2262062;24;10000;25;25;instances/le450_25a.col;450;8260;greedy
4;2294856;24;10000;25;25;instances/le450_25a.col;450;8260;greedy
4;2267180;24;10000;25;25;instances/le450_25a.col;450;8260;greedy
4;2274804;24;10000;25;25;instances/le450_25a.col;450;8260;greedy
