109;8253854;451;10000;25;5;instances/le450_5d.col;450;9757;random
103;6745384;502;10000;25;5;instances/le450_5d.col;450;9757;random
81;8806677;473;10000;25;5;instances/le450_5d.col;450;9757;random
71;6144867;421;10000;25;5;instances/le450_5d.col;450;9757;random
81;6209470;470;10000;25;5;instances/le450_5d.col;450;9757;random
92;6797456;438;10000;25;5;instances/le450_5d.col;450;9757;random
138;9748583;409;10000;25;5;instances/le450_5d.col;450;9757;random
124;11410172;410;10000;25;5;instances/le450_5d.col;450;9757;random
97;7089091;525;10000;25;5;instances/le450_5d.col;450;9757;random
92;6805470;455;10000;25;5;instances/le450_5d.col;450;9757;random
110;8039991;424;10000;25;5;instances/le450_5d.col;450;9757;random
106;10460336;431;10000;25;5;instances/le450_5d.col;450;9757;random
107;7543970;442;10000;25;5;instances/le450_5d.col;450;9757;random
84;6451166;541;10000;25;5;instances/le450_5d.col;450;9757;random
71;5474759;525;10000;25;5;instances/le450_5d.col;450;9757;random
119;11841029;496;10000;25;5;instances/le450_5d.col;450;9757;random
106;7428289;459;10000;25;5;instances/le450_5d.col;450;9757;random
99;7024468;437;10000;25;5;instances/le450_5d.col;450;9757;random
40;3996092;437;10000;25;5;instances/le450_5d.col;450;9757;random
84;7735986;418;10000;25;5;instances/le450_5d.col;450;9757;random
55;7977951;457;10000;25;5;instances/le450_5d.col;450;9757;random
97;7546158;462;10000;25;5;instances/le450_5d.col;450;9757;random
131;9509618;443;10000;25;5;instances/le450_5d.col;450;9757;random
63;5703146;438;10000;25;5;instances/le450_5d.col;450;9757;random
104;6738239;558;10000;25;5;instances/le450_5d.col;450;9757;random
74;8785368;482;10000;25;5;instances/le450_5d.col;450;9757;random
65;5571525;409;10000;25;5;instances/le450_5d.col;450;9757;random
40;4093760;451;10000;25;5;instances/le450_5d.col;450;9757;random
121;8882657;559;10000;25;5;instances/le450_5d.col;450;9757;random
111;7824319;411;10000;25;5;instances/le450_5d.col;450;9757;random
108;10420667;487;10000;25;5;instances/le450_5d.col;450;9757;random
161;11282305;494;10000;25;5;instances/le450_5d.col;450;9757;random
54;5834628;430;10000;25;5;instances/le450_5d.col;450;9757;random
55;5466962;479;10000;25;5;instances/le450_5d.col;450;9757;random
71;8401124;511;10000;25;5;instances/le450_5d.col;450;9757;random
84;6018883;455;10000;25;5;instances/le450_5d.col;450;9757;random
74;5599130;413;10000;25;5;instances/le450_5d.col;450;9757;random
92;6620913;498;10000;25;5;instances/le450_5d.col;450;9757;random
38;5066684;473;10000;25;5;instances/le450_5d.col;450;9757;random
100;10103028;427;10000;25;5;instances/le450_5d.col;450;9757;random
90;6783327;511;10000;25;5;instances/le450_5d.col;450;9757;random
59;5149157;447;10000;25;5;instances/le450_5d.col;450;9757;random
82;6523190;488;10000;25;5;instances/le450_5d.col;450;9757;random
126;8798483;503;10000;25;5;instances/le450_5d.col;450;9757;random
77;8377279;477;10000;25;5;instances/le450_5d.col;450;9757;random
116;7119134;458;10000;25;5;instances/le450_5d.col;450;9757;random
68;5662912;453;10000;25;5;instances/le450_5d.col;450;9757;random
111;8036499;424;10000;25;5;instances/le450_5d.col;450;9757;random
116;10639863;430;10000;25;5;instances/le450_5d.col;450;9757;random
200;12128890;494;10000;25;5;instances/le450_5d.col;450;9757;random
77;6480061;448;10000;25;5;instances/le450_5d.col;450;9757;random
9;2809481;401;10000;25;5;instances/le450_5d.col;450;9757;random
92;6638541;400;10000;25;5;instances/le450_5d.col;450;9757;random
106;10104770;417;10000;25;5;instances/le450_5d.col;450;9757;random
85;6363405;425;10000;25;5;instances/le450_5d.col;450;9757;random
99;7576824;484;10000;25;5;instances/le450_5d.col;450;9757;random
103;7850244;560;10000;25;5;instances/le450_5d.col;450;9757;random
84;6128156;486;10000;25;5;instances/le450_5d.col;450;9757;random
45;7303081;454;10000;25;5;instances/le450_5d.col;450;9757;random
126;8783968;476;10000;25;5;instances/le450_5d.col;450;9757;random
97;7601412;509;10000;25;5;instances/le450_5d.col;450;9757;random
75;6347280;480;10000;25;5;instances/le450_5d.col;450;9757;random
65;8139914;506;10000;25;5;instances/le450_5d.col;450;9757;random
125;9650297;537;10000;25;5;instances/le450_5d.col;450;9757;random
67;6154208;464;10000;25;5;instances/le450_5d.col;450;9757;random
111;8487226;375;10000;25;5;instances/le450_5d.col;450;9757;random
99;9991297;413;10000;25;5;instances/le450_5d.col;450;9757;random
170;12251208;486;10000;25;5;instances/le450_5d.col;450;9757;random
80;6424397;504;10000;25;5;instances/le450_5d.col;450;9757;random
75;6215822;525;10000;25;5;instances/le450_5d.col;450;9757;random
69;5599376;479;10000;25;5;instances/le450_5d.col;450;9757;random
106;9681014;495;10000;25;5;instances/le450_5d.col;450;9757;random
110;7514978;468;10000;25;5;instances/le450_5d.col;450;9757;random
60;5220500;452;10000;25;5;instances/le450_5d.col;450;9757;random
104;7854345;448;10000;25;5;instances/le450_5d.col;450;9757;random
123;10474145;477;10000;25;5;instances/le450_5d.col;450;9757;random
115;8387904;431;10000;25;5;instances/le450_5d.col;450;9757;random
55;5855811;470;10000;25;5;instances/le450_5d.col;450;9757;random
115;7889176;474;10000;25;5;instances/le450_5d.col;450;9757;random
71;5516367;401;10000;25;5;instances/le450_5d.col;450;9757;random
99;9699155;481;10000;25;5;instances/le450_5d.col;450;9757;random
65;5809051;415;10000;25;5;instances/le450_5d.col;450;9757;random
103;8184466;425;10000;25;5;instances/le450_5d.col;450;9757;random
108;7845334;519;10000;25;5;instances/le450_5d.col;450;9757;random
49;7446652;482;10000;25;5;instances/le450_5d.col;450;9757;random
85;7014145;423;10000;25;5;instances/le450_5d.col;450;9757;random
84;7031255;460;10000;25;5;instances/le450_5d.col;450;9757;random
66;5501212;440;10000;25;5;instances/le450_5d.col;450;9757;random
130;9319396;409;10000;25;5;instances/le450_5d.col;450;9757;random
51;6513004;441;10000;25;5;instances/le450_5d.col;450;9757;random
57;5761817;537;10000;25;5;instances/le450_5d.col;450;9757;random
107;7775917;402;10000;25;5;instances/le450_5d.col;450;9757;random
79;5983234;390;10000;25;5;instances/le450_5d.col;450;9757;random
59;5444662;431;10000;25;5;instances/le450_5d.col;450;9757;random
62;7667006;473;10000;25;5;instances/le450_5d.col;450;9757;random
156;10511520;508;10000;25;5;instances/le450_5d.col;450;9757;random
120;8959107;455;10000;25;5;instances/le450_5d.col;450;9757;random
58;5052027;480;10000;25;5;instances/le450_5d.col;450;9757;random
78;6239414;384;10000;25;5;instances/le450_5d.col;450;9757;random
63;7738934;451;10000;25;5;instances/le450_5d.col;450;9757;random
71;6516113;239;10000;25;5;instances/le450_5d.col;450;9757;greedy
71;5630939;239;10000;25;5;instances/le450_5d.col;450;9757;greedy
71;5659654;239;10000;25;5;instances/le450_5d.col;450;9757;greedy
71;5642906;239;10000;25;5;instances/le450_5d.col;450;9757;greedy
71;5593326;239;10000;25;5;instances/le450_5d.col;450;9757;greedy
71;5570245;239;10000;25;5;instances/le450_5d.col;450;9757;greedy
71;6463427;239;10000;25;5;instances/le450_5d.col;450;9757;greedy
71;5592665;239;10000;25;5;instances/le450_5d.col;450;9757;greedy
71;5587197;239;10000;25;5;instances/le450_5d.col;450;9757;greedy
71;5580833;239;10000;25;5;instances/le450_5d.col;450;9757;greedy
