35;15299985;714;10000;25;15;instances/le450_15b.col;450;8169;random
38;14703174;632;10000;25;15;instances/le450_15b.col;450;8169;random
49;19809470;350;10000;25;15;instances/le450_15b.col;450;8169;random
42;15420927;586;10000;25;15;instances/le450_15b.col;450;8169;random
47;19348630;588;10000;25;15;instances/le450_15b.col;450;8169;random
37;14470433;513;10000;25;15;instances/le450_15b.col;450;8169;random
43;18037004;504;10000;25;15;instances/le450_15b.col;450;8169;random
41;15688475;516;10000;25;15;instances/le450_15b.col;450;8169;random
41;16388874;536;10000;25;15;instances/le450_15b.col;450;8169;random
39;15073230;516;10000;25;15;instances/le450_15b.col;450;8169;random
41;14937653;481;10000;25;15;instances/le450_15b.col;450;8169;random
37;16129993;661;10000;25;15;instances/le450_15b.col;450;8169;random
41;15003528;531;10000;25;15;instances/le450_15b.col;450;8169;random
43;17768310;445;10000;25;15;instances/le450_15b.col;450;8169;random
40;15312355;581;10000;25;15;instances/le450_15b.col;450;8169;random
33;14303967;587;10000;25;15;instances/le450_15b.col;450;8169;random
36;14074006;526;10000;25;15;instances/le450_15b.col;450;8169;random
38;15831237;583;10000;25;15;instances/le450_15b.col;450;8169;random
37;13841000;722;10000;25;15;instances/le450_15b.col;450;8169;random
37;15598851;617;10000;25;15;instances/le450_15b.col;450;8169;random
42;18167445;2286;10000;25;15;instances/le450_15b.col;450;8169;random
44;17465850;445;10000;25;15;instances/le450_15b.col;450;8169;random
42;15254873;444;10000;25;15;instances/le450_15b.col;450;8169;random
41;16288497;500;10000;25;15;instances/le450_15b.col;450;8169;random
37;15044377;633;10000;25;15;instances/le450_15b.col;450;8169;random
34;12848222;577;10000;25;15;instances/le450_15b.col;450;8169;random
41;16254905;469;10000;25;15;instances/le450_15b.col;450;8169;random
31;10833550;829;10000;25;15;instances/le450_15b.col;450;8169;random
29;12503536;506;10000;25;15;instances/le450_15b.col;450;8169;random
38;14962078;724;10000;25;15;instances/le450_15b.col;450;8169;random
40;15425544;449;10000;25;15;instances/le450_15b.col;450;8169;random
39;15660147;401;10000;25;15;instances/le450_15b.col;450;8169;random
39;15320710;544;10000;25;15;instances/le450_15b.col;450;8169;random
38;15951436;469;10000;25;15;instances/le450_15b.col;450;8169;random
42;15726047;519;10000;25;15;instances/le450_15b.col;450;8169;random
44;18102916;364;10000;25;15;instances/le450_15b.col;450;8169;random
34;12070271;454;10000;25;15;instances/le450_15b.col;450;8169;random
44;18784293;460;10000;25;15;instances/le450_15b.col;450;8169;random
42;16323405;457;10000;25;15;instances/le450_15b.col;450;8169;random
44;17372163;438;10000;25;15;instances/le450_15b.col;450;8169;random
42;15723124;466;10000;25;15;instances/le450_15b.col;450;8169;random
42;17176338;439;10000;25;15;instances/le450_15b.col;450;8169;random
32;12049254;634;10000;25;15;instances/le450_15b.col;450;8169;random
37;15458510;657;10000;25;15;instances/le450_15b.col;450;8169;random
43;16618105;477;10000;25;15;instances/le450_15b.col;450;8169;random
35;12872511;620;10000;25;15;instances/le450_15b.col;450;8169;random
34;14497351;700;10000;25;15;instances/le450_15b.col;450;8169;random
37;14030293;564;10000;25;15;instances/le450_15b.col;450;8169;random
44;18211647;319;10000;25;15;instances/le450_15b.col;450;8169;random
42;15500553;400;10000;25;15;instances/le450_15b.col;450;8169;random
42;17022945;545;10000;25;15;instances/le450_15b.col;450;8169;random
42;15132535;357;10000;25;15;instances/le450_15b.col;450;8169;random
34;15345783;794;10000;25;15;instances/le450_15b.col;450;8169;random
41;14733719;366;10000;25;15;instances/le450_15b.col;450;8169;random
44;18288669;423;10000;25;15;instances/le450_15b.col;450;8169;random
45;16522198;364;10000;25;15;instances/le450_15b.col;450;8169;random
38;15201169;395;10000;25;15;instances/le450_15b.col;450;8169;random
34;13355387;831;10000;25;15;instances/le450_15b.col;450;8169;random
39;16235749;469;10000;25;15;instances/le450_15b.col;450;8169;random
39;14760305;453;10000;25;15;instances/le450_15b.col;450;8169;random
44;16292655;525;10000;25;15;instances/le450_15b.col;450;8169;random
35;15088376;500;10000;25;15;instances/le450_15b.col;450;8169;random
40;14974189;456;10000;25;15;instances/le450_15b.col;450;8169;random
40;16238841;487;10000;25;15;instances/le450_15b.col;450;8169;random
39;14815841;593;10000;25;15;instances/le450_15b.col;450;8169;random
40;15633038;573;10000;25;15;instances/le450_15b.col;450;8169;random
45;16797712;370;10000;25;15;instances/le450_15b.col;450;8169;random
36;15491165;643;10000;25;15;instances/le450_15b.col;450;8169;random
43;15554999;482;10000;25;15;instances/le450_15b.col;450;8169;random
34;15065413;549;10000;25;15;instances/le450_15b.col;450;8169;random
45;16704175;423;10000;25;15;instances/le450_15b.col;450;8169;random
41;17117679;496;10000;25;15;instances/le450_15b.col;450;8169;random
46;16631111;516;10000;25;15;instances/le450_15b.col;450;8169;random
38;15980511;647;10000;25;15;instances/le450_15b.col;450;8169;random
41;15804508;539;10000;25;15;instances/le450_15b.col;450;8169;random
43;17838279;545;10000;25;15;instances/le450_15b.col;450;8169;random
40;14928089;493;10000;25;15;instances/le450_15b.col;450;8169;random
41;16839614;531;10000;25;15;instances/le450_15b.col;450;8169;random
36;13119138;731;10000;25;15;instances/le450_15b.col;450;8169;random
44;14682574;385;10000;25;15;instances/le450_15b.col;450;8169;random
45;18572694;534;10000;25;15;instances/le450_15b.col;450;8169;random
35;13473104;427;10000;25;15;instances/le450_15b.col;450;8169;random
39;15902396;620;10000;25;15;instances/le450_15b.col;450;8169;random
38;13436600;348;10000;25;15;instances/le450_15b.col;450;8169;random
39;16015785;480;10000;25;15;instances/le450_15b.col;450;8169;random
34;12993913;721;10000;25;15;instances/le450_15b.col;450;8169;random
39;16405117;441;10000;25;15;instances/le450_15b.col;450;8169;random
44;16517031;560;10000;25;15;instances/le450_15b.col;450;8169;random
40;13691310;355;10000;25;15;instances/le450_15b.col;450;8169;random
50;19570803;499;10000;25;15;instances/le450_15b.col;450;8169;random
37;14212703;604;10000;25;15;instances/le450_15b.col;450;8169;random
40;16965174;579;10000;25;15;instances/le450_15b.col;450;8169;random
32;12021089;716;10000;25;15;instances/le450_15b.col;450;8169;random
41;17019859;532;10000;25;15;instances/le450_15b.col;450;8169;random
40;15434615;545;10000;25;15;instances/le450_15b.col;450;8169;random
45;18002522;485;10000;25;15;instances/le450_15b.col;450;8169;random
40;14818310;416;10000;25;15;instances/le450_15b.col;450;8169;random
40;17015982;487;10000;25;15;instances/le450_15b.col;450;8169;random
43;16018276;460;10000;25;15;instances/le450_15b.col;450;8169;random
47;18316298;338;10000;25;15;instances/le450_15b.col;450;8169;random
43;15477056;133;10000;25;15;instances/le450_15b.col;450;8169;greedy
43;16402549;133;10000;25;15;instances/le450_15b.col;450;8169;greedy
43;15643971;133;10000;25;15;instances/le450_15b.col;450;8169;greedy
43;16303217;133;10000;25;15;instances/le450_15b.col;450;8169;greedy
43;15635263;133;10000;25;15;instances/le450_15b.col;450;8169;greedy
43;16336161;133;10000;25;15;instances/le450_15b.col;450;8169;greedy
43;15491687;133;10000;25;15;instances/le450_15b.col;450;8169;greedy
43;16257991;133;10000;25;15;instances/le450_15b.col;450;8169;greedy
43;15561455;133;10000;25;15;instances/le450_15b.col;450;8169;greedy
43;16483464;133;10000;25;15;instances/le450_15b.col;450;8169;greedy
