71;57844661;516;10000;25;25;instances/le450_25c.col;450;17343;random
58;43215365;508;10000;25;25;instances/le450_25c.col;450;17343;random
57;49113980;553;10000;25;25;instances/le450_25c.col;450;17343;random
67;50649464;440;10000;25;25;instances/le450_25c.col;450;17343;random
67;52900433;569;10000;25;25;instances/le450_25c.col;450;17343;random
70;52280989;477;10000;25;25;instances/le450_25c.col;450;17343;random
64;49907221;818;10000;25;25;instances/le450_25c.col;450;17343;random
60;47930829;857;10000;25;25;instances/le450_25c.col;450;17343;random
59;46073061;581;10000;25;25;instances/le450_25c.col;450;17343;random
51;44000442;619;10000;25;25;instances/le450_25c.col;450;17343;random
58;44123456;574;10000;25;25;instances/le450_25c.col;450;17343;random
57;45118913;675;10000;25;25;instances/le450_25c.col;450;17343;random
63;53377955;694;10000;25;25;instances/le450_25c.col;450;17343;random
62;49756205;760;10000;25;25;instances/le450_25c.col;450;17343;random
63;52803730;672;10000;25;25;instances/le450_25c.col;450;17343;random
61;46737785;654;10000;25;25;instances/le450_25c.col;450;17343;random
60;49318292;566;10000;25;25;instances/le450_25c.col;450;17343;random
59;47401194;681;10000;25;25;instances/le450_25c.col;450;17343;random
55;45491478;805;10000;25;25;instances/le450_25c.col;450;17343;random
63;52601183;562;10000;25;25;instances/le450_25c.col;450;17343;random
57;47057094;796;10000;25;25;instances/le450_25c.col;450;17343;random
65;53582107;680;10000;25;25;instances/le450_25c.col;450;17343;random
67;53075490;543;10000;25;25;instances/le450_25c.col;450;17343;random
58;49162404;650;10000;25;25;instances/le450_25c.col;450;17343;random
59;45563442;703;10000;25;25;instances/le450_25c.col;450;17343;random
60;49454309;616;10000;25;25;instances/le450_25c.col;450;17343;random
60;46842892;688;10000;25;25;instances/le450_25c.col;450;17343;random
68;52455277;492;10000;25;25;instances/le450_25c.col;450;17343;random
61;48329565;592;10000;25;25;instances/le450_25c.col;450;17343;random
65;56078863;957;10000;25;25;instances/le450_25c.col;450;17343;random
60;48401079;590;10000;25;25;instances/le450_25c.col;450;17343;random
73;57539647;601;10000;25;25;instances/le450_25c.col;450;17343;random
68;55354708;535;10000;25;25;instances/le450_25c.col;450;17343;random
63;50768778;747;10000;25;25;instances/le450_25c.col;450;17343;random
61;47608345;586;10000;25;25;instances/le450_25c.col;450;17343;random
71;55102143;534;10000;25;25;instances/le450_25c.col;450;17343;random
63;48190616;630;10000;25;25;instances/le450_25c.col;450;17343;random
53;44429338;742;10000;25;25;instances/le450_25c.col;450;17343;random
56;44088122;636;10000;25;25;instances/le450_25c.col;450;17343;random
60;48261009;507;10000;25;25;instances/le450_25c.col;450;17343;random
61;49656610;660;10000;25;25;instances/le450_25c.col;450;17343;random
72;57438502;586;10000;25;25;instances/le450_25c.col;450;17343;random
66;52449676;605;10000;25;25;instances/le450_25c.col;450;17343;random
65;51978634;629;10000;25;25;instances/le450_25c.col;450;17343;random
62;51453413;539;10000;25;25;instances/le450_25c.col;450;17343;random
63;49168233;598;10000;25;25;instances/le450_25c.col;450;17343;random
60;47114380;600;10000;25;25;instances/le450_25c.col;450;17343;random
67;52642565;630;10000;25;25;instances/le450_25c.col;450;17343;random
62;50113379;517;10000;25;25;instances/le450_25c.col;450;17343;random
61;49858368;515;10000;25;25;instances/le450_25c.col;450;17343;random
59;51272078;1378;10000;25;25;instances/le450_25c.col;450;17343;random
57;47288521;805;10000;25;25;instances/le450_25c.col;450;17343;random
66;54236271;405;10000;25;25;instances/le450_25c.col;450;17343;random
64;50718961;595;10000;25;25;instances/le450_25c.col;450;17343;random
61;52047975;535;10000;25;25;instances/le450_25c.col;450;17343;random
65;49539809;494;10000;25;25;instances/le450_25c.col;450;17343;random
59;49872576;752;10000;25;25;instances/le450_25c.col;450;17343;random
59;47172414;612;10000;25;25;instances/le450_25c.col;450;17343;random
61;49389078;714;10000;25;25;instances/le450_25c.col;450;17343;random
60;47870144;555;10000;25;25;instances/le450_25c.col;450;17343;random
54;42645317;757;10000;25;25;instances/le450_25c.col;450;17343;random
60;52070880;556;10000;25;25;instances/le450_25c.col;450;17343;random
57;45998504;537;10000;25;25;instances/le450_25c.col;450;17343;random
62;51601082;875;10000;25;25;instances/le450_25c.col;450;17343;random
59;44714577;543;10000;25;25;instances/le450_25c.col;450;17343;random
72;56373584;497;10000;25;25;instances/le450_25c.col;450;17343;random
65;51232614;432;10000;25;25;instances/le450_25c.col;450;17343;random
62;47419549;666;10000;25;25;instances/le450_25c.col;450;17343;random
63;51914914;740;10000;25;25;instances/le450_25c.col;450;17343;random
59;47797518;595;10000;25;25;instances/le450_25c.col;450;17343;random
57;48327860;553;10000;25;25;instances/le450_25c.col;450;17343;random
62;46498746;501;10000;25;25;instances/le450_25c.col;450;17343;random
64;54086333;565;10000;25;25;instances/le450_25c.col;450;17343;random
64;49351593;392;10000;25;25;instances/le450_25c.col;450;17343;random
55;44121067;716;10000;25;25;instances/le450_25c.col;450;17343;random
76;60287863;541;10000;25;25;instances/le450_25c.col;450;17343;random
58;50219014;860;10000;25;25;instances/le450_25c.col;450;17343;random
60;46274131;639;10000;25;25;instances/le450_25c.col;450;17343;random
65;53290157;602;10000;25;25;instances/le450_25c.col;450;17343;random
59;46747321;840;10000;25;25;instances/le450_25c.col;450;17343;random
51;42587110;774;10000;25;25;instances/le450_25c.col;450;17343;random
64;50446171;507;10000;25;25;instances/le450_25c.col;450;17343;random
61;48418112;462;10000;25;25;instances/le450_25c.col;450;17343;random
69;56355992;457;10000;25;25;instances/le450_25c.col;450;17343;random
59;46289537;694;10000;25;25;instances/le450_25c.col;450;17343;random
60;47511374;641;10000;25;25;instances/le450_25c.col;450;17343;random
70;56029575;607;10000;25;25;instances/le450_25c.col;450;17343;random
61;47228468;777;10000;25;25;instances/le450_25c.col;450;17343;random
62;51833179;821;10000;25;25;instances/le450_25c.col;450;17343;random
57;47245510;842;10000;25;25;instances/le450_25c.col;450;17343;random
62;50595127;502;10000;25;25;instances/le450_25c.col;450;17343;random
63;48957673;515;10000;25;25;instances/le450_25c.col;450;17343;random
67;57133982;887;10000;25;25;instances/le450_25c.col;450;17343;random
55;44708440;641;10000;25;25;instances/le450_25c.col;450;17343;random
61;50352641;735;10000;25;25;instances/le450_25c.col;450;17343;random
58;46936704;715;10000;25;25;instances/le450_25c.col;450;17343;random
66;53618229;487;10000;25;25;instances/le450_25c.col;450;17343;random
60;48257386;716;10000;25;25;instances/le450_25c.col;450;17343;random
60;48397111;770;10000;25;25;instances/le450_25c.col;450;17343;random
58;48820792;1102;10000;25;25;instances/le450_25c.col;450;17343;random
56;41468646;300;10000;25;25;instances/le450_25c.col;450;17343;greedy
56;41178439;300;10000;25;25;instances/le450_25c.col;450;17343;greedy
56;41980618;300;10000;25;25;instances/le450_25c.col;450;17343;greedy
56;41512428;300;10000;25;25;instances/le450_25c.col;450;17343;greedy
56;41332981;300;10000;25;25;instances/le450_25c.col;450;17343;greedy
56;41265222;300;10000;25;25;instances/le450_25c.col;450;17343;greedy
56;42168875;300;10000;25;25;instances/le450_25c.col;450;17343;greedy
56;41374726;300;10000;25;25;instances/le450_25c.col;450;17343;greedy
56;41413950;300;10000;25;25;instances/le450_25c.col;450;17343;greedy
56;41335227;300;10000;25;25;instances/le450_25c.col;450;17343;greedy
