246;79844489;721;10000;25;15;instances/le450_15d.col;450;16750;random
232;81562143;673;10000;25;15;instances/le450_15d.col;450;16750;random
226;81009387;950;10000;25;15;instances/le450_15d.col;450;16750;random
252;79957038;572;10000;25;15;instances/le450_15d.col;450;16750;random
226;83265786;1104;10000;25;15;instances/le450_15d.col;450;16750;random
245;79503032;692;10000;25;15;instances/le450_15d.col;450;16750;random
243;84861343;1061;10000;25;15;instances/le450_15d.col;450;16750;random
243;81436797;712;10000;25;15;instances/le450_15d.col;450;16750;random
234;80924607;694;10000;25;15;instances/le450_15d.col;450;16750;random
242;80002521;672;10000;25;15;instances/le450_15d.col;450;16750;random
253;85186557;719;10000;25;15;instances/le450_15d.col;450;16750;random
238;81189555;887;10000;25;15;instances/le450_15d.col;450;16750;random
229;79026872;835;10000;25;15;instances/le450_15d.col;450;16750;random
244;83938134;818;10000;25;15;instances/le450_15d.col;450;16750;random
245;83181934;822;10000;25;15;instances/le450_15d.col;450;16750;random
249;82402190;740;10000;25;15;instances/le450_15d.col;450;16750;random
223;79371783;1075;10000;25;15;instances/le450_15d.col;450;16750;random
235;80940193;727;10000;25;15;instances/le450_15d.col;450;16750;random
247;83446234;802;10000;25;15;instances/le450_15d.col;450;16750;random
247;85355219;1074;10000;25;15;instances/le450_15d.col;450;16750;random
249;83513945;728;10000;25;15;instances/le450_15d.col;450;16750;random
220;77683072;1157;10000;25;15;instances/le450_15d.col;450;16750;random
252;87041377;945;10000;25;15;instances/le450_15d.col;450;16750;random
227;74466252;674;10000;25;15;instances/le450_15d.col;450;16750;random
236;79778485;1085;10000;25;15;instances/le450_15d.col;450;16750;random
233;77374050;743;10000;25;15;instances/le450_15d.col;450;16750;random
231;81562463;913;10000;25;15;instances/le450_15d.col;450;16750;random
226;79659001;858;10000;25;15;instances/le450_15d.col;450;16750;random
225;82797455;871;10000;25;15;instances/le450_15d.col;450;16750;random
235;81120963;637;10000;25;15;instances/le450_15d.col;450;16750;random
241;83133327;1003;10000;25;15;instances/le450_15d.col;450;16750;random
231;80197205;823;10000;25;15;instances/le450_15d.col;450;16750;random
246;83835800;906;10000;25;15;instances/le450_15d.col;450;16750;random
241;81932342;628;10000;25;15;instances/le450_15d.col;450;16750;random
217;82615982;1419;10000;25;15;instances/le450_15d.col;450;16750;random
238;78418605;757;10000;25;15;instances/le450_15d.col;450;16750;random
235;87200743;1240;10000;25;15;instances/le450_15d.col;450;16750;random
238;78744231;790;10000;25;15;instances/le450_15d.col;450;16750;random
228;80409547;738;10000;25;15;instances/le450_15d.col;450;16750;random
234;80456782;720;10000;25;15;instances/le450_15d.col;450;16750;random
229;80451825;803;10000;25;15;instances/le450_15d.col;450;16750;random
223;78144541;958;10000;25;15;instances/le450_15d.col;450;16750;random
227;79585430;940;10000;25;15;instances/le450_15d.col;450;16750;random
236;79914930;762;10000;25;15;instances/le450_15d.col;450;16750;random
242;81901446;729;10000;25;15;instances/le450_15d.col;450;16750;random
231;79203688;820;10000;25;15;instances/le450_15d.col;450;16750;random
232;76874515;658;10000;25;15;instances/le450_15d.col;450;16750;random
241;82200708;659;10000;25;15;instances/le450_15d.col;450;16750;random
248;80767814;575;10000;25;15;instances/le450_15d.col;450;16750;random
241;81269590;563;10000;25;15;instances/le450_15d.col;450;16750;random
236;81117233;825;10000;25;15;instances/le450_15d.col;450;16750;random
244;85907659;1009;10000;25;15;instances/le450_15d.col;450;16750;random
240;83468579;895;10000;25;15;instances/le450_15d.col;450;16750;random
245;83364116;753;10000;25;15;instances/le450_15d.col;450;16750;random
222;82116451;1005;10000;25;15;instances/le450_15d.col;450;16750;random
255;85658225;828;10000;25;15;instances/le450_15d.col;450;16750;random
242;82037480;583;10000;25;15;instances/le450_15d.col;450;16750;random
238;83280785;943;10000;25;15;instances/le450_15d.col;450;16750;random
236;84314789;1010;10000;25;15;instances/le450_15d.col;450;16750;random
238;81083014;812;10000;25;15;instances/le450_15d.col;450;16750;random
245;83813382;810;10000;25;15;instances/le450_15d.col;450;16750;random
216;80292479;1213;10000;25;15;instances/le450_15d.col;450;16750;random
226;77506608;731;10000;25;15;instances/le450_15d.col;450;16750;random
222;81794943;816;10000;25;15;instances/le450_15d.col;450;16750;random
241;81800120;654;10000;25;15;instances/le450_15d.col;450;16750;random
227;83683144;915;10000;25;15;instances/le450_15d.col;450;16750;random
239;80994935;679;10000;25;15;instances/le450_15d.col;450;16750;random
247;85384023;1073;10000;25;15;instances/le450_15d.col;450;16750;random
242;84638314;980;10000;25;15;instances/le450_15d.col;450;16750;random
231;78172842;635;10000;25;15;instances/le450_15d.col;450;16750;random
248;84218808;839;10000;25;15;instances/le450_15d.col;450;16750;random
249;83139318;509;10000;25;15;instances/le450_15d.col;450;16750;random
246;83885889;803;10000;25;15;instances/le450_15d.col;450;16750;random
234;79812582;732;10000;25;15;instances/le450_15d.col;450;16750;random
241;84909764;843;10000;25;15;instances/le450_15d.col;450;16750;random
232;82451018;941;10000;25;15;instances/le450_15d.col;450;16750;random
242;87547089;1233;10000;25;15;instances/le450_15d.col;450;16750;random
237;80834482;785;10000;25;15;instances/le450_15d.col;450;16750;random
233;81938582;766;10000;25;15;instances/le450_15d.col;450;16750;random
239;80954747;580;10000;25;15;instances/le450_15d.col;450;16750;random
247;82123632;729;10000;25;15;instances/le450_15d.col;450;16750;random
229;81484656;704;10000;25;15;instances/le450_15d.col;450;16750;random
249;81830376;470;10000;25;15;instances/le450_15d.col;450;16750;random
251;83548130;754;10000;25;15;instances/le450_15d.col;450;16750;random
233;81057825;673;10000;25;15;instances/le450_15d.col;450;16750;random
249;84568610;1005;10000;25;15;instances/le450_15d.col;450;16750;random
239;82316344;754;10000;25;15;instances/le450_15d.col;450;16750;random
240;80225872;652;10000;25;15;instances/le450_15d.col;450;16750;random
239;81865307;880;10000;25;15;instances/le450_15d.col;450;16750;random
231;78528104;653;10000;25;15;instances/le450_15d.col;450;16750;random
227;84463249;1677;10000;25;15;instances/le450_15d.col;450;16750;random
231;83340664;965;10000;25;15;instances/le450_15d.col;450;16750;random
244;82768206;1062;10000;25;15;instances/le450_15d.col;450;16750;random
238;80005419;698;10000;25;15;instances/le450_15d.col;450;16750;random
233;80622130;765;10000;25;15;instances/le450_15d.col;450;16750;random
241;80205569;709;10000;25;15;instances/le450_15d.col;450;16750;random
226;79131324;995;10000;25;15;instances/le450_15d.col;450;16750;random
245;85854195;1090;10000;25;15;instances/le450_15d.col;450;16750;random
237;81712312;618;10000;25;15;instances/le450_15d.col;450;16750;random
239;85878235;1055;10000;25;15;instances/le450_15d.col;450;16750;random
238;79670174;501;10000;25;15;instances/le450_15d.col;450;16750;greedy
238;78043159;501;10000;25;15;instances/le450_15d.col;450;16750;greedy
238;79593738;501;10000;25;15;instances/le450_15d.col;450;16750;greedy
238;78390496;501;10000;25;15;instances/le450_15d.col;450;16750;greedy
238;78495449;501;10000;25;15;instances/le450_15d.col;450;16750;greedy
238;79119721;501;10000;25;15;instances/le450_15d.col;450;16750;greedy
238;77868098;501;10000;25;15;instances/le450_15d.col;450;16750;greedy
238;78760587;501;10000;25;15;instances/le450_15d.col;450;16750;greedy
238;79287449;501;10000;25;15;instances/le450_15d.col;450;16750;greedy
238;79522688;501;10000;25;15;instances/le450_15d.col;450;16750;greedy
