8;6372279;215;10000;25;25;instances/le450_25b.col;450;8263;random
8;4459199;208;10000;25;25;instances/le450_25b.col;450;8263;random
5;3218456;281;10000;25;25;instances/le450_25b.col;450;8263;random
6;3594969;300;10000;25;25;instances/le450_25b.col;450;8263;random
4;2964885;305;10000;25;25;instances/le450_25b.col;450;8263;random
6;3695277;274;10000;25;25;instances/le450_25b.col;450;8263;random
2;2216227;285;10000;25;25;instances/le450_25b.col;450;8263;random
5;3375035;441;10000;25;25;instances/le450_25b.col;450;8263;random
7;3987585;196;10000;25;25;instances/le450_25b.col;450;8263;random
7;6353656;281;10000;25;25;instances/le450_25b.col;450;8263;random
3;2684373;313;10000;25;25;instances/le450_25b.col;450;8263;random
6;3863420;168;10000;25;25;instances/le450_25b.col;450;8263;random
5;3458606;455;10000;25;25;instances/le450_25b.col;450;8263;random
5;3307996;297;10000;25;25;instances/le450_25b.col;450;8263;random
6;3828918;314;10000;25;25;instances/le450_25b.col;450;8263;random
6;3715493;192;10000;25;25;instances/le450_25b.col;450;8263;random
4;3079754;312;10000;25;25;instances/le450_25b.col;450;8263;random
3;2770877;299;10000;25;25;instances/le450_25b.col;450;8263;random
6;5583496;291;10000;25;25;instances/le450_25b.col;450;8263;random
5;3247377;281;10000;25;25;instances/le450_25b.col;450;8263;random
4;2977920;194;10000;25;25;instances/le450_25b.col;450;8263;random
4;2972865;195;10000;25;25;instances/le450_25b.col;450;8263;random
7;4008010;327;10000;25;25;instances/le450_25b.col;450;8263;random
5;3470556;194;10000;25;25;instances/le450_25b.col;450;8263;random
6;3580417;215;10000;25;25;instances/le450_25b.col;450;8263;random
4;2848998;214;10000;25;25;instances/le450_25b.col;450;8263;random
4;2985625;204;10000;25;25;instances/le450_25b.col;450;8263;random
6;3827387;302;10000;25;25;instances/le450_25b.col;450;8263;random
4;4737642;208;10000;25;25;instances/le450_25b.col;450;8263;random
4;2893672;207;10000;25;25;instances/le450_25b.col;450;8263;random
5;3339126;220;10000;25;25;instances/le450_25b.col;450;8263;random
7;4064023;198;10000;25;25;instances/le450_25b.col;450;8263;random
6;4223217;324;10000;25;25;instances/le450_25b.col;450;8263;random
4;3029497;207;10000;25;25;instances/le450_25b.col;450;8263;random
6;3740904;320;10000;25;25;instances/le450_25b.col;450;8263;random
6;3649841;203;10000;25;25;instances/le450_25b.col;450;8263;random
5;3322116;321;10000;25;25;instances/le450_25b.col;450;8263;random
5;5045160;302;10000;25;25;instances/le450_25b.col;450;8263;random
2;2215683;312;10000;25;25;instances/le450_25b.col;450;8263;random
6;3598250;207;10000;25;25;instances/le450_25b.col;450;8263;random
6;3692714;284;10000;25;25;instances/le450_25b.col;450;8263;random
4;3095082;282;10000;25;25;instances/le450_25b.col;450;8263;random
4;3231439;194;10000;25;25;instances/le450_25b.col;450;8263;random
4;2809603;315;10000;25;25;instances/le450_25b.col;450;8263;random
5;3317783;296;10000;25;25;instances/le450_25b.col;450;8263;random
4;2870034;188;10000;25;25;instances/le450_25b.col;450;8263;random
4;3326986;310;10000;25;25;instances/le450_25b.col;450;8263;random
4;4987221;216;10000;25;25;instances/le450_25b.col;450;8263;random
5;3340143;198;10000;25;25;instances/le450_25b.col;450;8263;random
6;3760798;199;10000;25;25;instances/le450_25b.col;450;8263;random
6;4086486;395;10000;25;25;instances/le450_25b.col;450;8263;random
7;4097493;197;10000;25;25;instances/le450_25b.col;450;8263;random
7;4157333;201;10000;25;25;instances/le450_25b.col;450;8263;random
7;4174485;204;10000;25;25;instances/le450_25b.col;450;8263;random
4;3125595;263;10000;25;25;instances/le450_25b.col;450;8263;random
5;3099872;191;10000;25;25;instances/le450_25b.col;450;8263;random
6;5269454;203;10000;25;25;instances/le450_25b.col;450;8263;random
7;4228382;183;10000;25;25;instances/le450_25b.col;450;8263;random
6;3783788;333;10000;25;25;instances/le450_25b.col;450;8263;random
3;2450673;210;10000;25;25;instances/le450_25b.col;450;8263;random
6;3303869;191;10000;25;25;instances/le450_25b.col;450;8263;random
5;3623581;208;10000;25;25;instances/le450_25b.col;450;8263;random
6;3577590;297;10000;25;25;instances/le450_25b.col;450;8263;random
3;2603657;304;10000;25;25;instances/le450_25b.col;450;8263;random
7;4080675;198;10000;25;25;instances/le450_25b.col;450;8263;random
4;4722692;275;10000;25;25;instances/le450_25b.col;450;8263;random
4;3115447;194;10000;25;25;instances/le450_25b.col;450;8263;random
5;3307661;317;10000;25;25;instances/le450_25b.col;450;8263;random
6;3697369;202;10000;25;25;instances/le450_25b.col;450;8263;random
5;3436741;278;10000;25;25;instances/le450_25b.col;450;8263;random
6;3473657;275;10000;25;25;instances/le450_25b.col;450;8263;random
4;2878731;199;10000;25;25;instances/le450_25b.col;450;8263;random
5;3378926;208;10000;25;25;instances/le450_25b.col;450;8263;random
5;3476865;275;10000;25;25;instances/le450_25b.col;450;8263;random
5;3448136;332;10000;25;25;instances/le450_25b.col;450;8263;random
4;4578515;313;10000;25;25;instances/le450_25b.col;450;8263;random
8;4867319;267;10000;25;25;instances/le450_25b.col;450;8263;random
3;2591023;326;10000;25;25;instances/le450_25b.col;450;8263;random
6;3603207;285;10000;25;25;instances/le450_25b.col;450;8263;random
4;2890530;422;10000;25;25;instances/le450_25b.col;450;8263;random
5;3109075;305;10000;25;25;instances/le450_25b.col;450;8263;random
7;3994214;293;10000;25;25;instances/le450_25b.col;450;8263;random
3;2510039;291;10000;25;25;instances/le450_25b.col;450;8263;random
7;4141576;198;10000;25;25;instances/le450_25b.col;450;8263;random
4;3035656;332;10000;25;25;instances/le450_25b.col;450;8263;random
4;4879114;183;10000;25;25;instances/le450_25b.col;450;8263;random
7;3864071;220;10000;25;25;instances/le450_25b.col;450;8263;random
6;3686873;266;10000;25;25;instances/le450_25b.col;450;8263;random
6;3783074;318;10000;25;25;instances/le450_25b.col;450;8263;random
4;2939612;303;10000;25;25;instances/le450_25b.col;450;8263;random
5;3225526;199;10000;25;25;instances/le450_25b.col;450;8263;random
8;4305100;217;10000;25;25;instances/le450_25b.col;450;8263;random
5;3278818;301;10000;25;25;instances/le450_25b.col;450;8263;random
6;3913095;367;10000;25;25;instances/le450_25b.col;450;8263;random
6;5854286;289;10000;25;25;instances/le450_25b.col;450;8263;random
6;3644624;202;10000;25;25;instances/le450_25b.col;450;8263;random
6;3604204;229;10000;25;25;instances/le450_25b.col;450;8263;random
6;3666994;205;10000;25;25;instances/le450_25b.col;450;8263;random
4;3031568;196;10000;25;25;instances/le450_25b.col;450;8263;random
4;3039091;227;10000;25;25;instances/le450_25b.col;450;8263;random
4;2325613;14;10000;25;25;instances/le450_25b.col;450;8263;greedy
4;2373027;14;10000;25;25;instances/le450_25b.col;450;8263;greedy
4;2393358;14;10000;25;25;instances/le450_25b.col;450;8263;greedy
4;2355547;14;10000;25;25;instances/le450_25b.col;450;8263;greedy
4;2402449;14;10000;25;25;instances/le450_25b.col;450;8263;greedy
4;2393590;14;10000;25;25;instances/le450_25b.col;450;8263;greedy
4;3197546;14;10000;25;25;instances/le450_25b.col;450;8263;greedy
4;2391196;14;10000;25;25;instances/le450_25b.col;450;8263;greedy
4;2360007;14;10000;25;25;instances/le450_25b.col;450;8263;greedy
4;2338674;14;10000;25;25;instances/le450_25b.col;450;8263;greedy
