65;5884429;517;10000;25;5;instances/le450_5c.col;450;9803;random
159;10156823;440;10000;25;5;instances/le450_5c.col;450;9803;random
104;7601030;476;10000;25;5;instances/le450_5c.col;450;9803;random
74;8170138;405;10000;25;5;instances/le450_5c.col;450;9803;random
104;7135332;448;10000;25;5;instances/le450_5c.col;450;9803;random
62;5360897;503;10000;25;5;instances/le450_5c.col;450;9803;random
95;6663253;494;10000;25;5;instances/le450_5c.col;450;9803;random
98;7267795;460;10000;25;5;instances/le450_5c.col;450;9803;random
21;3906625;501;10000;25;5;instances/le450_5c.col;450;9803;random
80;8723702;493;10000;25;5;instances/le450_5c.col;450;9803;random
76;5928846;482;10000;25;5;instances/le450_5c.col;450;9803;random
51;4466446;464;10000;25;5;instances/le450_5c.col;450;9803;random
87;6817068;455;10000;25;5;instances/le450_5c.col;450;9803;random
79;6462147;486;10000;25;5;instances/le450_5c.col;450;9803;random
131;11515171;449;10000;25;5;instances/le450_5c.col;450;9803;random
50;4558167;420;10000;25;5;instances/le450_5c.col;450;9803;random
58;5202506;437;10000;25;5;instances/le450_5c.col;450;9803;random
178;11199370;469;10000;25;5;instances/le450_5c.col;450;9803;random
63;8542729;464;10000;25;5;instances/le450_5c.col;450;9803;random
112;7972166;460;10000;25;5;instances/le450_5c.col;450;9803;random
127;9110561;463;10000;25;5;instances/le450_5c.col;450;9803;random
161;10810704;414;10000;25;5;instances/le450_5c.col;450;9803;random
52;6945722;534;10000;25;5;instances/le450_5c.col;450;9803;random
63;5956517;457;10000;25;5;instances/le450_5c.col;450;9803;random
65;4984927;431;10000;25;5;instances/le450_5c.col;450;9803;random
82;6672677;486;10000;25;5;instances/le450_5c.col;450;9803;random
120;8526881;492;10000;25;5;instances/le450_5c.col;450;9803;random
48;7040466;510;10000;25;5;instances/le450_5c.col;450;9803;random
78;5891943;488;10000;25;5;instances/le450_5c.col;450;9803;random
71;5687862;439;10000;25;5;instances/le450_5c.col;450;9803;random
86;7483817;556;10000;25;5;instances/le450_5c.col;450;9803;random
88;7328810;549;10000;25;5;instances/le450_5c.col;450;9803;random
80;8510074;549;10000;25;5;instances/le450_5c.col;450;9803;random
106;8122449;450;10000;25;5;instances/le450_5c.col;450;9803;random
98;8012832;446;10000;25;5;instances/le450_5c.col;450;9803;random
60;5523122;417;10000;25;5;instances/le450_5c.col;450;9803;random
104;7312573;441;10000;25;5;instances/le450_5c.col;450;9803;random
57;7585121;567;10000;25;5;instances/le450_5c.col;450;9803;random
94;6473269;448;10000;25;5;instances/le450_5c.col;450;9803;random
101;7483644;413;10000;25;5;instances/le450_5c.col;450;9803;random
115;8245582;475;10000;25;5;instances/le450_5c.col;450;9803;random
64;5696685;448;10000;25;5;instances/le450_5c.col;450;9803;random
101;9554499;424;10000;25;5;instances/le450_5c.col;450;9803;random
128;8667701;472;10000;25;5;instances/le450_5c.col;450;9803;random
90;6802096;510;10000;25;5;instances/le450_5c.col;450;9803;random
48;4679558;501;10000;25;5;instances/le450_5c.col;450;9803;random
81;9173792;481;10000;25;5;instances/le450_5c.col;450;9803;random
58;5331231;530;10000;25;5;instances/le450_5c.col;450;9803;random
14;2578030;521;10000;25;5;instances/le450_5c.col;450;9803;random
68;6434909;455;10000;25;5;instances/le450_5c.col;450;9803;random
64;5806305;425;10000;25;5;instances/le450_5c.col;450;9803;random
104;7510439;442;10000;25;5;instances/le450_5c.col;450;9803;random
81;8286749;481;10000;25;5;instances/le450_5c.col;450;9803;random
97;7153864;460;10000;25;5;instances/le450_5c.col;450;9803;random
86;7233615;421;10000;25;5;instances/le450_5c.col;450;9803;random
86;6359748;466;10000;25;5;instances/le450_5c.col;450;9803;random
70;5849154;450;10000;25;5;instances/le450_5c.col;450;9803;random
40;6894341;489;10000;25;5;instances/le450_5c.col;450;9803;random
62;5127893;485;10000;25;5;instances/le450_5c.col;450;9803;random
76;6008947;502;10000;25;5;instances/le450_5c.col;450;9803;random
79;6273834;382;10000;25;5;instances/le450_5c.col;450;9803;random
69;6540975;481;10000;25;5;instances/le450_5c.col;450;9803;random
87;9483885;498;10000;25;5;instances/le450_5c.col;450;9803;random
107;8475349;540;10000;25;5;instances/le450_5c.col;450;9803;random
83;5780279;439;10000;25;5;instances/le450_5c.col;450;9803;random
72;5989598;466;10000;25;5;instances/le450_5c.col;450;9803;random
45;4429384;547;10000;25;5;instances/le450_5c.col;450;9803;random
62;5638662;523;10000;25;5;instances/le450_5c.col;450;9803;random
74;9424560;415;10000;25;5;instances/le450_5c.col;450;9803;random
143;9800395;455;10000;25;5;instances/le450_5c.col;450;9803;random
130;9510917;461;10000;25;5;instances/le450_5c.col;450;9803;random
135;11883215;414;10000;25;5;instances/le450_5c.col;450;9803;random
90;6882589;467;10000;25;5;instances/le450_5c.col;450;9803;random
113;8200867;436;10000;25;5;instances/le450_5c.col;450;9803;random
123;8614312;459;10000;25;5;instances/le450_5c.col;450;9803;random
97;9437072;466;10000;25;5;instances/le450_5c.col;450;9803;random
119;8736735;488;10000;25;5;instances/le450_5c.col;450;9803;random
184;11797448;436;10000;25;5;instances/le450_5c.col;450;9803;random
92;7333537;439;10000;25;5;instances/le450_5c.col;450;9803;random
110;11288890;444;10000;25;5;instances/le450_5c.col;450;9803;random
97;7464379;545;10000;25;5;instances/le450_5c.col;450;9803;random
117;7790192;522;10000;25;5;instances/le450_5c.col;450;9803;random
123;9094996;438;10000;25;5;instances/le450_5c.col;450;9803;random
53;7117541;493;10000;25;5;instances/le450_5c.col;450;9803;random
77;5707455;512;10000;25;5;instances/le450_5c.col;450;9803;random
34;4401941;583;10000;25;5;instances/le450_5c.col;450;9803;random
62;4568026;432;10000;25;5;instances/le450_5c.col;450;9803;random
121;8833161;406;10000;25;5;instances/le450_5c.col;450;9803;random
143;12760343;516;10000;25;5;instances/le450_5c.col;450;9803;random
68;5052653;464;10000;25;5;instances/le450_5c.col;450;9803;random
63;4776794;428;10000;25;5;instances/le450_5c.col;450;9803;random
78;5856376;453;10000;25;5;instances/le450_5c.col;450;9803;random
93;6769644;467;10000;25;5;instances/le450_5c.col;450;9803;random
35;6304770;520;10000;25;5;instances/le450_5c.col;450;9803;random
85;6702520;412;10000;25;5;instances/le450_5c.col;450;9803;random
200;12566169;456;10000;25;5;instances/le450_5c.col;450;9803;random
61;5272552;411;10000;25;5;instances/le450_5c.col;450;9803;random
85;6168783;454;10000;25;5;instances/le450_5c.col;450;9803;random
89;9284727;438;10000;25;5;instances/le450_5c.col;450;9803;random
70;6018721;449;10000;25;5;instances/le450_5c.col;450;9803;random
69;4426378;288;10000;25;5;instances/le450_5c.col;450;9803;greedy
69;4432173;288;10000;25;5;instances/le450_5c.col;450;9803;greedy
69;4532204;288;10000;25;5;instances/le450_5c.col;450;9803;greedy
69;5198447;288;10000;25;5;instances/le450_5c.col;450;9803;greedy
69;4416707;288;10000;25;5;instances/le450_5c.col;450;9803;greedy
69;4434329;288;10000;25;5;instances/le450_5c.col;450;9803;greedy
69;4413063;288;10000;25;5;instances/le450_5c.col;450;9803;greedy
69;4397682;288;10000;25;5;instances/le450_5c.col;450;9803;greedy
69;4494062;288;10000;25;5;instances/le450_5c.col;450;9803;greedy
69;4466349;288;10000;25;5;instances/le450_5c.col;450;9803;greedy
