231;18649063;666;10000;25;5;instances/le450_5a.col;450;5714;random
332;22840942;409;10000;25;5;instances/le450_5a.col;450;5714;random
112;9134463;815;10000;25;5;instances/le450_5a.col;450;5714;random
63;5791723;625;10000;25;5;instances/le450_5a.col;450;5714;random
321;21948960;460;10000;25;5;instances/le450_5a.col;450;5714;random
311;20616452;777;10000;25;5;instances/le450_5a.col;450;5714;random
52;5194546;828;10000;25;5;instances/le450_5a.col;450;5714;random
117;12363912;1003;10000;25;5;instances/le450_5a.col;450;5714;random
325;21078040;575;10000;25;5;instances/le450_5a.col;450;5714;random
94;10247228;754;10000;25;5;instances/le450_5a.col;450;5714;random
94;7908600;850;10000;25;5;instances/le450_5a.col;450;5714;random
107;8693256;764;10000;25;5;instances/le450_5a.col;450;5714;random
350;23358080;500;10000;25;5;instances/le450_5a.col;450;5714;random
152;11668685;476;10000;25;5;instances/le450_5a.col;450;5714;random
137;9652042;484;10000;25;5;instances/le450_5a.col;450;5714;random
284;20933071;549;10000;25;5;instances/le450_5a.col;450;5714;random
294;21291946;724;10000;25;5;instances/le450_5a.col;450;5714;random
57;5655275;957;10000;25;5;instances/le450_5a.col;450;5714;random
167;12863637;1012;10000;25;5;instances/le450_5a.col;450;5714;random
86;6966380;894;10000;25;5;instances/le450_5a.col;450;5714;random
66;7739388;664;10000;25;5;instances/le450_5a.col;450;5714;random
130;10412268;662;10000;25;5;instances/le450_5a.col;450;5714;random
331;23063144;626;10000;25;5;instances/le450_5a.col;450;5714;random
111;9447526;946;10000;25;5;instances/le450_5a.col;450;5714;random
99;8960766;1251;10000;25;5;instances/le450_5a.col;450;5714;random
90;8423580;1001;10000;25;5;instances/le450_5a.col;450;5714;random
68;8427411;826;10000;25;5;instances/le450_5a.col;450;5714;random
107;9407954;843;10000;25;5;instances/le450_5a.col;450;5714;random
337;24055032;674;10000;25;5;instances/le450_5a.col;450;5714;random
200;14499462;706;10000;25;5;instances/le450_5a.col;450;5714;random
81;7884528;994;10000;25;5;instances/le450_5a.col;450;5714;random
314;22866435;724;10000;25;5;instances/le450_5a.col;450;5714;random
140;10775063;830;10000;25;5;instances/le450_5a.col;450;5714;random
82;7188304;620;10000;25;5;instances/le450_5a.col;450;5714;random
302;21354772;759;10000;25;5;instances/le450_5a.col;450;5714;random
260;19445674;656;10000;25;5;instances/le450_5a.col;450;5714;random
182;14064965;852;10000;25;5;instances/le450_5a.col;450;5714;random
266;21345169;1034;10000;25;5;instances/le450_5a.col;450;5714;random
97;7934513;663;10000;25;5;instances/le450_5a.col;450;5714;random
330;23613639;832;10000;25;5;instances/le450_5a.col;450;5714;random
295;20000517;557;10000;25;5;instances/le450_5a.col;450;5714;random
334;23461127;585;10000;25;5;instances/le450_5a.col;450;5714;random
288;19538829;496;10000;25;5;instances/le450_5a.col;450;5714;random
87;9074889;672;10000;25;5;instances/le450_5a.col;450;5714;random
116;9043074;705;10000;25;5;instances/le450_5a.col;450;5714;random
121;9495855;741;10000;25;5;instances/le450_5a.col;450;5714;random
324;23136691;595;10000;25;5;instances/le450_5a.col;450;5714;random
85;7069530;668;10000;25;5;instances/le450_5a.col;450;5714;random
98;8380157;802;10000;25;5;instances/le450_5a.col;450;5714;random
315;23209471;649;10000;25;5;instances/le450_5a.col;450;5714;random
300;22533771;646;10000;25;5;instances/le450_5a.col;450;5714;random
88;7293805;670;10000;25;5;instances/le450_5a.col;450;5714;random
334;23526054;499;10000;25;5;instances/le450_5a.col;450;5714;random
95;8026009;776;10000;25;5;instances/le450_5a.col;450;5714;random
321;21383246;777;10000;25;5;instances/le450_5a.col;450;5714;random
89;10511775;898;10000;25;5;instances/le450_5a.col;450;5714;random
281;19378448;557;10000;25;5;instances/le450_5a.col;450;5714;random
320;22609310;520;10000;25;5;instances/le450_5a.col;450;5714;random
305;23137016;726;10000;25;5;instances/le450_5a.col;450;5714;random
292;19224210;601;10000;25;5;instances/le450_5a.col;450;5714;random
59;5261968;629;10000;25;5;instances/le450_5a.col;450;5714;random
256;21824048;999;10000;25;5;instances/le450_5a.col;450;5714;random
101;8064043;696;10000;25;5;instances/le450_5a.col;450;5714;random
324;23867289;578;10000;25;5;instances/le450_5a.col;450;5714;random
328;22547017;431;10000;25;5;instances/le450_5a.col;450;5714;random
361;21368138;378;10000;25;5;instances/le450_5a.col;450;5714;random
265;21089985;893;10000;25;5;instances/le450_5a.col;450;5714;random
330;20844892;547;10000;25;5;instances/le450_5a.col;450;5714;random
63;8118710;781;10000;25;5;instances/le450_5a.col;450;5714;random
38;4350355;773;10000;25;5;instances/le450_5a.col;450;5714;random
56;6273559;701;10000;25;5;instances/le450_5a.col;450;5714;random
319;24374438;883;10000;25;5;instances/le450_5a.col;450;5714;random
78;6794980;689;10000;25;5;instances/le450_5a.col;450;5714;random
66;6918000;1341;10000;25;5;instances/le450_5a.col;450;5714;random
266;20312385;618;10000;25;5;instances/le450_5a.col;450;5714;random
117;9834805;758;10000;25;5;instances/le450_5a.col;450;5714;random
96;8079044;547;10000;25;5;instances/le450_5a.col;450;5714;random
300;22928864;648;10000;25;5;instances/le450_5a.col;450;5714;random
79;6664670;663;10000;25;5;instances/le450_5a.col;450;5714;random
100;8885260;864;10000;25;5;instances/le450_5a.col;450;5714;random
265;20547738;801;10000;25;5;instances/le450_5a.col;450;5714;random
109;8709357;777;10000;25;5;instances/le450_5a.col;450;5714;random
116;9476958;655;10000;25;5;instances/le450_5a.col;450;5714;random
119;11479124;616;10000;25;5;instances/le450_5a.col;450;5714;random
71;5896266;570;10000;25;5;instances/le450_5a.col;450;5714;random
297;22060138;575;10000;25;5;instances/le450_5a.col;450;5714;random
88;7848101;680;10000;25;5;instances/le450_5a.col;450;5714;random
142;11123992;606;10000;25;5;instances/le450_5a.col;450;5714;random
74;6480678;664;10000;25;5;instances/le450_5a.col;450;5714;random
102;10038515;883;10000;25;5;instances/le450_5a.col;450;5714;random
84;7111653;887;10000;25;5;instances/le450_5a.col;450;5714;random
317;19884782;538;10000;25;5;instances/le450_5a.col;450;5714;random
86;10170186;776;10000;25;5;instances/le450_5a.col;450;5714;random
65;5746226;739;10000;25;5;instances/le450_5a.col;450;5714;random
189;14211316;866;10000;25;5;instances/le450_5a.col;450;5714;random
340;23560955;452;10000;25;5;instances/le450_5a.col;450;5714;random
155;11451629;733;10000;25;5;instances/le450_5a.col;450;5714;random
46;4920669;809;10000;25;5;instances/le450_5a.col;450;5714;random
94;11204046;917;10000;25;5;instances/le450_5a.col;450;5714;random
79;6621508;623;10000;25;5;instances/le450_5a.col;450;5714;random
327;22758904;329;10000;25;5;instances/le450_5a.col;450;5714;greedy
327;22746217;329;10000;25;5;instances/le450_5a.col;450;5714;greedy
327;22706784;329;10000;25;5;instances/le450_5a.col;450;5714;greedy
327;21810565;329;10000;25;5;instances/le450_5a.col;450;5714;greedy
327;22800124;329;10000;25;5;instances/le450_5a.col;450;5714;greedy
327;22767228;329;10000;25;5;instances/le450_5a.col;450;5714;greedy
327;22196554;329;10000;25;5;instances/le450_5a.col;450;5714;greedy
327;22752857;329;10000;25;5;instances/le450_5a.col;450;5714;greedy
327;22675476;329;10000;25;5;instances/le450_5a.col;450;5714;greedy
327;21891588;329;10000;25;5;instances/le450_5a.col;450;5714;greedy
