33;13969384;746;10000;25;15;instances/le450_15a.col;450;8168;random
43;16608926;594;10000;25;15;instances/le450_15a.col;450;8168;random
38;16036144;493;10000;25;15;instances/le450_15a.col;450;8168;random
38;13704254;473;10000;25;15;instances/le450_15a.col;450;8168;random
41;17232651;510;10000;25;15;instances/le450_15a.col;450;8168;random
39;15079891;541;10000;25;15;instances/le450_15a.col;450;8168;random
46;17597740;442;10000;25;15;instances/le450_15a.col;450;8168;random
44;18204460;444;10000;25;15;instances/le450_15a.col;450;8168;random
45;19463023;632;10000;25;15;instances/le450_15a.col;450;8168;random
37;13671568;472;10000;25;15;instances/le450_15a.col;450;8168;random
51;21479140;350;10000;25;15;instances/le450_15a.col;450;8168;random
39;15242170;542;10000;25;15;instances/le450_15a.col;450;8168;random
47;20115085;379;10000;25;15;instances/le450_15a.col;450;8168;random
44;15839818;453;10000;25;15;instances/le450_15a.col;450;8168;random
42;16747027;366;10000;25;15;instances/le450_15a.col;450;8168;random
48;18589178;619;10000;25;15;instances/le450_15a.col;450;8168;random
42;18207518;666;10000;25;15;instances/le450_15a.col;450;8168;random
45;16418281;476;10000;25;15;instances/le450_15a.col;450;8168;random
43;17715143;384;10000;25;15;instances/le450_15a.col;450;8168;random
43;16353200;477;10000;25;15;instances/le450_15a.col;450;8168;random
36;14501642;550;10000;25;15;instances/le450_15a.col;450;8168;random
47;16654356;414;10000;25;15;instances/le450_15a.col;450;8168;random
46;18423084;425;10000;25;15;instances/le450_15a.col;450;8168;random
43;16675486;465;10000;25;15;instances/le450_15a.col;450;8168;random
38;15871331;819;10000;25;15;instances/le450_15a.col;450;8168;random
42;15358029;374;10000;25;15;instances/le450_15a.col;450;8168;random
45;18294407;630;10000;25;15;instances/le450_15a.col;450;8168;random
43;15848413;509;10000;25;15;instances/le450_15a.col;450;8168;random
45;18054282;407;10000;25;15;instances/le450_15a.col;450;8168;random
37;14517921;368;10000;25;15;instances/le450_15a.col;450;8168;random
40;17163794;552;10000;25;15;instances/le450_15a.col;450;8168;random
43;16922754;687;10000;25;15;instances/le450_15a.col;450;8168;random
45;19321540;894;10000;25;15;instances/le450_15a.col;450;8168;random
43;16229229;495;10000;25;15;instances/le450_15a.col;450;8168;random
46;16699855;468;10000;25;15;instances/le450_15a.col;450;8168;random
36;13795933;508;10000;25;15;instances/le450_15a.col;450;8168;random
38;15737886;600;10000;25;15;instances/le450_15a.col;450;8168;random
46;18120333;371;10000;25;15;instances/le450_15a.col;450;8168;random
42;17052284;507;10000;25;15;instances/le450_15a.col;450;8168;random
45;17747463;461;10000;25;15;instances/le450_15a.col;450;8168;random
37;14611203;527;10000;25;15;instances/le450_15a.col;450;8168;random
35;12613870;403;10000;25;15;instances/le450_15a.col;450;8168;random
50;20646980;431;10000;25;15;instances/le450_15a.col;450;8168;random
42;15172303;416;10000;25;15;instances/le450_15a.col;450;8168;random
46;17618347;458;10000;25;15;instances/le450_15a.col;450;8168;random
47;17920132;345;10000;25;15;instances/le450_15a.col;450;8168;random
49;19712528;316;10000;25;15;instances/le450_15a.col;450;8168;random
35;12749295;491;10000;25;15;instances/le450_15a.col;450;8168;random
36;15231012;732;10000;25;15;instances/le450_15a.col;450;8168;random
42;16698101;628;10000;25;15;instances/le450_15a.col;450;8168;random
41;16362691;583;10000;25;15;instances/le450_15a.col;450;8168;random
32;12357373;610;10000;25;15;instances/le450_15a.col;450;8168;random
42;18029822;549;10000;25;15;instances/le450_15a.col;450;8168;random
44;16760926;420;10000;25;15;instances/le450_15a.col;450;8168;random
39;16267904;629;10000;25;15;instances/le450_15a.col;450;8168;random
44;17303749;479;10000;25;15;instances/le450_15a.col;450;8168;random
40;16521401;541;10000;25;15;instances/le450_15a.col;450;8168;random
42;15552264;398;10000;25;15;instances/le450_15a.col;450;8168;random
39;13807860;485;10000;25;15;instances/le450_15a.col;450;8168;random
43;17018795;377;10000;25;15;instances/le450_15a.col;450;8168;random
39;15356754;547;10000;25;15;instances/le450_15a.col;450;8168;random
40;16456887;676;10000;25;15;instances/le450_15a.col;450;8168;random
39;14563582;571;10000;25;15;instances/le450_15a.col;450;8168;random
37;15911001;776;10000;25;15;instances/le450_15a.col;450;8168;random
44;16576462;558;10000;25;15;instances/le450_15a.col;450;8168;random
41;17531749;564;10000;25;15;instances/le450_15a.col;450;8168;random
36;13931163;513;10000;25;15;instances/le450_15a.col;450;8168;random
50;20302458;484;10000;25;15;instances/le450_15a.col;450;8168;random
36;13264132;527;10000;25;15;instances/le450_15a.col;450;8168;random
39;16169711;341;10000;25;15;instances/le450_15a.col;450;8168;random
38;14544280;436;10000;25;15;instances/le450_15a.col;450;8168;random
44;18143894;575;10000;25;15;instances/le450_15a.col;450;8168;random
37;14315758;529;10000;25;15;instances/le450_15a.col;450;8168;random
42;17574672;636;10000;25;15;instances/le450_15a.col;450;8168;random
39;14239923;388;10000;25;15;instances/le450_15a.col;450;8168;random
36;15354449;459;10000;25;15;instances/le450_15a.col;450;8168;random
40;15484652;595;10000;25;15;instances/le450_15a.col;450;8168;random
44;17962041;340;10000;25;15;instances/le450_15a.col;450;8168;random
39;15622032;472;10000;25;15;instances/le450_15a.col;450;8168;random
42;16610723;380;10000;25;15;instances/le450_15a.col;450;8168;random
34;13372330;700;10000;25;15;instances/le450_15a.col;450;8168;random
35;13224361;605;10000;25;15;instances/le450_15a.col;450;8168;random
39;16547802;447;10000;25;15;instances/le450_15a.col;450;8168;random
36;14037423;584;10000;25;15;instances/le450_15a.col;450;8168;random
39;15835139;463;10000;25;15;instances/le450_15a.col;450;8168;random
45;16763983;585;10000;25;15;instances/le450_15a.col;450;8168;random
49;20900233;456;10000;25;15;instances/le450_15a.col;450;8168;random
46;16115917;457;10000;25;15;instances/le450_15a.col;450;8168;random
39;15760956;382;10000;25;15;instances/le450_15a.col;450;8168;random
38;13540366;361;10000;25;15;instances/le450_15a.col;450;8168;random
43;18384588;623;10000;25;15;instances/le450_15a.col;450;8168;random
42;15802623;513;10000;25;15;instances/le450_15a.col;450;8168;random
47;18491247;407;10000;25;15;instances/le450_15a.col;450;8168;random
41;15046425;440;10000;25;15;instances/le450_15a.col;450;8168;random
34;14452503;396;10000;25;15;instances/le450_15a.col;450;8168;random
39;14967527;666;10000;25;15;instances/le450_15a.col;450;8168;random
40;16202568;406;10000;25;15;instances/le450_15a.col;450;8168;random
40;15548588;601;10000;25;15;instances/le450_15a.col;450;8168;random
46;18999370;523;10000;25;15;instances/le450_15a.col;450;8168;random
47;18568924;726;10000;25;15;instances/le450_15a.col;450;8168;random
34;12568557;507;10000;25;15;instances/le450_15a.col;450;8168;greedy
34;13383870;507;10000;25;15;instances/le450_15a.col;450;8168;greedy
34;12392548;507;10000;25;15;instances/le450_15a.col;450;8168;greedy
34;13576468;507;10000;25;15;instances/le450_15a.col;450;8168;greedy
34;12510768;507;10000;25;15;instances/le450_15a.col;450;8168;greedy
34;12632342;507;10000;25;15;instances/le450_15a.col;450;8168;greedy
34;13448419;507;10000;25;15;instances/le450_15a.col;450;8168;greedy
34;12656853;507;10000;25;15;instances/le450_15a.col;450;8168;greedy
34;12600538;507;10000;25;15;instances/le450_15a.col;450;8168;greedy
34;13395006;507;10000;25;15;instances/le450_15a.col;450;8168;greedy
