76;7019090;808;10000;25;5;instances/le450_5b.col;450;5734;random
82;6983931;590;10000;25;5;instances/le450_5b.col;450;5734;random
134;12754854;742;10000;25;5;instances/le450_5b.col;450;5734;random
348;21214142;540;10000;25;5;instances/le450_5b.col;450;5734;random
322;23517159;488;10000;25;5;instances/le450_5b.col;450;5734;random
293;21255136;521;10000;25;5;instances/le450_5b.col;450;5734;random
70;6414351;808;10000;25;5;instances/le450_5b.col;450;5734;random
89;7432137;870;10000;25;5;instances/le450_5b.col;450;5734;random
296;23079414;719;10000;25;5;instances/le450_5b.col;450;5734;random
299;20304146;732;10000;25;5;instances/le450_5b.col;450;5734;random
117;12292487;825;10000;25;5;instances/le450_5b.col;450;5734;random
76;7062618;952;10000;25;5;instances/le450_5b.col;450;5734;random
93;8061913;792;10000;25;5;instances/le450_5b.col;450;5734;random
156;12069689;589;10000;25;5;instances/le450_5b.col;450;5734;random
238;19697829;827;10000;25;5;instances/le450_5b.col;450;5734;random
60;5931952;834;10000;25;5;instances/le450_5b.col;450;5734;random
103;8003756;727;10000;25;5;instances/le450_5b.col;450;5734;random
71;9297617;906;10000;25;5;instances/le450_5b.col;450;5734;random
129;10215276;551;10000;25;5;instances/le450_5b.col;450;5734;random
148;10872040;510;10000;25;5;instances/le450_5b.col;450;5734;random
329;23037012;631;10000;25;5;instances/le450_5b.col;450;5734;random
184;13510976;904;10000;25;5;instances/le450_5b.col;450;5734;random
339;23012356;514;10000;25;5;instances/le450_5b.col;450;5734;random
112;9004729;567;10000;25;5;instances/le450_5b.col;450;5734;random
73;6197392;509;10000;25;5;instances/le450_5b.col;450;5734;random
62;8126269;694;10000;25;5;instances/le450_5b.col;450;5734;random
315;20482871;510;10000;25;5;instances/le450_5b.col;450;5734;random
286;21381641;906;10000;25;5;instances/le450_5b.col;450;5734;random
85;7088006;756;10000;25;5;instances/le450_5b.col;450;5734;random
258;19814170;561;10000;25;5;instances/le450_5b.col;450;5734;random
126;10021818;562;10000;25;5;instances/le450_5b.col;450;5734;random
38;4188778;552;10000;25;5;instances/le450_5b.col;450;5734;random
72;6300461;483;10000;25;5;instances/le450_5b.col;450;5734;random
307;23426518;838;10000;25;5;instances/le450_5b.col;450;5734;random
348;24261942;436;10000;25;5;instances/le450_5b.col;450;5734;random
287;19127078;568;10000;25;5;instances/le450_5b.col;450;5734;random
278;20646943;553;10000;25;5;instances/le450_5b.col;450;5734;random
101;8870503;746;10000;25;5;instances/le450_5b.col;450;5734;random
326;24558433;655;10000;25;5;instances/le450_5b.col;450;5734;random
114;9694329;864;10000;25;5;instances/le450_5b.col;450;5734;random
114;9067462;1155;10000;25;5;instances/le450_5b.col;450;5734;random
308;22492789;774;10000;25;5;instances/le450_5b.col;450;5734;random
265;17444711;536;10000;25;5;instances/le450_5b.col;450;5734;random
256;20454446;637;10000;25;5;instances/le450_5b.col;450;5734;random
84;8038191;752;10000;25;5;instances/le450_5b.col;450;5734;random
276;20771292;415;10000;25;5;instances/le450_5b.col;450;5734;random
337;21188406;570;10000;25;5;instances/le450_5b.col;450;5734;random
256;20010951;703;10000;25;5;instances/le450_5b.col;450;5734;random
81;7069289;732;10000;25;5;instances/le450_5b.col;450;5734;random
267;21113762;645;10000;25;5;instances/le450_5b.col;450;5734;random
266;18110589;700;10000;25;5;instances/le450_5b.col;450;5734;random
317;23455744;712;10000;25;5;instances/le450_5b.col;450;5734;random
135;10900200;988;10000;25;5;instances/le450_5b.col;450;5734;random
313;23338785;716;10000;25;5;instances/le450_5b.col;450;5734;random
109;9058011;798;10000;25;5;instances/le450_5b.col;450;5734;random
115;11989215;611;10000;25;5;instances/le450_5b.col;450;5734;random
41;5116760;837;10000;25;5;instances/le450_5b.col;450;5734;random
339;21523735;683;10000;25;5;instances/le450_5b.col;450;5734;random
112;11868057;956;10000;25;5;instances/le450_5b.col;450;5734;random
230;15684591;806;10000;25;5;instances/le450_5b.col;450;5734;random
46;4949885;757;10000;25;5;instances/le450_5b.col;450;5734;random
297;22848087;663;10000;25;5;instances/le450_5b.col;450;5734;random
311;22251011;437;10000;25;5;instances/le450_5b.col;450;5734;random
70;6702527;750;10000;25;5;instances/le450_5b.col;450;5734;random
281;19613767;901;10000;25;5;instances/le450_5b.col;450;5734;random
293;22044141;517;10000;25;5;instances/le450_5b.col;450;5734;random
53;5629212;830;10000;25;5;instances/le450_5b.col;450;5734;random
340;23729112;423;10000;25;5;instances/le450_5b.col;450;5734;random
321;23105258;733;10000;25;5;instances/le450_5b.col;450;5734;random
237;16062228;556;10000;25;5;instances/le450_5b.col;450;5734;random
67;6081079;917;10000;25;5;instances/le450_5b.col;450;5734;random
80;6579720;495;10000;25;5;instances/le450_5b.col;450;5734;random
91;10418476;603;10000;25;5;instances/le450_5b.col;450;5734;random
99;8683632;1335;10000;25;5;instances/le450_5b.col;450;5734;random
331;22977439;484;10000;25;5;instances/le450_5b.col;450;5734;random
47;4912111;642;10000;25;5;instances/le450_5b.col;450;5734;random
64;5971769;807;10000;25;5;instances/le450_5b.col;450;5734;random
300;22627568;755;10000;25;5;instances/le450_5b.col;450;5734;random
105;8907242;785;10000;25;5;instances/le450_5b.col;450;5734;random
84;7412826;615;10000;25;5;instances/le450_5b.col;450;5734;random
112;10009724;1286;10000;25;5;instances/le450_5b.col;450;5734;random
107;10695748;584;10000;25;5;instances/le450_5b.col;450;5734;random
74;6777099;677;10000;25;5;instances/le450_5b.col;450;5734;random
331;23291342;645;10000;25;5;instances/le450_5b.col;450;5734;random
69;7369984;1043;10000;25;5;instances/le450_5b.col;450;5734;random
94;7483181;558;10000;25;5;instances/le450_5b.col;450;5734;random
257;20363294;648;10000;25;5;instances/le450_5b.col;450;5734;random
80;7940568;1080;10000;25;5;instances/le450_5b.col;450;5734;random
95;8989657;1152;10000;25;5;instances/le450_5b.col;450;5734;random
282;21199976;713;10000;25;5;instances/le450_5b.col;450;5734;random
251;16889950;546;10000;25;5;instances/le450_5b.col;450;5734;random
319;23366056;579;10000;25;5;instances/le450_5b.col;450;5734;random
267;18239508;692;10000;25;5;instances/le450_5b.col;450;5734;random
62;7483771;582;10000;25;5;instances/le450_5b.col;450;5734;random
106;9536891;931;10000;25;5;instances/le450_5b.col;450;5734;random
317;23418919;618;10000;25;5;instances/le450_5b.col;450;5734;random
286;18382645;616;10000;25;5;instances/le450_5b.col;450;5734;random
217;17632276;600;10000;25;5;instances/le450_5b.col;450;5734;random
276;18560010;523;10000;25;5;instances/le450_5b.col;450;5734;random
207;17818878;976;10000;25;5;instances/le450_5b.col;450;5734;random
106;9872925;730;10000;25;5;instances/le450_5b.col;450;5734;greedy
106;9058584;730;10000;25;5;instances/le450_5b.col;450;5734;greedy
106;8828426;730;10000;25;5;instances/le450_5b.col;450;5734;greedy
106;9018428;730;10000;25;5;instances/le450_5b.col;450;5734;greedy
106;9880752;730;10000;25;5;instances/le450_5b.col;450;5734;greedy
106;8918244;730;10000;25;5;instances/le450_5b.col;450;5734;greedy
106;8961987;730;10000;25;5;instances/le450_5b.col;450;5734;greedy
106;8855831;730;10000;25;5;instances/le450_5b.col;450;5734;greedy
106;9676078;730;10000;25;5;instances/le450_5b.col;450;5734;greedy
106;8806069;730;10000;25;5;instances/le450_5b.col;450;5734;greedy
