63;50526223;566;10000;25;25;instances/le450_25d.col;450;17425;random
57;48395086;547;10000;25;25;instances/le450_25d.col;450;17425;random
56;44479850;624;10000;25;25;instances/le450_25d.col;450;17425;random
53;43251372;719;10000;25;25;instances/le450_25d.col;450;17425;random
62;54547375;759;10000;25;25;instances/le450_25d.col;450;17425;random
59;46305070;577;10000;25;25;instances/le450_25d.col;450;17425;random
59;48484005;626;10000;25;25;instances/le450_25d.col;450;17425;random
61;49233282;699;10000;25;25;instances/le450_25d.col;450;17425;random
58;47679681;656;10000;25;25;instances/le450_25d.col;450;17425;random
57;44230674;626;10000;25;25;instances/le450_25d.col;450;17425;random
59;44725812;553;10000;25;25;instances/le450_25d.col;450;17425;random
55;47244838;594;10000;25;25;instances/le450_25d.col;450;17425;random
65;50163669;465;10000;25;25;instances/le450_25d.col;450;17425;random
59;45616731;456;10000;25;25;instances/le450_25d.col;450;17425;random
60;49446207;499;10000;25;25;instances/le450_25d.col;450;17425;random
58;45038863;576;10000;25;25;instances/le450_25d.col;450;17425;random
62;52124489;636;10000;25;25;instances/le450_25d.col;450;17425;random
60;47097468;562;10000;25;25;instances/le450_25d.col;450;17425;random
63;52961698;493;10000;25;25;instances/le450_25d.col;450;17425;random
58;45303408;555;10000;25;25;instances/le450_25d.col;450;17425;random
61;46364581;506;10000;25;25;instances/le450_25d.col;450;17425;random
64;50030527;504;10000;25;25;instances/le450_25d.col;450;17425;random
68;52514891;511;10000;25;25;instances/le450_25d.col;450;17425;random
66;53280355;500;10000;25;25;instances/le450_25d.col;450;17425;random
59;49370546;736;10000;25;25;instances/le450_25d.col;450;17425;random
69;51705387;501;10000;25;25;instances/le450_25d.col;450;17425;random
67;53534299;502;10000;25;25;instances/le450_25d.col;450;17425;random
59;48553840;608;10000;25;25;instances/le450_25d.col;450;17425;random
61;52362451;535;10000;25;25;instances/le450_25d.col;450;17425;random
50;40097947;594;10000;25;25;instances/le450_25d.col;450;17425;random
68;55527463;463;10000;25;25;instances/le450_25d.col;450;17425;random
59;47241802;854;10000;25;25;instances/le450_25d.col;450;17425;random
56;44091081;547;10000;25;25;instances/le450_25d.col;450;17425;random
59;48559862;577;10000;25;25;instances/le450_25d.col;450;17425;random
57;43894816;513;10000;25;25;instances/le450_25d.col;450;17425;random
71;57624563;653;10000;25;25;instances/le450_25d.col;450;17425;random
64;52838630;685;10000;25;25;instances/le450_25d.col;450;17425;random
64;52639027;540;10000;25;25;instances/le450_25d.col;450;17425;random
65;50735776;544;10000;25;25;instances/le450_25d.col;450;17425;random
57;43331646;507;10000;25;25;instances/le450_25d.col;450;17425;random
57;45976421;599;10000;25;25;instances/le450_25d.col;450;17425;random
58;45941154;663;10000;25;25;instances/le450_25d.col;450;17425;random
63;55588776;657;10000;25;25;instances/le450_25d.col;450;17425;random
66;51281900;509;10000;25;25;instances/le450_25d.col;450;17425;random
60;50101681;531;10000;25;25;instances/le450_25d.col;450;17425;random
68;52404705;688;10000;25;25;instances/le450_25d.col;450;17425;random
59;50284158;711;10000;25;25;instances/le450_25d.col;450;17425;random
65;50712267;506;10000;25;25;instances/le450_25d.col;450;17425;random
63;51343254;442;10000;25;25;instances/le450_25d.col;450;17425;random
69;54009190;577;10000;25;25;instances/le450_25d.col;450;17425;random
66;54707651;534;10000;25;25;instances/le450_25d.col;450;17425;random
57;46643171;686;10000;25;25;instances/le450_25d.col;450;17425;random
57;49154544;602;10000;25;25;instances/le450_25d.col;450;17425;random
65;51546089;628;10000;25;25;instances/le450_25d.col;450;17425;random
65;53041558;522;10000;25;25;instances/le450_25d.col;450;17425;random
65;49590486;512;10000;25;25;instances/le450_25d.col;450;17425;random
60;49871448;550;10000;25;25;instances/le450_25d.col;450;17425;random
61;48523790;431;10000;25;25;instances/le450_25d.col;450;17425;random
55;41387865;452;10000;25;25;instances/le450_25d.col;450;17425;random
64;52305506;531;10000;25;25;instances/le450_25d.col;450;17425;random
64;49659139;510;10000;25;25;instances/le450_25d.col;450;17425;random
66;52965287;550;10000;25;25;instances/le450_25d.col;450;17425;random
64;51467800;618;10000;25;25;instances/le450_25d.col;450;17425;random
67;50695518;515;10000;25;25;instances/le450_25d.col;450;17425;random
66;51437086;577;10000;25;25;instances/le450_25d.col;450;17425;random
63;50533729;638;10000;25;25;instances/le450_25d.col;450;17425;random
60;47970051;540;10000;25;25;instances/le450_25d.col;450;17425;random
64;52513284;619;10000;25;25;instances/le450_25d.col;450;17425;random
60;50548821;1521;10000;25;25;instances/le450_25d.col;450;17425;random
52;45801989;596;10000;25;25;instances/le450_25d.col;450;17425;random
63;47537686;506;10000;25;25;instances/le450_25d.col;450;17425;random
62;47144604;474;10000;25;25;instances/le450_25d.col;450;17425;random
59;48934130;615;10000;25;25;instances/le450_25d.col;450;17425;random
69;53652600;549;10000;25;25;instances/le450_25d.col;450;17425;random
56;46714409;701;10000;25;25;instances/le450_25d.col;450;17425;random
66;53055352;535;10000;25;25;instances/le450_25d.col;450;17425;random
63;51078673;565;10000;25;25;instances/le450_25d.col;450;17425;random
63;48559247;425;10000;25;25;instances/le450_25d.col;450;17425;random
58;49064747;538;10000;25;25;instances/le450_25d.col;450;17425;random
64;51366394;396;10000;25;25;instances/le450_25d.col;450;17425;random
62;49636601;704;10000;25;25;instances/le450_25d.col;450;17425;random
61;48196050;547;10000;25;25;instances/le450_25d.col;450;17425;random
57;48012393;632;10000;25;25;instances/le450_25d.col;450;17425;random
69;56799232;456;10000;25;25;instances/le450_25d.col;450;17425;random
65;56102650;574;10000;25;25;instances/le450_25d.col;450;17425;random
62;49437427;503;10000;25;25;instances/le450_25d.col;450;17425;random
63;52531930;585;10000;25;25;instances/le450_25d.col;450;17425;random
62;47132602;483;10000;25;25;instances/le450_25d.col;450;17425;random
63;52079463;624;10000;25;25;instances/le450_25d.col;450;17425;random
58;47576476;639;10000;25;25;instances/le450_25d.col;450;17425;random
55;43504358;760;10000;25;25;instances/le450_25d.col;450;17425;random
63;49784189;645;10000;25;25;instances/le450_25d.col;450;17425;random
63;49541256;588;10000;25;25;instances/le450_25d.col;450;17425;random
67;52969635;403;10000;25;25;instances/le450_25d.col;450;17425;random
64;50599887;578;10000;25;25;instances/le450_25d.col;450;17425;random
64;52621408;564;10000;25;25;instances/le450_25d.col;450;17425;random
67;51398050;542;10000;25;25;instances/le450_25d.col;450;17425;random
52;42314744;638;10000;25;25;instances/le450_25d.col;450;17425;random
67;55651448;563;10000;25;25;instances/le450_25d.col;450;17425;random
61;46568472;539;10000;25;25;instances/le450_25d.col;450;17425;random
58;44218876;206;10000;25;25;instances/le450_25d.col;450;17425;greedy
58;43270462;206;10000;25;25;instances/le450_25d.col;450;17425;greedy
58;43152943;206;10000;25;25;instances/le450_25d.col;450;17425;greedy
58;44248585;206;10000;25;25;instances/le450_25d.col;450;17425;greedy
58;42998690;206;10000;25;25;instances/le450_25d.col;450;17425;greedy
58;43127846;206;10000;25;25;instances/le450_25d.col;450;17425;greedy
58;43489883;206;10000;25;25;instances/le450_25d.col;450;17425;greedy
58;42868209;206;10000;25;25;instances/le450_25d.col;450;17425;greedy
58;43155725;206;10000;25;25;instances/le450_25d.col;450;17425;greedy
58;43487944;206;10000;25;25;instances/le450_25d.col;450;17425;greedy
