229;79628807;1232;10000;25;15;instances/le450_15c.col;450;16680;random
222;78351796;866;10000;25;15;instances/le450_15c.col;450;16680;random
228;80578687;789;10000;25;15;instances/le450_15c.col;450;16680;random
246;83060220;1102;10000;25;15;instances/le450_15c.col;450;16680;random
229;79027910;677;10000;25;15;instances/le450_15c.col;450;16680;random
237;79671714;829;10000;25;15;instances/le450_15c.col;450;16680;random
226;81769837;877;10000;25;15;instances/le450_15c.col;450;16680;random
223;81961458;879;10000;25;15;instances/le450_15c.col;450;16680;random
238;81320946;717;10000;25;15;instances/le450_15c.col;450;16680;random
224;78380378;698;10000;25;15;instances/le450_15c.col;450;16680;random
226;82214397;1453;10000;25;15;instances/le450_15c.col;450;16680;random
222;79367672;1063;10000;25;15;instances/le450_15c.col;450;16680;random
223;80805847;892;10000;25;15;instances/le450_15c.col;450;16680;random
235;79344335;860;10000;25;15;instances/le450_15c.col;450;16680;random
222;76474546;882;10000;25;15;instances/le450_15c.col;450;16680;random
233;81334566;802;10000;25;15;instances/le450_15c.col;450;16680;random
236;79215372;782;10000;25;15;instances/le450_15c.col;450;16680;random
245;83367499;797;10000;25;15;instances/le450_15c.col;450;16680;random
240;78740946;599;10000;25;15;instances/le450_15c.col;450;16680;random
269;82156607;431;10000;25;15;instances/le450_15c.col;450;16680;random
240;83600224;706;10000;25;15;instances/le450_15c.col;450;16680;random
231;80688967;984;10000;25;15;instances/le450_15c.col;450;16680;random
219;79724818;1040;10000;25;15;instances/le450_15c.col;450;16680;random
235;80454064;935;10000;25;15;instances/le450_15c.col;450;16680;random
220;77608334;1059;10000;25;15;instances/le450_15c.col;450;16680;random
219;78570055;974;10000;25;15;instances/le450_15c.col;450;16680;random
230;78773817;719;10000;25;15;instances/le450_15c.col;450;16680;random
241;81111967;791;10000;25;15;instances/le450_15c.col;450;16680;random
239;83093468;918;10000;25;15;instances/le450_15c.col;450;16680;random
231;81061277;886;10000;25;15;instances/le450_15c.col;450;16680;random
235;83628435;948;10000;25;15;instances/le450_15c.col;450;16680;random
234;82920149;866;10000;25;15;instances/le450_15c.col;450;16680;random
239;85679419;989;10000;25;15;instances/le450_15c.col;450;16680;random
244;79753008;622;10000;25;15;instances/le450_15c.col;450;16680;random
233;78812580;660;10000;25;15;instances/le450_15c.col;450;16680;random
226;83744760;949;10000;25;15;instances/le450_15c.col;450;16680;random
253;81322138;489;10000;25;15;instances/le450_15c.col;450;16680;random
215;76560051;875;10000;25;15;instances/le450_15c.col;450;16680;random
214;77907131;1114;10000;25;15;instances/le450_15c.col;450;16680;random
228;77431140;825;10000;25;15;instances/le450_15c.col;450;16680;random
240;82865376;870;10000;25;15;instances/le450_15c.col;450;16680;random
231;82266941;837;10000;25;15;instances/le450_15c.col;450;16680;random
229;81875327;736;10000;25;15;instances/le450_15c.col;450;16680;random
254;84396512;592;10000;25;15;instances/le450_15c.col;450;16680;random
241;82658017;643;10000;25;15;instances/le450_15c.col;450;16680;random
232;83573660;777;10000;25;15;instances/le450_15c.col;450;16680;random
235;82681748;960;10000;25;15;instances/le450_15c.col;450;16680;random
255;81302809;654;10000;25;15;instances/le450_15c.col;450;16680;random
217;78801684;867;10000;25;15;instances/le450_15c.col;450;16680;random
240;82745907;895;10000;25;15;instances/le450_15c.col;450;16680;random
226;81877947;1259;10000;25;15;instances/le450_15c.col;450;16680;random
238;76333005;633;10000;25;15;instances/le450_15c.col;450;16680;random
224;78814219;814;10000;25;15;instances/le450_15c.col;450;16680;random
244;81830780;681;10000;25;15;instances/le450_15c.col;450;16680;random
231;80781777;741;10000;25;15;instances/le450_15c.col;450;16680;random
227;81749264;1130;10000;25;15;instances/le450_15c.col;450;16680;random
243;79842013;659;10000;25;15;instances/le450_15c.col;450;16680;random
233;85079700;1009;10000;25;15;instances/le450_15c.col;450;16680;random
215;73287609;615;10000;25;15;instances/le450_15c.col;450;16680;random
238;78504054;599;10000;25;15;instances/le450_15c.col;450;16680;random
239;83151734;1026;10000;25;15;instances/le450_15c.col;450;16680;random
239;80524589;800;10000;25;15;instances/le450_15c.col;450;16680;random
239;81687593;1031;10000;25;15;instances/le450_15c.col;450;16680;random
218;81833861;1031;10000;25;15;instances/le450_15c.col;450;16680;random
224;75430057;799;10000;25;15;instances/le450_15c.col;450;16680;random
238;78887737;789;10000;25;15;instances/le450_15c.col;450;16680;random
243;86444374;988;10000;25;15;instances/le450_15c.col;450;16680;random
234;82688934;932;10000;25;15;instances/le450_15c.col;450;16680;random
223;82006316;911;10000;25;15;instances/le450_15c.col;450;16680;random
232;81484121;1191;10000;25;15;instances/le450_15c.col;450;16680;random
235;81818246;867;10000;25;15;instances/le450_15c.col;450;16680;random
206;80714095;1732;10000;25;15;instances/le450_15c.col;450;16680;random
210;76223109;1007;10000;25;15;instances/le450_15c.col;450;16680;random
224;79925403;993;10000;25;15;instances/le450_15c.col;450;16680;random
232;80894293;690;10000;25;15;instances/le450_15c.col;450;16680;random
259;84095800;486;10000;25;15;instances/le450_15c.col;450;16680;random
236;81259457;944;10000;25;15;instances/le450_15c.col;450;16680;random
226;77031096;662;10000;25;15;instances/le450_15c.col;450;16680;random
236;82246676;664;10000;25;15;instances/le450_15c.col;450;16680;random
245;80762994;517;10000;25;15;instances/le450_15c.col;450;16680;random
234;82688603;1067;10000;25;15;instances/le450_15c.col;450;16680;random
239;81015583;732;10000;25;15;instances/le450_15c.col;450;16680;random
233;79632677;746;10000;25;15;instances/le450_15c.col;450;16680;random
223;80182445;988;10000;25;15;instances/le450_15c.col;450;16680;random
247;77912213;530;10000;25;15;instances/le450_15c.col;450;16680;random
235;87473607;1143;10000;25;15;instances/le450_15c.col;450;16680;random
258;83519351;632;10000;25;15;instances/le450_15c.col;450;16680;random
225;78154379;984;10000;25;15;instances/le450_15c.col;450;16680;random
229;82219056;1025;10000;25;15;instances/le450_15c.col;450;16680;random
238;81988509;961;10000;25;15;instances/le450_15c.col;450;16680;random
236;83175244;921;10000;25;15;instances/le450_15c.col;450;16680;random
221;72648034;611;10000;25;15;instances/le450_15c.col;450;16680;random
236;85316869;1115;10000;25;15;instances/le450_15c.col;450;16680;random
245;83684021;769;10000;25;15;instances/le450_15c.col;450;16680;random
219;77927348;827;10000;25;15;instances/le450_15c.col;450;16680;random
229;80116901;837;10000;25;15;instances/le450_15c.col;450;16680;random
218;81621081;1339;10000;25;15;instances/le450_15c.col;450;16680;random
202;72363809;931;10000;25;15;instances/le450_15c.col;450;16680;random
219;76000496;928;10000;25;15;instances/le450_15c.col;450;16680;random
234;86497591;1332;10000;25;15;instances/le450_15c.col;450;16680;random
242;81324446;709;10000;25;15;instances/le450_15c.col;450;16680;greedy
242;82479253;709;10000;25;15;instances/le450_15c.col;450;16680;greedy
242;80483706;709;10000;25;15;instances/le450_15c.col;450;16680;greedy
242;81459955;709;10000;25;15;instances/le450_15c.col;450;16680;greedy
242;80426405;709;10000;25;15;instances/le450_15c.col;450;16680;greedy
242;80047520;709;10000;25;15;instances/le450_15c.col;450;16680;greedy
242;81945185;709;10000;25;15;instances/le450_15c.col;450;16680;greedy
242;81743395;709;10000;25;15;instances/le450_15c.col;450;16680;greedy
242;82402554;709;10000;25;15;instances/le450_15c.col;450;16680;greedy
242;81168913;709;10000;25;15;instances/le450_15c.col;450;16680;greedy
