10;5089292;75;10000;25;42;instances/miles1000.col;128;6432;random
10;4943229;39;10000;25;42;instances/miles1000.col;128;6432;random
8;6916561;71;10000;25;42;instances/miles1000.col;128;6432;random
10;4930510;67;10000;25;42;instances/miles1000.col;128;6432;random
8;4025978;67;10000;25;42;instances/miles1000.col;128;6432;random
4;2381413;82;10000;25;42;instances/miles1000.col;128;6432;random
10;4789523;47;10000;25;42;instances/miles1000.col;128;6432;random
10;4904297;68;10000;25;42;instances/miles1000.col;128;6432;random
6;2971016;60;10000;25;42;instances/miles1000.col;128;6432;random
6;2996165;51;10000;25;42;instances/miles1000.col;128;6432;random
8;6655625;42;10000;25;42;instances/miles1000.col;128;6432;random
6;3349626;52;10000;25;42;instances/miles1000.col;128;6432;random
4;2338256;45;10000;25;42;instances/miles1000.col;128;6432;random
6;3096313;46;10000;25;42;instances/miles1000.col;128;6432;random
8;3572877;67;10000;25;42;instances/miles1000.col;128;6432;random
8;3981345;44;10000;25;42;instances/miles1000.col;128;6432;random
8;4025401;80;10000;25;42;instances/miles1000.col;128;6432;random
8;3893847;61;10000;25;42;instances/miles1000.col;128;6432;random
4;2186457;65;10000;25;42;instances/miles1000.col;128;6432;random
6;3141439;67;10000;25;42;instances/miles1000.col;128;6432;random
8;6665772;52;10000;25;42;instances/miles1000.col;128;6432;random
8;3816774;53;10000;25;42;instances/miles1000.col;128;6432;random
6;3160420;79;10000;25;42;instances/miles1000.col;128;6432;random
10;4667220;56;10000;25;42;instances/miles1000.col;128;6432;random
6;2833181;51;10000;25;42;instances/miles1000.col;128;6432;random
6;2859262;51;10000;25;42;instances/miles1000.col;128;6432;random
6;3193100;60;10000;25;42;instances/miles1000.col;128;6432;random
8;4041296;38;10000;25;42;instances/miles1000.col;128;6432;random
6;3077307;54;10000;25;42;instances/miles1000.col;128;6432;random
8;6592294;45;10000;25;42;instances/miles1000.col;128;6432;random
6;3148487;51;10000;25;42;instances/miles1000.col;128;6432;random
6;3051421;55;10000;25;42;instances/miles1000.col;128;6432;random
6;3119011;55;10000;25;42;instances/miles1000.col;128;6432;random
8;4093834;40;10000;25;42;instances/miles1000.col;128;6432;random
4;2151003;62;10000;25;42;instances/miles1000.col;128;6432;random
10;4771975;45;10000;25;42;instances/miles1000.col;128;6432;random
12;5754801;43;10000;25;42;instances/miles1000.col;128;6432;random
8;6700249;44;10000;25;42;instances/miles1000.col;128;6432;random
6;3322937;41;10000;25;42;instances/miles1000.col;128;6432;random
8;4239085;52;10000;25;42;instances/miles1000.col;128;6432;random
4;2254502;72;10000;25;42;instances/miles1000.col;128;6432;random
10;4409928;43;10000;25;42;instances/miles1000.col;128;6432;random
6;2990419;73;10000;25;42;instances/miles1000.col;128;6432;random
6;3067236;49;10000;25;42;instances/miles1000.col;128;6432;random
8;4041282;58;10000;25;42;instances/miles1000.col;128;6432;random
4;2120943;84;10000;25;42;instances/miles1000.col;128;6432;random
4;2349320;57;10000;25;42;instances/miles1000.col;128;6432;random
4;4778251;53;10000;25;42;instances/miles1000.col;128;6432;random
6;3555888;67;10000;25;42;instances/miles1000.col;128;6432;random
10;4921885;39;10000;25;42;instances/miles1000.col;128;6432;random
4;2281959;81;10000;25;42;instances/miles1000.col;128;6432;random
8;3785176;54;10000;25;42;instances/miles1000.col;128;6432;random
6;2805714;41;10000;25;42;instances/miles1000.col;128;6432;random
8;3914804;45;10000;25;42;instances/miles1000.col;128;6432;random
8;3783153;68;10000;25;42;instances/miles1000.col;128;6432;random
8;3745017;37;10000;25;42;instances/miles1000.col;128;6432;random
8;6515343;43;10000;25;42;instances/miles1000.col;128;6432;random
8;4320208;66;10000;25;42;instances/miles1000.col;128;6432;random
8;3967055;59;10000;25;42;instances/miles1000.col;128;6432;random
8;3865123;47;10000;25;42;instances/miles1000.col;128;6432;random
10;4308887;41;10000;25;42;instances/miles1000.col;128;6432;random
6;2966288;72;10000;25;42;instances/miles1000.col;128;6432;random
6;2853439;48;10000;25;42;instances/miles1000.col;128;6432;random
10;4761881;68;10000;25;42;instances/miles1000.col;128;6432;random
6;2963679;56;10000;25;42;instances/miles1000.col;128;6432;random
8;6660793;52;10000;25;42;instances/miles1000.col;128;6432;random
6;3408275;73;10000;25;42;instances/miles1000.col;128;6432;random
6;2869743;45;10000;25;42;instances/miles1000.col;128;6432;random
10;4844183;42;10000;25;42;instances/miles1000.col;128;6432;random
6;2858823;66;10000;25;42;instances/miles1000.col;128;6432;random
4;2277275;65;10000;25;42;instances/miles1000.col;128;6432;random
10;4784691;52;10000;25;42;instances/miles1000.col;128;6432;random
8;4139717;66;10000;25;42;instances/miles1000.col;128;6432;random
4;2402133;86;10000;25;42;instances/miles1000.col;128;6432;random
6;5925966;52;10000;25;42;instances/miles1000.col;128;6432;random
10;4889147;68;10000;25;42;instances/miles1000.col;128;6432;random
6;2990710;56;10000;25;42;instances/miles1000.col;128;6432;random
8;3973896;95;10000;25;42;instances/miles1000.col;128;6432;random
8;3895977;44;10000;25;42;instances/miles1000.col;128;6432;random
8;3522392;62;10000;25;42;instances/miles1000.col;128;6432;random
8;4107379;46;10000;25;42;instances/miles1000.col;128;6432;random
8;3961286;66;10000;25;42;instances/miles1000.col;128;6432;random
10;7622052;75;10000;25;42;instances/miles1000.col;128;6432;random
8;3796737;42;10000;25;42;instances/miles1000.col;128;6432;random
4;2141715;57;10000;25;42;instances/miles1000.col;128;6432;random
12;5620803;44;10000;25;42;instances/miles1000.col;128;6432;random
6;3151645;64;10000;25;42;instances/miles1000.col;128;6432;random
8;3742584;40;10000;25;42;instances/miles1000.col;128;6432;random
8;4084718;65;10000;25;42;instances/miles1000.col;128;6432;random
8;3940194;42;10000;25;42;instances/miles1000.col;128;6432;random
8;6848581;66;10000;25;42;instances/miles1000.col;128;6432;random
12;6060499;44;10000;25;42;instances/miles1000.col;128;6432;random
8;4054224;82;10000;25;42;instances/miles1000.col;128;6432;random
12;5462411;37;10000;25;42;instances/miles1000.col;128;6432;random
8;3903332;43;10000;25;42;instances/miles1000.col;128;6432;random
6;3137280;56;10000;25;42;instances/miles1000.col;128;6432;random
8;3983597;63;10000;25;42;instances/miles1000.col;128;6432;random
4;2455004;64;10000;25;42;instances/miles1000.col;128;6432;random
6;5733864;46;10000;25;42;instances/miles1000.col;128;6432;random
6;2955116;64;10000;25;42;instances/miles1000.col;128;6432;random
4;2327820;0;10000;25;42;instances/miles1000.col;128;6432;greedy
4;2318821;0;10000;25;42;instances/miles1000.col;128;6432;greedy
4;2328826;0;10000;25;42;instances/miles1000.col;128;6432;greedy
4;3144871;0;10000;25;42;instances/miles1000.col;128;6432;greedy
4;2332034;0;10000;25;42;instances/miles1000.col;128;6432;greedy
4;2295509;0;10000;25;42;instances/miles1000.col;128;6432;greedy
4;2311265;0;10000;25;42;instances/miles1000.col;128;6432;greedy
4;2318385;0;10000;25;42;instances/miles1000.col;128;6432;greedy
4;2346232;0;10000;25;42;instances/miles1000.col;128;6432;greedy
4;2343705;0;10000;25;42;instances/miles1000.col;128;6432;greedy
