4;4331556;49;10000;25;73;instances/miles1500.col;128;10396;random
10;9477929;41;10000;25;73;instances/miles1500.col;128;10396;random
6;5875607;47;10000;25;73;instances/miles1500.col;128;10396;random
8;8285958;42;10000;25;73;instances/miles1500.col;128;10396;random
6;9088934;53;10000;25;73;instances/miles1500.col;128;10396;random
8;8267987;57;10000;25;73;instances/miles1500.col;128;10396;random
4;4436254;48;10000;25;73;instances/miles1500.col;128;10396;random
6;6301909;44;10000;25;73;instances/miles1500.col;128;10396;random
8;10666010;65;10000;25;73;instances/miles1500.col;128;10396;random
6;6400753;41;10000;25;73;instances/miles1500.col;128;10396;random
6;5824465;37;10000;25;73;instances/miles1500.col;128;10396;random
6;6032728;54;10000;25;73;instances/miles1500.col;128;10396;random
8;8021308;61;10000;25;73;instances/miles1500.col;128;10396;random
8;10474318;38;10000;25;73;instances/miles1500.col;128;10396;random
8;8255934;42;10000;25;73;instances/miles1500.col;128;10396;random
8;8214172;69;10000;25;73;instances/miles1500.col;128;10396;random
8;8225051;43;10000;25;73;instances/miles1500.col;128;10396;random
6;8709050;59;10000;25;73;instances/miles1500.col;128;10396;random
4;4561327;47;10000;25;73;instances/miles1500.col;128;10396;random
6;6363504;52;10000;25;73;instances/miles1500.col;128;10396;random
6;6225219;53;10000;25;73;instances/miles1500.col;128;10396;random
8;8130448;41;10000;25;73;instances/miles1500.col;128;10396;random
6;8668144;37;10000;25;73;instances/miles1500.col;128;10396;random
6;6424092;48;10000;25;73;instances/miles1500.col;128;10396;random
4;4476521;43;10000;25;73;instances/miles1500.col;128;10396;random
6;6146803;41;10000;25;73;instances/miles1500.col;128;10396;random
8;8237679;46;10000;25;73;instances/miles1500.col;128;10396;random
8;10559245;43;10000;25;73;instances/miles1500.col;128;10396;random
8;8119742;38;10000;25;73;instances/miles1500.col;128;10396;random
4;4525223;57;10000;25;73;instances/miles1500.col;128;10396;random
10;9952218;55;10000;25;73;instances/miles1500.col;128;10396;random
6;6228752;64;10000;25;73;instances/miles1500.col;128;10396;random
6;8555279;43;10000;25;73;instances/miles1500.col;128;10396;random
8;8625055;38;10000;25;73;instances/miles1500.col;128;10396;random
4;4471013;60;10000;25;73;instances/miles1500.col;128;10396;random
4;4721265;47;10000;25;73;instances/miles1500.col;128;10396;random
8;8395241;41;10000;25;73;instances/miles1500.col;128;10396;random
4;7014100;46;10000;25;73;instances/miles1500.col;128;10396;random
10;10007974;45;10000;25;73;instances/miles1500.col;128;10396;random
10;10231877;45;10000;25;73;instances/miles1500.col;128;10396;random
6;6141456;48;10000;25;73;instances/miles1500.col;128;10396;random
8;10578951;43;10000;25;73;instances/miles1500.col;128;10396;random
4;4511352;56;10000;25;73;instances/miles1500.col;128;10396;random
8;8413854;71;10000;25;73;instances/miles1500.col;128;10396;random
4;4625554;46;10000;25;73;instances/miles1500.col;128;10396;random
14;15973402;43;10000;25;73;instances/miles1500.col;128;10396;random
8;7626389;67;10000;25;73;instances/miles1500.col;128;10396;random
6;6075327;43;10000;25;73;instances/miles1500.col;128;10396;random
6;6570883;52;10000;25;73;instances/miles1500.col;128;10396;random
12;14309061;37;10000;25;73;instances/miles1500.col;128;10396;random
6;6476908;59;10000;25;73;instances/miles1500.col;128;10396;random
8;8286151;55;10000;25;73;instances/miles1500.col;128;10396;random
8;8163397;47;10000;25;73;instances/miles1500.col;128;10396;random
4;4715695;61;10000;25;73;instances/miles1500.col;128;10396;random
10;12358808;47;10000;25;73;instances/miles1500.col;128;10396;random
6;6615970;46;10000;25;73;instances/miles1500.col;128;10396;random
8;8168349;47;10000;25;73;instances/miles1500.col;128;10396;random
6;6600402;47;10000;25;73;instances/miles1500.col;128;10396;random
6;8878548;42;10000;25;73;instances/miles1500.col;128;10396;random
4;4681673;59;10000;25;73;instances/miles1500.col;128;10396;random
10;9896123;58;10000;25;73;instances/miles1500.col;128;10396;random
8;8104230;43;10000;25;73;instances/miles1500.col;128;10396;random
2;2941326;43;10000;25;73;instances/miles1500.col;128;10396;random
4;7110979;107;10000;25;73;instances/miles1500.col;128;10396;random
6;6742062;62;10000;25;73;instances/miles1500.col;128;10396;random
6;6253322;35;10000;25;73;instances/miles1500.col;128;10396;random
8;8094676;57;10000;25;73;instances/miles1500.col;128;10396;random
10;13064502;76;10000;25;73;instances/miles1500.col;128;10396;random
6;6080079;40;10000;25;73;instances/miles1500.col;128;10396;random
2;2918586;46;10000;25;73;instances/miles1500.col;128;10396;random
10;10389267;54;10000;25;73;instances/miles1500.col;128;10396;random
6;6273890;38;10000;25;73;instances/miles1500.col;128;10396;random
6;8247525;63;10000;25;73;instances/miles1500.col;128;10396;random
6;6290933;42;10000;25;73;instances/miles1500.col;128;10396;random
6;6206525;47;10000;25;73;instances/miles1500.col;128;10396;random
4;4434452;42;10000;25;73;instances/miles1500.col;128;10396;random
8;7828834;67;10000;25;73;instances/miles1500.col;128;10396;random
8;10883367;42;10000;25;73;instances/miles1500.col;128;10396;random
6;6489487;53;10000;25;73;instances/miles1500.col;128;10396;random
4;4644216;55;10000;25;73;instances/miles1500.col;128;10396;random
6;6547119;67;10000;25;73;instances/miles1500.col;128;10396;random
6;6430618;68;10000;25;73;instances/miles1500.col;128;10396;random
4;4708561;57;10000;25;73;instances/miles1500.col;128;10396;random
8;10728436;44;10000;25;73;instances/miles1500.col;128;10396;random
8;7711412;42;10000;25;73;instances/miles1500.col;128;10396;random
8;8016369;48;10000;25;73;instances/miles1500.col;128;10396;random
4;4717256;60;10000;25;73;instances/miles1500.col;128;10396;random
6;8746698;43;10000;25;73;instances/miles1500.col;128;10396;random
6;6139039;41;10000;25;73;instances/miles1500.col;128;10396;random
6;6252011;45;10000;25;73;instances/miles1500.col;128;10396;random
6;6293363;49;10000;25;73;instances/miles1500.col;128;10396;random
8;8239135;47;10000;25;73;instances/miles1500.col;128;10396;random
8;10457839;64;10000;25;73;instances/miles1500.col;128;10396;random
10;9916769;34;10000;25;73;instances/miles1500.col;128;10396;random
8;8154922;39;10000;25;73;instances/miles1500.col;128;10396;random
4;4583161;44;10000;25;73;instances/miles1500.col;128;10396;random
10;12688497;49;10000;25;73;instances/miles1500.col;128;10396;random
8;8184114;60;10000;25;73;instances/miles1500.col;128;10396;random
6;6317120;46;10000;25;73;instances/miles1500.col;128;10396;random
10;9905809;42;10000;25;73;instances/miles1500.col;128;10396;random
6;6493144;0;10000;25;73;instances/miles1500.col;128;10396;greedy
6;6526657;0;10000;25;73;instances/miles1500.col;128;10396;greedy
6;7311635;0;10000;25;73;instances/miles1500.col;128;10396;greedy
6;6562064;0;10000;25;73;instances/miles1500.col;128;10396;greedy
6;6529354;0;10000;25;73;instances/miles1500.col;128;10396;greedy
6;6535185;0;10000;25;73;instances/miles1500.col;128;10396;greedy
6;6563481;0;10000;25;73;instances/miles1500.col;128;10396;greedy
6;7344546;0;10000;25;73;instances/miles1500.col;128;10396;greedy
6;6489544;0;10000;25;73;instances/miles1500.col;128;10396;greedy
6;6488049;0;10000;25;73;instances/miles1500.col;128;10396;greedy
