4;1381083;45;10000;25;31;instances/miles750.col;128;4226;random
4;1381811;39;10000;25;31;instances/miles750.col;128;4226;random
10;5478692;34;10000;25;31;instances/miles750.col;128;4226;random
10;2920521;41;10000;25;31;instances/miles750.col;128;4226;random
6;1918107;38;10000;25;31;instances/miles750.col;128;4226;random
6;1818892;54;10000;25;31;instances/miles750.col;128;4226;random
12;3430205;68;10000;25;31;instances/miles750.col;128;4226;random
4;1360417;46;10000;25;31;instances/miles750.col;128;4226;random
8;2346008;41;10000;25;31;instances/miles750.col;128;4226;random
8;2365677;51;10000;25;31;instances/miles750.col;128;4226;random
6;1803218;60;10000;25;31;instances/miles750.col;128;4226;random
4;1316703;96;10000;25;31;instances/miles750.col;128;4226;random
8;2221386;49;10000;25;31;instances/miles750.col;128;4226;random
4;1325016;36;10000;25;31;instances/miles750.col;128;4226;random
6;1792553;37;10000;25;31;instances/miles750.col;128;4226;random
6;1778541;57;10000;25;31;instances/miles750.col;128;4226;random
6;1853278;91;10000;25;31;instances/miles750.col;128;4226;random
6;1835930;53;10000;25;31;instances/miles750.col;128;4226;random
6;4395123;55;10000;25;31;instances/miles750.col;128;4226;random
6;2018429;43;10000;25;31;instances/miles750.col;128;4226;random
8;2502930;46;10000;25;31;instances/miles750.col;128;4226;random
4;1446860;64;10000;25;31;instances/miles750.col;128;4226;random
8;2238773;40;10000;25;31;instances/miles750.col;128;4226;random
8;2305069;42;10000;25;31;instances/miles750.col;128;4226;random
6;1822048;61;10000;25;31;instances/miles750.col;128;4226;random
6;1821140;92;10000;25;31;instances/miles750.col;128;4226;random
6;1781173;48;10000;25;31;instances/miles750.col;128;4226;random
8;2179676;92;10000;25;31;instances/miles750.col;128;4226;random
8;2284774;41;10000;25;31;instances/miles750.col;128;4226;random
6;1932228;53;10000;25;31;instances/miles750.col;128;4226;random
6;1887331;46;10000;25;31;instances/miles750.col;128;4226;random
6;1853002;53;10000;25;31;instances/miles750.col;128;4226;random
4;1435334;73;10000;25;31;instances/miles750.col;128;4226;random
6;1726764;40;10000;25;31;instances/miles750.col;128;4226;random
8;2434625;46;10000;25;31;instances/miles750.col;128;4226;random
10;5334524;57;10000;25;31;instances/miles750.col;128;4226;random
4;1364501;43;10000;25;31;instances/miles750.col;128;4226;random
8;2483236;37;10000;25;31;instances/miles750.col;128;4226;random
6;1829706;54;10000;25;31;instances/miles750.col;128;4226;random
4;1381954;63;10000;25;31;instances/miles750.col;128;4226;random
6;1911244;58;10000;25;31;instances/miles750.col;128;4226;random
6;1754337;53;10000;25;31;instances/miles750.col;128;4226;random
4;1284321;42;10000;25;31;instances/miles750.col;128;4226;random
10;2750415;38;10000;25;31;instances/miles750.col;128;4226;random
6;1707559;37;10000;25;31;instances/miles750.col;128;4226;random
8;2225438;39;10000;25;31;instances/miles750.col;128;4226;random
10;2772356;47;10000;25;31;instances/miles750.col;128;4226;random
6;1797296;42;10000;25;31;instances/miles750.col;128;4226;random
8;2309654;38;10000;25;31;instances/miles750.col;128;4226;random
6;1772902;58;10000;25;31;instances/miles750.col;128;4226;random
8;4894061;64;10000;25;31;instances/miles750.col;128;4226;random
8;2452108;52;10000;25;31;instances/miles750.col;128;4226;random
6;1998686;41;10000;25;31;instances/miles750.col;128;4226;random
4;1435601;67;10000;25;31;instances/miles750.col;128;4226;random
6;1823392;54;10000;25;31;instances/miles750.col;128;4226;random
10;2788096;43;10000;25;31;instances/miles750.col;128;4226;random
8;2314217;65;10000;25;31;instances/miles750.col;128;4226;random
6;1919220;67;10000;25;31;instances/miles750.col;128;4226;random
6;1766513;58;10000;25;31;instances/miles750.col;128;4226;random
6;1783442;43;10000;25;31;instances/miles750.col;128;4226;random
4;1315827;41;10000;25;31;instances/miles750.col;128;4226;random
4;1405861;58;10000;25;31;instances/miles750.col;128;4226;random
8;2206898;45;10000;25;31;instances/miles750.col;128;4226;random
8;2391145;38;10000;25;31;instances/miles750.col;128;4226;random
6;1920205;65;10000;25;31;instances/miles750.col;128;4226;random
4;1360693;51;10000;25;31;instances/miles750.col;128;4226;random
6;1762661;45;10000;25;31;instances/miles750.col;128;4226;random
6;4326830;46;10000;25;31;instances/miles750.col;128;4226;random
8;2456277;80;10000;25;31;instances/miles750.col;128;4226;random
6;2042217;42;10000;25;31;instances/miles750.col;128;4226;random
4;1501036;61;10000;25;31;instances/miles750.col;128;4226;random
6;1903593;65;10000;25;31;instances/miles750.col;128;4226;random
4;1310555;40;10000;25;31;instances/miles750.col;128;4226;random
8;2309117;82;10000;25;31;instances/miles750.col;128;4226;random
6;1811609;76;10000;25;31;instances/miles750.col;128;4226;random
6;1898779;97;10000;25;31;instances/miles750.col;128;4226;random
4;1313502;48;10000;25;31;instances/miles750.col;128;4226;random
8;2244585;40;10000;25;31;instances/miles750.col;128;4226;random
6;1731490;93;10000;25;31;instances/miles750.col;128;4226;random
4;1369446;78;10000;25;31;instances/miles750.col;128;4226;random
8;2291170;37;10000;25;31;instances/miles750.col;128;4226;random
8;2331410;56;10000;25;31;instances/miles750.col;128;4226;random
4;1311969;72;10000;25;31;instances/miles750.col;128;4226;random
6;1782073;65;10000;25;31;instances/miles750.col;128;4226;random
10;5382059;40;10000;25;31;instances/miles750.col;128;4226;random
8;2344485;57;10000;25;31;instances/miles750.col;128;4226;random
4;1338997;58;10000;25;31;instances/miles750.col;128;4226;random
6;1894763;64;10000;25;31;instances/miles750.col;128;4226;random
6;1707459;62;10000;25;31;instances/miles750.col;128;4226;random
6;1734130;73;10000;25;31;instances/miles750.col;128;4226;random
6;1844947;44;10000;25;31;instances/miles750.col;128;4226;random
4;1258024;42;10000;25;31;instances/miles750.col;128;4226;random
6;1804950;55;10000;25;31;instances/miles750.col;128;4226;random
4;1386756;53;10000;25;31;instances/miles750.col;128;4226;random
6;1836530;46;10000;25;31;instances/miles750.col;128;4226;random
6;1759205;34;10000;25;31;instances/miles750.col;128;4226;random
4;1332624;70;10000;25;31;instances/miles750.col;128;4226;random
6;1886104;71;10000;25;31;instances/miles750.col;128;4226;random
8;2325506;34;10000;25;31;instances/miles750.col;128;4226;random
4;1307123;40;10000;25;31;instances/miles750.col;128;4226;random
4;1355210;1;10000;25;31;instances/miles750.col;128;4226;greedy
4;1351950;1;10000;25;31;instances/miles750.col;128;4226;greedy
4;1374873;1;10000;25;31;instances/miles750.col;128;4226;greedy
4;1393004;1;10000;25;31;instances/miles750.col;128;4226;greedy
4;1396636;1;10000;25;31;instances/miles750.col;128;4226;greedy
4;2181088;1;10000;25;31;instances/miles750.col;128;4226;greedy
4;1364497;1;10000;25;31;instances/miles750.col;128;4226;greedy
4;1362428;1;10000;25;31;instances/miles750.col;128;4226;greedy
4;1371844;1;10000;25;31;instances/miles750.col;128;4226;greedy
4;1363563;1;10000;25;31;instances/miles750.col;128;4226;greedy
