32;134282332;2437;10000;25;40;instances/qg.order40.col;1600;62400;random
27;124131438;1733;10000;25;40;instances/qg.order40.col;1600;62400;random
26;123959169;2240;10000;25;40;instances/qg.order40.col;1600;62400;random
14;106212925;2706;10000;25;40;instances/qg.order40.col;1600;62400;random
26;116887458;1723;10000;25;40;instances/qg.order40.col;1600;62400;random
33;131145098;1763;10000;25;40;instances/qg.order40.col;1600;62400;random
27;125613173;2959;10000;25;40;instances/qg.order40.col;1600;62400;random
30;121813539;1678;10000;25;40;instances/qg.order40.col;1600;62400;random
26;116325878;2060;10000;25;40;instances/qg.order40.col;1600;62400;random
26;125975278;2249;10000;25;40;instances/qg.order40.col;1600;62400;random
23;113825474;1799;10000;25;40;instances/qg.order40.col;1600;62400;random
32;125116840;1832;10000;25;40;instances/qg.order40.col;1600;62400;random
23;117539594;2433;10000;25;40;instances/qg.order40.col;1600;62400;random
28;122664944;2059;10000;25;40;instances/qg.order40.col;1600;62400;random
29;123407535;1727;10000;25;40;instances/qg.order40.col;1600;62400;random
27;122037027;1709;10000;25;40;instances/qg.order40.col;1600;62400;random
29;120287854;1407;10000;25;40;instances/qg.order40.col;1600;62400;random
32;130298099;1851;10000;25;40;instances/qg.order40.col;1600;62400;random
28;126289693;2658;10000;25;40;instances/qg.order40.col;1600;62400;random
22;111526292;1987;10000;25;40;instances/qg.order40.col;1600;62400;random
28;125593304;2225;10000;25;40;instances/qg.order40.col;1600;62400;random
30;125874001;2164;10000;25;40;instances/qg.order40.col;1600;62400;random
30;126010663;2277;10000;25;40;instances/qg.order40.col;1600;62400;random
25;119004881;1750;10000;25;40;instances/qg.order40.col;1600;62400;random
32;131834220;1646;10000;25;40;instances/qg.order40.col;1600;62400;random
24;114904981;2063;10000;25;40;instances/qg.order40.col;1600;62400;random
27;117631050;1955;10000;25;40;instances/qg.order40.col;1600;62400;random
23;117688808;2171;10000;25;40;instances/qg.order40.col;1600;62400;random
32;120811434;1705;10000;25;40;instances/qg.order40.col;1600;62400;random
27;121494707;2619;10000;25;40;instances/qg.order40.col;1600;62400;random
33;139187084;2420;10000;25;40;instances/qg.order40.col;1600;62400;random
23;114483919;1884;10000;25;40;instances/qg.order40.col;1600;62400;random
32;129337321;2026;10000;25;40;instances/qg.order40.col;1600;62400;random
34;137933623;2369;10000;25;40;instances/qg.order40.col;1600;62400;random
20;107116514;2360;10000;25;40;instances/qg.order40.col;1600;62400;random
24;119821570;2296;10000;25;40;instances/qg.order40.col;1600;62400;random
22;117101702;3054;10000;25;40;instances/qg.order40.col;1600;62400;random
26;119982194;1679;10000;25;40;instances/qg.order40.col;1600;62400;random
17;110911690;2494;10000;25;40;instances/qg.order40.col;1600;62400;random
24;109992640;1900;10000;25;40;instances/qg.order40.col;1600;62400;random
29;130126848;1921;10000;25;40;instances/qg.order40.col;1600;62400;random
33;133657229;1878;10000;25;40;instances/qg.order40.col;1600;62400;random
31;124831988;1965;10000;25;40;instances/qg.order40.col;1600;62400;random
29;125333980;2455;10000;25;40;instances/qg.order40.col;1600;62400;random
25;113541771;2004;10000;25;40;instances/qg.order40.col;1600;62400;random
30;133487740;2217;10000;25;40;instances/qg.order40.col;1600;62400;random
28;127084495;2594;10000;25;40;instances/qg.order40.col;1600;62400;random
16;108174233;2521;10000;25;40;instances/qg.order40.col;1600;62400;random
23;114183873;2046;10000;25;40;instances/qg.order40.col;1600;62400;random
29;126430248;2201;10000;25;40;instances/qg.order40.col;1600;62400;random
26;112802600;1996;10000;25;40;instances/qg.order40.col;1600;62400;random
31;126655680;1967;10000;25;40;instances/qg.order40.col;1600;62400;random
26;119695726;1948;10000;25;40;instances/qg.order40.col;1600;62400;random
28;125748459;2280;10000;25;40;instances/qg.order40.col;1600;62400;random
29;125127204;1873;10000;25;40;instances/qg.order40.col;1600;62400;random
23;118101433;2647;10000;25;40;instances/qg.order40.col;1600;62400;random
25;125209697;3100;10000;25;40;instances/qg.order40.col;1600;62400;random
26;123261404;2671;10000;25;40;instances/qg.order40.col;1600;62400;random
28;120416961;1860;10000;25;40;instances/qg.order40.col;1600;62400;random
29;131110250;3308;10000;25;40;instances/qg.order40.col;1600;62400;random
28;128104833;2050;10000;25;40;instances/qg.order40.col;1600;62400;random
27;120748368;1949;10000;25;40;instances/qg.order40.col;1600;62400;random
34;144084815;2084;10000;25;40;instances/qg.order40.col;1600;62400;random
22;114949820;1982;10000;25;40;instances/qg.order40.col;1600;62400;random
27;119421065;2406;10000;25;40;instances/qg.order40.col;1600;62400;random
25;115826493;1875;10000;25;40;instances/qg.order40.col;1600;62400;random
23;116616188;2466;10000;25;40;instances/qg.order40.col;1600;62400;random
24;112135272;1889;10000;25;40;instances/qg.order40.col;1600;62400;random
23;120076824;2746;10000;25;40;instances/qg.order40.col;1600;62400;random
26;125207908;2741;10000;25;40;instances/qg.order40.col;1600;62400;random
29;126082647;1901;10000;25;40;instances/qg.order40.col;1600;62400;random
28;124009776;1973;10000;25;40;instances/qg.order40.col;1600;62400;random
23;122823679;2859;10000;25;40;instances/qg.order40.col;1600;62400;random
24;108971322;1887;10000;25;40;instances/qg.order40.col;1600;62400;random
32;127732993;1411;10000;25;40;instances/qg.order40.col;1600;62400;random
34;141223566;2089;10000;25;40;instances/qg.order40.col;1600;62400;random
22;113714068;2356;10000;25;40;instances/qg.order40.col;1600;62400;random
29;130385368;2311;10000;25;40;instances/qg.order40.col;1600;62400;random
22;117597070;3408;10000;25;40;instances/qg.order40.col;1600;62400;random
20;111361992;1800;10000;25;40;instances/qg.order40.col;1600;62400;random
29;126394189;1729;10000;25;40;instances/qg.order40.col;1600;62400;random
30;126609821;2107;10000;25;40;instances/qg.order40.col;1600;62400;random
19;104426579;2748;10000;25;40;instances/qg.order40.col;1600;62400;random
22;110297472;2099;10000;25;40;instances/qg.order40.col;1600;62400;random
24;119900635;2400;10000;25;40;instances/qg.order40.col;1600;62400;random
26;115921323;2180;10000;25;40;instances/qg.order40.col;1600;62400;random
31;127015255;1788;10000;25;40;instances/qg.order40.col;1600;62400;random
27;114313813;2153;10000;25;40;instances/qg.order40.col;1600;62400;random
25;113177625;1735;10000;25;40;instances/qg.order40.col;1600;62400;random
24;114538479;2328;10000;25;40;instances/qg.order40.col;1600;62400;random
28;120950470;1675;10000;25;40;instances/qg.order40.col;1600;62400;random
33;127548777;1866;10000;25;40;instances/qg.order40.col;1600;62400;random
32;133502637;1836;10000;25;40;instances/qg.order40.col;1600;62400;random
26;122675327;2124;10000;25;40;instances/qg.order40.col;1600;62400;random
22;111461398;1841;10000;25;40;instances/qg.order40.col;1600;62400;random
30;126834653;2037;10000;25;40;instances/qg.order40.col;1600;62400;random
26;115627160;1952;10000;25;40;instances/qg.order40.col;1600;62400;random
26;116342910;1906;10000;25;40;instances/qg.order40.col;1600;62400;random
25;122640345;2167;10000;25;40;instances/qg.order40.col;1600;62400;random
26;123900993;2581;10000;25;40;instances/qg.order40.col;1600;62400;random
108;363930560;3790;10000;25;40;instances/qg.order40.col;1600;62400;greedy
108;362940841;3790;10000;25;40;instances/qg.order40.col;1600;62400;greedy
108;362115706;3790;10000;25;40;instances/qg.order40.col;1600;62400;greedy
108;363191811;3790;10000;25;40;instances/qg.order40.col;1600;62400;greedy
108;363007609;3790;10000;25;40;instances/qg.order40.col;1600;62400;greedy
108;362903324;3790;10000;25;40;instances/qg.order40.col;1600;62400;greedy
108;362068380;3790;10000;25;40;instances/qg.order40.col;1600;62400;greedy
108;363577087;3790;10000;25;40;instances/qg.order40.col;1600;62400;greedy
108;363066830;3790;10000;25;40;instances/qg.order40.col;1600;62400;greedy
108;358816168;3790;10000;25;40;instances/qg.order40.col;1600;62400;greedy
