50;1419495568;4697;10000;25;60;instances/qg.order60.col;3600;212400;random
45;1383466050;5976;10000;25;60;instances/qg.order60.col;3600;212400;random
61;1566386723;5487;10000;25;60;instances/qg.order60.col;3600;212400;random
40;1409389192;5311;10000;25;60;instances/qg.order60.col;3600;212400;random
47;1417021786;5512;10000;25;60;instances/qg.order60.col;3600;212400;random
57;1493508753;5591;10000;25;60;instances/qg.order60.col;3600;212400;random
49;1386921699;6826;10000;25;60;instances/qg.order60.col;3600;212400;random
55;1453750164;4689;10000;25;60;instances/qg.order60.col;3600;212400;random
56;1475794351;5453;10000;25;60;instances/qg.order60.col;3600;212400;random
51;1467991889;5792;10000;25;60;instances/qg.order60.col;3600;212400;random
41;1407574648;6418;10000;25;60;instances/qg.order60.col;3600;212400;random
58;1443698431;5146;10000;25;60;instances/qg.order60.col;3600;212400;random
47;1488287581;9682;10000;25;60;instances/qg.order60.col;3600;212400;random
60;1472556659;5213;10000;25;60;instances/qg.order60.col;3600;212400;random
48;1379744411;4517;10000;25;60;instances/qg.order60.col;3600;212400;random
52;1435636220;5716;10000;25;60;instances/qg.order60.col;3600;212400;random
42;1409444598;6195;10000;25;60;instances/qg.order60.col;3600;212400;random
46;1437352967;6519;10000;25;60;instances/qg.order60.col;3600;212400;random
44;1426360865;5625;10000;25;60;instances/qg.order60.col;3600;212400;random
50;1428844451;6190;10000;25;60;instances/qg.order60.col;3600;212400;random
48;1413203069;5176;10000;25;60;instances/qg.order60.col;3600;212400;random
47;1421926434;4438;10000;25;60;instances/qg.order60.col;3600;212400;random
55;1459390915;4710;10000;25;60;instances/qg.order60.col;3600;212400;random
44;1419240634;5808;10000;25;60;instances/qg.order60.col;3600;212400;random
52;1423466855;5859;10000;25;60;instances/qg.order60.col;3600;212400;random
40;1342909423;5902;10000;25;60;instances/qg.order60.col;3600;212400;random
61;1515445393;5156;10000;25;60;instances/qg.order60.col;3600;212400;random
55;1463293771;4510;10000;25;60;instances/qg.order60.col;3600;212400;random
50;1411530574;7281;10000;25;60;instances/qg.order60.col;3600;212400;random
64;1455185276;4958;10000;25;60;instances/qg.order60.col;3600;212400;random
53;1448803761;6639;10000;25;60;instances/qg.order60.col;3600;212400;random
54;1388779167;4349;10000;25;60;instances/qg.order60.col;3600;212400;random
46;1383126658;5185;10000;25;60;instances/qg.order60.col;3600;212400;random
49;1482546438;7704;10000;25;60;instances/qg.order60.col;3600;212400;random
56;1482021650;5099;10000;25;60;instances/qg.order60.col;3600;212400;random
45;1398499219;4835;10000;25;60;instances/qg.order60.col;3600;212400;random
58;1406728914;3635;10000;25;60;instances/qg.order60.col;3600;212400;random
43;1375493794;6674;10000;25;60;instances/qg.order60.col;3600;212400;random
49;1392100752;4904;10000;25;60;instances/qg.order60.col;3600;212400;random
45;1346776590;6913;10000;25;60;instances/qg.order60.col;3600;212400;random
54;1485696717;5613;10000;25;60;instances/qg.order60.col;3600;212400;random
62;1534704297;3894;10000;25;60;instances/qg.order60.col;3600;212400;random
38;1407574685;5701;10000;25;60;instances/qg.order60.col;3600;212400;random
43;1449970039;7583;10000;25;60;instances/qg.order60.col;3600;212400;random
49;1480448239;5918;10000;25;60;instances/qg.order60.col;3600;212400;random
44;1382880386;4631;10000;25;60;instances/qg.order60.col;3600;212400;random
42;1446078118;7710;10000;25;60;instances/qg.order60.col;3600;212400;random
46;1434522197;5729;10000;25;60;instances/qg.order60.col;3600;212400;random
53;1532388196;6282;10000;25;60;instances/qg.order60.col;3600;212400;random
47;1452042456;6400;10000;25;60;instances/qg.order60.col;3600;212400;random
52;1491543811;5615;10000;25;60;instances/qg.order60.col;3600;212400;random
44;1432959213;6044;10000;25;60;instances/qg.order60.col;3600;212400;random
60;1461189968;6362;10000;25;60;instances/qg.order60.col;3600;212400;random
53;1444618821;5639;10000;25;60;instances/qg.order60.col;3600;212400;random
55;1463886234;5278;10000;25;60;instances/qg.order60.col;3600;212400;random
56;1440372191;5609;10000;25;60;instances/qg.order60.col;3600;212400;random
50;1436261204;5106;10000;25;60;instances/qg.order60.col;3600;212400;random
53;1501141555;5559;10000;25;60;instances/qg.order60.col;3600;212400;random
46;1415143528;5537;10000;25;60;instances/qg.order60.col;3600;212400;random
58;1440988296;5163;10000;25;60;instances/qg.order60.col;3600;212400;random
55;1458107888;4406;10000;25;60;instances/qg.order60.col;3600;212400;random
42;1423096374;8057;10000;25;60;instances/qg.order60.col;3600;212400;random
47;1392208417;4605;10000;25;60;instances/qg.order60.col;3600;212400;random
44;1383710935;7087;10000;25;60;instances/qg.order60.col;3600;212400;random
45;1443809224;6536;10000;25;60;instances/qg.order60.col;3600;212400;random
53;1472057253;4607;10000;25;60;instances/qg.order60.col;3600;212400;random
47;1383329365;6016;10000;25;60;instances/qg.order60.col;3600;212400;random
44;1451801541;6444;10000;25;60;instances/qg.order60.col;3600;212400;random
54;1480056913;5864;10000;25;60;instances/qg.order60.col;3600;212400;random
60;1532876776;5739;10000;25;60;instances/qg.order60.col;3600;212400;random
49;1385199792;4494;10000;25;60;instances/qg.order60.col;3600;212400;random
43;1366894282;5313;10000;25;60;instances/qg.order60.col;3600;212400;random
57;1469194109;5085;10000;25;60;instances/qg.order60.col;3600;212400;random
57;1407740329;4523;10000;25;60;instances/qg.order60.col;3600;212400;random
53;1452354046;4962;10000;25;60;instances/qg.order60.col;3600;212400;random
58;1442490426;4788;10000;25;60;instances/qg.order60.col;3600;212400;random
54;1487178948;5713;10000;25;60;instances/qg.order60.col;3600;212400;random
45;1494113366;8308;10000;25;60;instances/qg.order60.col;3600;212400;random
62;1493992529;5169;10000;25;60;instances/qg.order60.col;3600;212400;random
55;1473741062;4665;10000;25;60;instances/qg.order60.col;3600;212400;random
38;1355511713;6171;10000;25;60;instances/qg.order60.col;3600;212400;random
50;1449522757;4466;10000;25;60;instances/qg.order60.col;3600;212400;random
50;1502067474;7993;10000;25;60;instances/qg.order60.col;3600;212400;random
54;1446263729;5159;10000;25;60;instances/qg.order60.col;3600;212400;random
47;1465450458;7151;10000;25;60;instances/qg.order60.col;3600;212400;random
40;1368085218;5862;10000;25;60;instances/qg.order60.col;3600;212400;random
56;1509133152;5797;10000;25;60;instances/qg.order60.col;3600;212400;random
55;1474337485;5257;10000;25;60;instances/qg.order60.col;3600;212400;random
54;1417808258;4473;10000;25;60;instances/qg.order60.col;3600;212400;random
47;1406563346;6402;10000;25;60;instances/qg.order60.col;3600;212400;random
52;1464456220;5131;10000;25;60;instances/qg.order60.col;3600;212400;random
52;1529850063;7300;10000;25;60;instances/qg.order60.col;3600;212400;random
60;1468510718;5117;10000;25;60;instances/qg.order60.col;3600;212400;random
53;1455206158;6351;10000;25;60;instances/qg.order60.col;3600;212400;random
53;1421570716;5445;10000;25;60;instances/qg.order60.col;3600;212400;random
50;1465423089;5408;10000;25;60;instances/qg.order60.col;3600;212400;random
58;1518552597;5016;10000;25;60;instances/qg.order60.col;3600;212400;random
56;1456670321;4334;10000;25;60;instances/qg.order60.col;3600;212400;random
42;1450771105;7229;10000;25;60;instances/qg.order60.col;3600;212400;random
52;1419583196;5453;10000;25;60;instances/qg.order60.col;3600;212400;random
0;4100749;176;10000;25;60;instances/qg.order60.col;3600;212400;greedy
0;5071260;176;10000;25;60;instances/qg.order60.col;3600;212400;greedy
0;4166350;176;10000;25;60;instances/qg.order60.col;3600;212400;greedy
0;4099260;176;10000;25;60;instances/qg.order60.col;3600;212400;greedy
0;4113136;176;10000;25;60;instances/qg.order60.col;3600;212400;greedy
0;4076594;176;10000;25;60;instances/qg.order60.col;3600;212400;greedy
0;4124774;176;10000;25;60;instances/qg.order60.col;3600;212400;greedy
0;4112919;176;10000;25;60;instances/qg.order60.col;3600;212400;greedy
0;5138779;176;10000;25;60;instances/qg.order60.col;3600;212400;greedy
0;4209483;176;10000;25;60;instances/qg.order60.col;3600;212400;greedy
