13;25225993;1224;10000;25;30;instances/qg.order30.col;900;26100;random
17;24222397;825;10000;25;30;instances/qg.order30.col;900;26100;random
14;23831714;924;10000;25;30;instances/qg.order30.col;900;26100;random
17;25645561;1056;10000;25;30;instances/qg.order30.col;900;26100;random
15;24440623;1547;10000;25;30;instances/qg.order30.col;900;26100;random
18;28207533;1469;10000;25;30;instances/qg.order30.col;900;26100;random
17;25997139;1085;10000;25;30;instances/qg.order30.col;900;26100;random
24;32028701;925;10000;25;30;instances/qg.order30.col;900;26100;random
12;23529823;1534;10000;25;30;instances/qg.order30.col;900;26100;random
8;17753990;1067;10000;25;30;instances/qg.order30.col;900;26100;random
13;23934855;1673;10000;25;30;instances/qg.order30.col;900;26100;random
13;19895794;1297;10000;25;30;instances/qg.order30.col;900;26100;random
14;24491086;1203;10000;25;30;instances/qg.order30.col;900;26100;random
9;21228322;1345;10000;25;30;instances/qg.order30.col;900;26100;random
18;24215292;1102;10000;25;30;instances/qg.order30.col;900;26100;random
19;28983435;934;10000;25;30;instances/qg.order30.col;900;26100;random
17;26457655;1186;10000;25;30;instances/qg.order30.col;900;26100;random
14;21990197;806;10000;25;30;instances/qg.order30.col;900;26100;random
8;22357397;1199;10000;25;30;instances/qg.order30.col;900;26100;random
17;23328414;1034;10000;25;30;instances/qg.order30.col;900;26100;random
14;23629075;975;10000;25;30;instances/qg.order30.col;900;26100;random
12;22910285;1237;10000;25;30;instances/qg.order30.col;900;26100;random
14;22232106;1453;10000;25;30;instances/qg.order30.col;900;26100;random
16;25572438;1268;10000;25;30;instances/qg.order30.col;900;26100;random
22;32593688;982;10000;25;30;instances/qg.order30.col;900;26100;random
12;22310917;1140;10000;25;30;instances/qg.order30.col;900;26100;random
13;21847087;1447;10000;25;30;instances/qg.order30.col;900;26100;random
15;26477205;1575;10000;25;30;instances/qg.order30.col;900;26100;random
16;27114572;1695;10000;25;30;instances/qg.order30.col;900;26100;random
19;29275196;1278;10000;25;30;instances/qg.order30.col;900;26100;random
15;22760800;1141;10000;25;30;instances/qg.order30.col;900;26100;random
14;27027454;1322;10000;25;30;instances/qg.order30.col;900;26100;random
5;17691010;1188;10000;25;30;instances/qg.order30.col;900;26100;random
13;22564741;1782;10000;25;30;instances/qg.order30.col;900;26100;random
21;29405559;894;10000;25;30;instances/qg.order30.col;900;26100;random
21;30955147;1255;10000;25;30;instances/qg.order30.col;900;26100;random
19;26469370;977;10000;25;30;instances/qg.order30.col;900;26100;random
8;20817908;1331;10000;25;30;instances/qg.order30.col;900;26100;random
14;23649507;1685;10000;25;30;instances/qg.order30.col;900;26100;random
17;25592341;873;10000;25;30;instances/qg.order30.col;900;26100;random
11;21962817;1268;10000;25;30;instances/qg.order30.col;900;26100;random
7;17306757;1213;10000;25;30;instances/qg.order30.col;900;26100;random
19;29348924;1321;10000;25;30;instances/qg.order30.col;900;26100;random
11;22360224;1386;10000;25;30;instances/qg.order30.col;900;26100;random
12;23649605;1404;10000;25;30;instances/qg.order30.col;900;26100;random
21;29909871;1233;10000;25;30;instances/qg.order30.col;900;26100;random
18;27243424;1126;10000;25;30;instances/qg.order30.col;900;26100;random
19;27950224;1101;10000;25;30;instances/qg.order30.col;900;26100;random
18;26987499;1009;10000;25;30;instances/qg.order30.col;900;26100;random
13;23200670;1121;10000;25;30;instances/qg.order30.col;900;26100;random
13;21186268;1139;10000;25;30;instances/qg.order30.col;900;26100;random
17;26716104;1088;10000;25;30;instances/qg.order30.col;900;26100;random
11;22336843;1405;10000;25;30;instances/qg.order30.col;900;26100;random
20;27965565;1128;10000;25;30;instances/qg.order30.col;900;26100;random
15;23738692;1063;10000;25;30;instances/qg.order30.col;900;26100;random
21;30106428;1079;10000;25;30;instances/qg.order30.col;900;26100;random
9;19782606;1201;10000;25;30;instances/qg.order30.col;900;26100;random
29;37875841;867;10000;25;30;instances/qg.order30.col;900;26100;random
9;17862772;1486;10000;25;30;instances/qg.order30.col;900;26100;random
20;29497482;964;10000;25;30;instances/qg.order30.col;900;26100;random
12;22339365;1570;10000;25;30;instances/qg.order30.col;900;26100;random
11;18868254;1037;10000;25;30;instances/qg.order30.col;900;26100;random
13;22217545;1506;10000;25;30;instances/qg.order30.col;900;26100;random
14;24211065;1396;10000;25;30;instances/qg.order30.col;900;26100;random
11;20366537;1344;10000;25;30;instances/qg.order30.col;900;26100;random
12;23247958;1137;10000;25;30;instances/qg.order30.col;900;26100;random
17;25017505;1209;10000;25;30;instances/qg.order30.col;900;26100;random
9;18621521;1306;10000;25;30;instances/qg.order30.col;900;26100;random
14;23038649;1300;10000;25;30;instances/qg.order30.col;900;26100;random
20;27744757;994;10000;25;30;instances/qg.order30.col;900;26100;random
10;19729456;1395;10000;25;30;instances/qg.order30.col;900;26100;random
13;21937463;882;10000;25;30;instances/qg.order30.col;900;26100;random
13;24072116;1463;10000;25;30;instances/qg.order30.col;900;26100;random
20;30543983;1179;10000;25;30;instances/qg.order30.col;900;26100;random
15;23142222;1263;10000;25;30;instances/qg.order30.col;900;26100;random
17;24818819;1164;10000;25;30;instances/qg.order30.col;900;26100;random
11;21639499;1056;10000;25;30;instances/qg.order30.col;900;26100;random
16;23062160;931;10000;25;30;instances/qg.order30.col;900;26100;random
13;23428331;1006;10000;25;30;instances/qg.order30.col;900;26100;random
23;32265316;1126;10000;25;30;instances/qg.order30.col;900;26100;random
20;30149101;848;10000;25;30;instances/qg.order30.col;900;26100;random
16;27646065;1256;10000;25;30;instances/qg.order30.col;900;26100;random
20;27223287;764;10000;25;30;instances/qg.order30.col;900;26100;random
13;23763984;1282;10000;25;30;instances/qg.order30.col;900;26100;random
22;32028365;745;10000;25;30;instances/qg.order30.col;900;26100;random
10;21669631;1218;10000;25;30;instances/qg.order30.col;900;26100;random
12;20950337;1144;10000;25;30;instances/qg.order30.col;900;26100;random
13;22672070;1027;10000;25;30;instances/qg.order30.col;900;26100;random
16;26756943;1301;10000;25;30;instances/qg.order30.col;900;26100;random
17;26958915;861;10000;25;30;instances/qg.order30.col;900;26100;random
24;33851453;1007;10000;25;30;instances/qg.order30.col;900;26100;random
12;22059059;1088;10000;25;30;instances/qg.order30.col;900;26100;random
13;24433275;1943;10000;25;30;instances/qg.order30.col;900;26100;random
19;28109110;1544;10000;25;30;instances/qg.order30.col;900;26100;random
12;19902331;1202;10000;25;30;instances/qg.order30.col;900;26100;random
23;32509359;889;10000;25;30;instances/qg.order30.col;900;26100;random
12;22681549;1137;10000;25;30;instances/qg.order30.col;900;26100;random
10;20820597;1514;10000;25;30;instances/qg.order30.col;900;26100;random
15;22842112;1147;10000;25;30;instances/qg.order30.col;900;26100;random
17;26084230;921;10000;25;30;instances/qg.order30.col;900;26100;random
0;92114;44;10000;25;30;instances/qg.order30.col;900;26100;greedy
0;66601;44;10000;25;30;instances/qg.order30.col;900;26100;greedy
0;68958;44;10000;25;30;instances/qg.order30.col;900;26100;greedy
0;79030;44;10000;25;30;instances/qg.order30.col;900;26100;greedy
0;81136;44;10000;25;30;instances/qg.order30.col;900;26100;greedy
0;86128;44;10000;25;30;instances/qg.order30.col;900;26100;greedy
0;69991;44;10000;25;30;instances/qg.order30.col;900;26100;greedy
0;76767;44;10000;25;30;instances/qg.order30.col;900;26100;greedy
0;67358;44;10000;25;30;instances/qg.order30.col;900;26100;greedy
0;99447;44;10000;25;30;instances/qg.order30.col;900;26100;greedy
