48;3934585;124;10000;25;11;instances/queen11_11.col;121;3960;random
36;3233987;207;10000;25;11;instances/queen11_11.col;121;3960;random
40;3435525;205;10000;25;11;instances/queen11_11.col;121;3960;random
40;3788457;219;10000;25;11;instances/queen11_11.col;121;3960;random
50;6699517;125;10000;25;11;instances/queen11_11.col;121;3960;random
42;3374902;154;10000;25;11;instances/queen11_11.col;121;3960;random
38;3429190;176;10000;25;11;instances/queen11_11.col;121;3960;random
50;4149232;136;10000;25;11;instances/queen11_11.col;121;3960;random
38;3254708;138;10000;25;11;instances/queen11_11.col;121;3960;random
44;3674285;130;10000;25;11;instances/queen11_11.col;121;3960;random
48;4110983;137;10000;25;11;instances/queen11_11.col;121;3960;random
42;3706912;134;10000;25;11;instances/queen11_11.col;121;3960;random
22;4900448;205;10000;25;11;instances/queen11_11.col;121;3960;random
42;3750376;178;10000;25;11;instances/queen11_11.col;121;3960;random
42;3705946;173;10000;25;11;instances/queen11_11.col;121;3960;random
42;3861258;197;10000;25;11;instances/queen11_11.col;121;3960;random
50;4148345;116;10000;25;11;instances/queen11_11.col;121;3960;random
54;4277680;168;10000;25;11;instances/queen11_11.col;121;3960;random
48;3885602;110;10000;25;11;instances/queen11_11.col;121;3960;random
52;4437965;143;10000;25;11;instances/queen11_11.col;121;3960;random
46;6556880;114;10000;25;11;instances/queen11_11.col;121;3960;random
48;4422555;125;10000;25;11;instances/queen11_11.col;121;3960;random
42;3563258;215;10000;25;11;instances/queen11_11.col;121;3960;random
42;3669324;204;10000;25;11;instances/queen11_11.col;121;3960;random
42;3529790;144;10000;25;11;instances/queen11_11.col;121;3960;random
46;3893068;173;10000;25;11;instances/queen11_11.col;121;3960;random
48;4031115;112;10000;25;11;instances/queen11_11.col;121;3960;random
46;4254579;150;10000;25;11;instances/queen11_11.col;121;3960;random
54;7520474;106;10000;25;11;instances/queen11_11.col;121;3960;random
44;3847537;124;10000;25;11;instances/queen11_11.col;121;3960;random
44;3945341;189;10000;25;11;instances/queen11_11.col;121;3960;random
44;3998783;143;10000;25;11;instances/queen11_11.col;121;3960;random
46;3931031;120;10000;25;11;instances/queen11_11.col;121;3960;random
68;5064923;73;10000;25;11;instances/queen11_11.col;121;3960;random
46;4051286;159;10000;25;11;instances/queen11_11.col;121;3960;random
44;3865367;131;10000;25;11;instances/queen11_11.col;121;3960;random
52;7175307;97;10000;25;11;instances/queen11_11.col;121;3960;random
38;3387096;205;10000;25;11;instances/queen11_11.col;121;3960;random
48;4122012;163;10000;25;11;instances/queen11_11.col;121;3960;random
48;3962284;126;10000;25;11;instances/queen11_11.col;121;3960;random
44;3701478;166;10000;25;11;instances/queen11_11.col;121;3960;random
42;3756063;106;10000;25;11;instances/queen11_11.col;121;3960;random
50;4154458;124;10000;25;11;instances/queen11_11.col;121;3960;random
46;3998880;145;10000;25;11;instances/queen11_11.col;121;3960;random
58;7674485;92;10000;25;11;instances/queen11_11.col;121;3960;random
42;3670891;161;10000;25;11;instances/queen11_11.col;121;3960;random
44;3728874;170;10000;25;11;instances/queen11_11.col;121;3960;random
44;3674463;162;10000;25;11;instances/queen11_11.col;121;3960;random
48;4070617;122;10000;25;11;instances/queen11_11.col;121;3960;random
46;4002220;153;10000;25;11;instances/queen11_11.col;121;3960;random
44;3873688;192;10000;25;11;instances/queen11_11.col;121;3960;random
44;3896175;185;10000;25;11;instances/queen11_11.col;121;3960;random
52;7387322;115;10000;25;11;instances/queen11_11.col;121;3960;random
54;4475587;105;10000;25;11;instances/queen11_11.col;121;3960;random
52;4481704;107;10000;25;11;instances/queen11_11.col;121;3960;random
54;4436650;158;10000;25;11;instances/queen11_11.col;121;3960;random
46;4010198;109;10000;25;11;instances/queen11_11.col;121;3960;random
46;4023523;143;10000;25;11;instances/queen11_11.col;121;3960;random
44;3708838;152;10000;25;11;instances/queen11_11.col;121;3960;random
42;3751178;100;10000;25;11;instances/queen11_11.col;121;3960;random
42;6509392;191;10000;25;11;instances/queen11_11.col;121;3960;random
54;4425162;124;10000;25;11;instances/queen11_11.col;121;3960;random
48;4097682;149;10000;25;11;instances/queen11_11.col;121;3960;random
48;4061576;137;10000;25;11;instances/queen11_11.col;121;3960;random
44;3469762;129;10000;25;11;instances/queen11_11.col;121;3960;random
42;3789238;211;10000;25;11;instances/queen11_11.col;121;3960;random
54;4644270;99;10000;25;11;instances/queen11_11.col;121;3960;random
52;4665342;159;10000;25;11;instances/queen11_11.col;121;3960;random
48;6746706;138;10000;25;11;instances/queen11_11.col;121;3960;random
48;4141022;239;10000;25;11;instances/queen11_11.col;121;3960;random
50;4301671;106;10000;25;11;instances/queen11_11.col;121;3960;random
46;3761603;112;10000;25;11;instances/queen11_11.col;121;3960;random
42;3543554;109;10000;25;11;instances/queen11_11.col;121;3960;random
38;3588990;138;10000;25;11;instances/queen11_11.col;121;3960;random
54;4678270;74;10000;25;11;instances/queen11_11.col;121;3960;random
56;5131676;89;10000;25;11;instances/queen11_11.col;121;3960;random
48;6601348;122;10000;25;11;instances/queen11_11.col;121;3960;random
46;4058384;123;10000;25;11;instances/queen11_11.col;121;3960;random
46;4075017;126;10000;25;11;instances/queen11_11.col;121;3960;random
44;3815514;182;10000;25;11;instances/queen11_11.col;121;3960;random
42;3707174;153;10000;25;11;instances/queen11_11.col;121;3960;random
42;3830826;166;10000;25;11;instances/queen11_11.col;121;3960;random
38;3629724;191;10000;25;11;instances/queen11_11.col;121;3960;random
40;3703080;217;10000;25;11;instances/queen11_11.col;121;3960;random
56;7557420;109;10000;25;11;instances/queen11_11.col;121;3960;random
44;3773982;192;10000;25;11;instances/queen11_11.col;121;3960;random
42;3582031;143;10000;25;11;instances/queen11_11.col;121;3960;random
40;3613227;176;10000;25;11;instances/queen11_11.col;121;3960;random
42;3628377;121;10000;25;11;instances/queen11_11.col;121;3960;random
54;4682644;120;10000;25;11;instances/queen11_11.col;121;3960;random
48;4186200;111;10000;25;11;instances/queen11_11.col;121;3960;random
48;4226541;149;10000;25;11;instances/queen11_11.col;121;3960;random
42;6013004;260;10000;25;11;instances/queen11_11.col;121;3960;random
58;4742868;107;10000;25;11;instances/queen11_11.col;121;3960;random
48;4182970;133;10000;25;11;instances/queen11_11.col;121;3960;random
52;4482560;136;10000;25;11;instances/queen11_11.col;121;3960;random
52;4513272;88;10000;25;11;instances/queen11_11.col;121;3960;random
60;4830638;69;10000;25;11;instances/queen11_11.col;121;3960;random
50;4310136;234;10000;25;11;instances/queen11_11.col;121;3960;random
44;6499610;196;10000;25;11;instances/queen11_11.col;121;3960;random
42;3898729;54;10000;25;11;instances/queen11_11.col;121;3960;greedy
42;3844007;54;10000;25;11;instances/queen11_11.col;121;3960;greedy
42;3823104;54;10000;25;11;instances/queen11_11.col;121;3960;greedy
42;3893159;54;10000;25;11;instances/queen11_11.col;121;3960;greedy
42;3879589;54;10000;25;11;instances/queen11_11.col;121;3960;greedy
42;3902226;54;10000;25;11;instances/queen11_11.col;121;3960;greedy
42;3945176;54;10000;25;11;instances/queen11_11.col;121;3960;greedy
42;4779246;54;10000;25;11;instances/queen11_11.col;121;3960;greedy
42;4002836;54;10000;25;11;instances/queen11_11.col;121;3960;greedy
42;3942540;54;10000;25;11;instances/queen11_11.col;121;3960;greedy
