56;7115654;286;10000;25;13;instances/queen13_13.col;169;6656;random
54;6730836;255;10000;25;13;instances/queen13_13.col;169;6656;random
64;7627225;176;10000;25;13;instances/queen13_13.col;169;6656;random
70;8705527;219;10000;25;13;instances/queen13_13.col;169;6656;random
52;9103304;272;10000;25;13;instances/queen13_13.col;169;6656;random
72;8720649;218;10000;25;13;instances/queen13_13.col;169;6656;random
54;7102975;321;10000;25;13;instances/queen13_13.col;169;6656;random
52;6343589;247;10000;25;13;instances/queen13_13.col;169;6656;random
52;9223101;334;10000;25;13;instances/queen13_13.col;169;6656;random
84;10319564;167;10000;25;13;instances/queen13_13.col;169;6656;random
60;7485844;212;10000;25;13;instances/queen13_13.col;169;6656;random
58;7234341;390;10000;25;13;instances/queen13_13.col;169;6656;random
62;10304804;309;10000;25;13;instances/queen13_13.col;169;6656;random
56;6991973;277;10000;25;13;instances/queen13_13.col;169;6656;random
58;7170383;317;10000;25;13;instances/queen13_13.col;169;6656;random
62;7834109;396;10000;25;13;instances/queen13_13.col;169;6656;random
70;11176750;211;10000;25;13;instances/queen13_13.col;169;6656;random
58;7445224;235;10000;25;13;instances/queen13_13.col;169;6656;random
58;7209713;291;10000;25;13;instances/queen13_13.col;169;6656;random
66;8027299;172;10000;25;13;instances/queen13_13.col;169;6656;random
58;7196220;241;10000;25;13;instances/queen13_13.col;169;6656;random
58;9556704;243;10000;25;13;instances/queen13_13.col;169;6656;random
60;7257023;199;10000;25;13;instances/queen13_13.col;169;6656;random
56;6633590;316;10000;25;13;instances/queen13_13.col;169;6656;random
44;5756813;244;10000;25;13;instances/queen13_13.col;169;6656;random
62;10281228;270;10000;25;13;instances/queen13_13.col;169;6656;random
58;7168113;314;10000;25;13;instances/queen13_13.col;169;6656;random
52;6777209;273;10000;25;13;instances/queen13_13.col;169;6656;random
68;8499989;178;10000;25;13;instances/queen13_13.col;169;6656;random
64;10424711;156;10000;25;13;instances/queen13_13.col;169;6656;random
58;6993192;291;10000;25;13;instances/queen13_13.col;169;6656;random
56;7077851;235;10000;25;13;instances/queen13_13.col;169;6656;random
62;7806963;273;10000;25;13;instances/queen13_13.col;169;6656;random
68;8270221;145;10000;25;13;instances/queen13_13.col;169;6656;random
46;8191736;265;10000;25;13;instances/queen13_13.col;169;6656;random
68;8415012;133;10000;25;13;instances/queen13_13.col;169;6656;random
58;7418649;291;10000;25;13;instances/queen13_13.col;169;6656;random
76;9526762;134;10000;25;13;instances/queen13_13.col;169;6656;random
62;10403348;203;10000;25;13;instances/queen13_13.col;169;6656;random
70;8387831;218;10000;25;13;instances/queen13_13.col;169;6656;random
64;7733083;131;10000;25;13;instances/queen13_13.col;169;6656;random
56;6869505;230;10000;25;13;instances/queen13_13.col;169;6656;random
48;8964775;362;10000;25;13;instances/queen13_13.col;169;6656;random
52;6857824;208;10000;25;13;instances/queen13_13.col;169;6656;random
56;6948548;244;10000;25;13;instances/queen13_13.col;169;6656;random
64;7849971;184;10000;25;13;instances/queen13_13.col;169;6656;random
52;6332510;216;10000;25;13;instances/queen13_13.col;169;6656;random
56;9911680;274;10000;25;13;instances/queen13_13.col;169;6656;random
62;7675939;215;10000;25;13;instances/queen13_13.col;169;6656;random
58;7066204;270;10000;25;13;instances/queen13_13.col;169;6656;random
58;7022580;223;10000;25;13;instances/queen13_13.col;169;6656;random
54;9606423;212;10000;25;13;instances/queen13_13.col;169;6656;random
54;6773681;205;10000;25;13;instances/queen13_13.col;169;6656;random
52;6179344;252;10000;25;13;instances/queen13_13.col;169;6656;random
60;6994520;157;10000;25;13;instances/queen13_13.col;169;6656;random
52;6474417;225;10000;25;13;instances/queen13_13.col;169;6656;random
76;11774086;146;10000;25;13;instances/queen13_13.col;169;6656;random
58;7007856;228;10000;25;13;instances/queen13_13.col;169;6656;random
62;7824262;262;10000;25;13;instances/queen13_13.col;169;6656;random
62;7746442;230;10000;25;13;instances/queen13_13.col;169;6656;random
70;11146693;156;10000;25;13;instances/queen13_13.col;169;6656;random
54;6824868;307;10000;25;13;instances/queen13_13.col;169;6656;random
62;7742430;353;10000;25;13;instances/queen13_13.col;169;6656;random
64;7812459;190;10000;25;13;instances/queen13_13.col;169;6656;random
52;8906040;195;10000;25;13;instances/queen13_13.col;169;6656;random
52;6718886;184;10000;25;13;instances/queen13_13.col;169;6656;random
62;7252303;147;10000;25;13;instances/queen13_13.col;169;6656;random
60;7144150;239;10000;25;13;instances/queen13_13.col;169;6656;random
56;6622881;153;10000;25;13;instances/queen13_13.col;169;6656;random
50;9020013;360;10000;25;13;instances/queen13_13.col;169;6656;random
56;6831351;287;10000;25;13;instances/queen13_13.col;169;6656;random
58;6744794;269;10000;25;13;instances/queen13_13.col;169;6656;random
66;7960762;246;10000;25;13;instances/queen13_13.col;169;6656;random
68;11124033;247;10000;25;13;instances/queen13_13.col;169;6656;random
62;7792564;285;10000;25;13;instances/queen13_13.col;169;6656;random
52;6376591;320;10000;25;13;instances/queen13_13.col;169;6656;random
74;8392672;155;10000;25;13;instances/queen13_13.col;169;6656;random
54;6629628;218;10000;25;13;instances/queen13_13.col;169;6656;random
62;10145172;176;10000;25;13;instances/queen13_13.col;169;6656;random
50;6171060;338;10000;25;13;instances/queen13_13.col;169;6656;random
62;7501812;344;10000;25;13;instances/queen13_13.col;169;6656;random
62;7606892;164;10000;25;13;instances/queen13_13.col;169;6656;random
52;9486137;358;10000;25;13;instances/queen13_13.col;169;6656;random
60;7483386;274;10000;25;13;instances/queen13_13.col;169;6656;random
60;6976628;159;10000;25;13;instances/queen13_13.col;169;6656;random
62;7806470;181;10000;25;13;instances/queen13_13.col;169;6656;random
56;7167851;198;10000;25;13;instances/queen13_13.col;169;6656;random
62;10595025;151;10000;25;13;instances/queen13_13.col;169;6656;random
64;7306536;147;10000;25;13;instances/queen13_13.col;169;6656;random
62;7128016;256;10000;25;13;instances/queen13_13.col;169;6656;random
60;7584582;319;10000;25;13;instances/queen13_13.col;169;6656;random
60;10665728;318;10000;25;13;instances/queen13_13.col;169;6656;random
56;6915769;283;10000;25;13;instances/queen13_13.col;169;6656;random
72;8527967;259;10000;25;13;instances/queen13_13.col;169;6656;random
62;7559749;198;10000;25;13;instances/queen13_13.col;169;6656;random
58;10166861;228;10000;25;13;instances/queen13_13.col;169;6656;random
76;9321563;183;10000;25;13;instances/queen13_13.col;169;6656;random
58;7529828;303;10000;25;13;instances/queen13_13.col;169;6656;random
58;7004432;252;10000;25;13;instances/queen13_13.col;169;6656;random
68;10372863;254;10000;25;13;instances/queen13_13.col;169;6656;random
56;7822297;460;10000;25;13;instances/queen13_13.col;169;6656;greedy
56;7913251;460;10000;25;13;instances/queen13_13.col;169;6656;greedy
56;8663956;460;10000;25;13;instances/queen13_13.col;169;6656;greedy
56;7868485;460;10000;25;13;instances/queen13_13.col;169;6656;greedy
56;7772507;460;10000;25;13;instances/queen13_13.col;169;6656;greedy
56;7837792;460;10000;25;13;instances/queen13_13.col;169;6656;greedy
56;8684663;460;10000;25;13;instances/queen13_13.col;169;6656;greedy
56;7811949;460;10000;25;13;instances/queen13_13.col;169;6656;greedy
56;7658105;460;10000;25;13;instances/queen13_13.col;169;6656;greedy
56;7829230;460;10000;25;13;instances/queen13_13.col;169;6656;greedy
