58;1517510;100;10;1000;1000;0.9;7;0;9;instances/3-FullIns_4.col;405;3524;greedy
58;1502656;100;10;1000;1000;0.9;7;0;9;instances/3-FullIns_4.col;405;3524;greedy
58;1517292;100;10;1000;1000;0.9;7;0;9;instances/3-FullIns_4.col;405;3524;greedy
58;1490678;100;10;1000;1000;0.9;7;0;9;instances/3-FullIns_4.col;405;3524;greedy
58;1468211;100;10;1000;1000;0.9;7;0;9;instances/3-FullIns_4.col;405;3524;greedy
58;1496499;100;10;1000;1000;0.9;7;0;9;instances/3-FullIns_4.col;405;3524;greedy
58;1479397;100;10;1000;1000;0.9;7;0;9;instances/3-FullIns_4.col;405;3524;greedy
58;1505743;100;10;1000;1000;0.9;7;0;9;instances/3-FullIns_4.col;405;3524;greedy
58;1486556;100;10;1000;1000;0.9;7;0;9;instances/3-FullIns_4.col;405;3524;greedy
58;1498708;100;10;1000;1000;0.9;7;0;9;instances/3-FullIns_4.col;405;3524;greedy
58;1498219;100;10;1000;1000;0.9;7;0;9;instances/3-FullIns_4.col;405;3524;greedy
58;1499232;100;10;1000;1000;0.9;7;0;9;instances/3-FullIns_4.col;405;3524;greedy
58;3484062;100;10;1000;1000;0.9;7;0;9;instances/3-FullIns_4.col;405;3524;greedy
58;1603288;100;10;1000;1000;0.9;7;0;9;instances/3-FullIns_4.col;405;3524;greedy
58;1498694;100;10;1000;1000;0.9;7;0;9;instances/3-FullIns_4.col;405;3524;greedy
58;1519346;100;10;1000;1000;0.9;7;0;9;instances/3-FullIns_4.col;405;3524;greedy
58;1518728;100;10;1000;1000;0.9;7;0;9;instances/3-FullIns_4.col;405;3524;greedy
58;1459602;100;10;1000;1000;0.9;7;0;9;instances/3-FullIns_4.col;405;3524;greedy
58;1451388;100;10;1000;1000;0.9;7;0;9;instances/3-FullIns_4.col;405;3524;greedy
58;1450331;100;10;1000;1000;0.9;7;0;9;instances/3-FullIns_4.col;405;3524;greedy
58;1437605;100;10;1000;1000;0.9;7;0;9;instances/3-FullIns_4.col;405;3524;greedy
58;1454342;100;10;1000;1000;0.9;7;0;9;instances/3-FullIns_4.col;405;3524;greedy
58;1460081;100;10;1000;1000;0.9;7;0;9;instances/3-FullIns_4.col;405;3524;greedy
58;1493902;100;10;1000;1000;0.9;7;0;9;instances/3-FullIns_4.col;405;3524;greedy
58;1452430;100;10;1000;1000;0.9;7;0;9;instances/3-FullIns_4.col;405;3524;greedy
58;1513172;100;10;1000;1000;0.9;7;0;9;instances/3-FullIns_4.col;405;3524;greedy
58;1478185;100;10;1000;1000;0.9;7;0;9;instances/3-FullIns_4.col;405;3524;greedy
58;1490832;100;10;1000;1000;0.9;7;0;9;instances/3-FullIns_4.col;405;3524;greedy
58;1508941;100;10;1000;1000;0.9;7;0;9;instances/3-FullIns_4.col;405;3524;greedy
58;1512220;100;10;1000;1000;0.9;7;0;9;instances/3-FullIns_4.col;405;3524;greedy
58;1534681;100;10;1000;1000;0.9;7;0;9;instances/3-FullIns_4.col;405;3524;greedy
58;1477335;100;10;1000;1000;0.9;7;0;9;instances/3-FullIns_4.col;405;3524;greedy
58;1511906;100;10;1000;1000;0.9;7;0;9;instances/3-FullIns_4.col;405;3524;greedy
58;3457984;100;10;1000;1000;0.9;7;0;9;instances/3-FullIns_4.col;405;3524;greedy
58;1601578;100;10;1000;1000;0.9;7;0;9;instances/3-FullIns_4.col;405;3524;greedy
58;1554570;100;10;1000;1000;0.9;7;0;9;instances/3-FullIns_4.col;405;3524;greedy
58;1506318;100;10;1000;1000;0.9;7;0;9;instances/3-FullIns_4.col;405;3524;greedy
56;1485206;100;10;1000;1000;0.9;7;1;9;instances/3-FullIns_4.col;405;3524;greedy
58;1505026;100;10;1000;1000;0.9;7;0;9;instances/3-FullIns_4.col;405;3524;greedy
58;1468271;100;10;1000;1000;0.9;7;0;9;instances/3-FullIns_4.col;405;3524;greedy
58;1469937;100;10;1000;1000;0.9;7;0;9;instances/3-FullIns_4.col;405;3524;greedy
58;1486444;100;10;1000;1000;0.9;7;0;9;instances/3-FullIns_4.col;405;3524;greedy
58;1460336;100;10;1000;1000;0.9;7;0;9;instances/3-FullIns_4.col;405;3524;greedy
58;1448940;100;10;1000;1000;0.9;7;0;9;instances/3-FullIns_4.col;405;3524;greedy
58;1463791;100;10;1000;1000;0.9;7;0;9;instances/3-FullIns_4.col;405;3524;greedy
58;1480645;100;10;1000;1000;0.9;7;0;9;instances/3-FullIns_4.col;405;3524;greedy
58;1463715;100;10;1000;1000;0.9;7;0;9;instances/3-FullIns_4.col;405;3524;greedy
58;1483096;100;10;1000;1000;0.9;7;0;9;instances/3-FullIns_4.col;405;3524;greedy
58;1472070;100;10;1000;1000;0.9;7;0;9;instances/3-FullIns_4.col;405;3524;greedy
58;1527037;100;10;1000;1000;0.9;7;0;9;instances/3-FullIns_4.col;405;3524;greedy
58;1523791;100;10;1000;1000;0.9;7;0;9;instances/3-FullIns_4.col;405;3524;greedy
58;1510521;100;10;1000;1000;0.9;7;0;9;instances/3-FullIns_4.col;405;3524;greedy
58;1509323;100;10;1000;1000;0.9;7;0;9;instances/3-FullIns_4.col;405;3524;greedy
58;1497485;100;10;1000;1000;0.9;7;0;9;instances/3-FullIns_4.col;405;3524;greedy
58;1534776;100;10;1000;1000;0.9;7;0;9;instances/3-FullIns_4.col;405;3524;greedy
58;3468805;100;10;1000;1000;0.9;7;0;9;instances/3-FullIns_4.col;405;3524;greedy
58;1623205;100;10;1000;1000;0.9;7;0;9;instances/3-FullIns_4.col;405;3524;greedy
58;1491779;100;10;1000;1000;0.9;7;0;9;instances/3-FullIns_4.col;405;3524;greedy
58;1495977;100;10;1000;1000;0.9;7;0;9;instances/3-FullIns_4.col;405;3524;greedy
58;1508824;100;10;1000;1000;0.9;7;0;9;instances/3-FullIns_4.col;405;3524;greedy
58;1452560;100;10;1000;1000;0.9;7;0;9;instances/3-FullIns_4.col;405;3524;greedy
58;1441031;100;10;1000;1000;0.9;7;0;9;instances/3-FullIns_4.col;405;3524;greedy
58;1455438;100;10;1000;1000;0.9;7;0;9;instances/3-FullIns_4.col;405;3524;greedy
58;1429161;100;10;1000;1000;0.9;7;0;9;instances/3-FullIns_4.col;405;3524;greedy
58;1431457;100;10;1000;1000;0.9;7;0;9;instances/3-FullIns_4.col;405;3524;greedy
58;1433106;100;10;1000;1000;0.9;7;0;9;instances/3-FullIns_4.col;405;3524;greedy
56;1456687;100;10;1000;1000;0.9;7;1;9;instances/3-FullIns_4.col;405;3524;greedy
58;1443176;100;10;1000;1000;0.9;7;0;9;instances/3-FullIns_4.col;405;3524;greedy
58;1456363;100;10;1000;1000;0.9;7;0;9;instances/3-FullIns_4.col;405;3524;greedy
58;1470092;100;10;1000;1000;0.9;7;0;9;instances/3-FullIns_4.col;405;3524;greedy
58;1465029;100;10;1000;1000;0.9;7;0;9;instances/3-FullIns_4.col;405;3524;greedy
58;1533519;100;10;1000;1000;0.9;7;0;9;instances/3-FullIns_4.col;405;3524;greedy
58;1519592;100;10;1000;1000;0.9;7;0;9;instances/3-FullIns_4.col;405;3524;greedy
58;1513299;100;10;1000;1000;0.9;7;0;9;instances/3-FullIns_4.col;405;3524;greedy
58;1517370;100;10;1000;1000;0.9;7;0;9;instances/3-FullIns_4.col;405;3524;greedy
58;1530703;100;10;1000;1000;0.9;7;0;9;instances/3-FullIns_4.col;405;3524;greedy
58;3503193;100;10;1000;1000;0.9;7;0;9;instances/3-FullIns_4.col;405;3524;greedy
58;1626290;100;10;1000;1000;0.9;7;0;9;instances/3-FullIns_4.col;405;3524;greedy
58;1582990;100;10;1000;1000;0.9;7;0;9;instances/3-FullIns_4.col;405;3524;greedy
58;1501739;100;10;1000;1000;0.9;7;0;9;instances/3-FullIns_4.col;405;3524;greedy
58;1491597;100;10;1000;1000;0.9;7;0;9;instances/3-FullIns_4.col;405;3524;greedy
58;1480977;100;10;1000;1000;0.9;7;0;9;instances/3-FullIns_4.col;405;3524;greedy
58;1448273;100;10;1000;1000;0.9;7;0;9;instances/3-FullIns_4.col;405;3524;greedy
57;1460616;100;10;1000;1000;0.9;7;0;9;instances/3-FullIns_4.col;405;3524;greedy
58;1429196;100;10;1000;1000;0.9;7;0;9;instances/3-FullIns_4.col;405;3524;greedy
58;1444151;100;10;1000;1000;0.9;7;0;9;instances/3-FullIns_4.col;405;3524;greedy
58;1468833;100;10;1000;1000;0.9;7;0;9;instances/3-FullIns_4.col;405;3524;greedy
58;1507022;100;10;1000;1000;0.9;7;0;9;instances/3-FullIns_4.col;405;3524;greedy
57;1451554;100;10;1000;1000;0.9;7;0;9;instances/3-FullIns_4.col;405;3524;greedy
58;1490170;100;10;1000;1000;0.9;7;0;9;instances/3-FullIns_4.col;405;3524;greedy
58;1450546;100;10;1000;1000;0.9;7;0;9;instances/3-FullIns_4.col;405;3524;greedy
58;1470845;100;10;1000;1000;0.9;7;0;9;instances/3-FullIns_4.col;405;3524;greedy
58;1491036;100;10;1000;1000;0.9;7;0;9;instances/3-FullIns_4.col;405;3524;greedy
58;1513922;100;10;1000;1000;0.9;7;0;9;instances/3-FullIns_4.col;405;3524;greedy
58;1514352;100;10;1000;1000;0.9;7;0;9;instances/3-FullIns_4.col;405;3524;greedy
58;1546601;100;10;1000;1000;0.9;7;0;9;instances/3-FullIns_4.col;405;3524;greedy
58;1522300;100;10;1000;1000;0.9;7;0;9;instances/3-FullIns_4.col;405;3524;greedy
58;1534640;100;10;1000;1000;0.9;7;0;9;instances/3-FullIns_4.col;405;3524;greedy
58;3496092;100;10;1000;1000;0.9;7;0;9;instances/3-FullIns_4.col;405;3524;greedy
58;1549308;100;10;1000;1000;0.9;7;0;9;instances/3-FullIns_4.col;405;3524;greedy
364;1481969;100;10;1000;1000;0.9;7;26937;9;instances/3-FullIns_4.col;405;3524;random
367;3707933;100;10;1000;1000;0.9;7;15832;9;instances/3-FullIns_4.col;405;3524;random
366;1505286;100;10;1000;1000;0.9;7;22882;9;instances/3-FullIns_4.col;405;3524;random
342;1472832;100;10;1000;1000;0.9;7;25840;9;instances/3-FullIns_4.col;405;3524;random
362;1470452;100;10;1000;1000;0.9;7;28701;9;instances/3-FullIns_4.col;405;3524;random
348;1471720;100;10;1000;1000;0.9;7;30774;9;instances/3-FullIns_4.col;405;3524;random
335;1506148;100;10;1000;1000;0.9;7;27935;9;instances/3-FullIns_4.col;405;3524;random
365;1478766;100;10;1000;1000;0.9;7;26130;9;instances/3-FullIns_4.col;405;3524;random
369;1472489;100;10;1000;1000;0.9;7;30269;9;instances/3-FullIns_4.col;405;3524;random
358;1501007;100;10;1000;1000;0.9;7;2779;9;instances/3-FullIns_4.col;405;3524;random
354;7914131;100;10;1000;5000;0.9;7;156360;9;instances/3-FullIns_4.col;405;3524;random
350;8014114;100;10;1000;5000;0.9;7;150772;9;instances/3-FullIns_4.col;405;3524;random
340;7970717;100;10;1000;5000;0.9;7;158004;9;instances/3-FullIns_4.col;405;3524;random
344;7903502;100;10;1000;5000;0.9;7;126834;9;instances/3-FullIns_4.col;405;3524;random
339;7896384;100;10;1000;5000;0.9;7;157243;9;instances/3-FullIns_4.col;405;3524;random
354;7886245;100;10;1000;5000;0.9;7;158730;9;instances/3-FullIns_4.col;405;3524;random
329;7897238;100;10;1000;5000;0.9;7;153941;9;instances/3-FullIns_4.col;405;3524;random
351;7881032;100;10;1000;5000;0.9;7;154192;9;instances/3-FullIns_4.col;405;3524;random
341;7896983;100;10;1000;5000;0.9;7;145035;9;instances/3-FullIns_4.col;405;3524;random
353;7864081;100;10;1000;5000;0.9;7;156940;9;instances/3-FullIns_4.col;405;3524;random
344;7949860;100;10;1000;5000;0.9;7;99102;9;instances/3-FullIns_4.col;405;3524;random
353;7980620;100;10;1000;5000;0.9;7;75735;9;instances/3-FullIns_4.col;405;3524;random
347;7894958;100;10;1000;5000;0.9;7;158791;9;instances/3-FullIns_4.col;405;3524;random
354;7867653;100;10;1000;5000;0.9;7;80226;9;instances/3-FullIns_4.col;405;3524;random
352;8072007;100;10;1000;5000;0.9;7;160205;9;instances/3-FullIns_4.col;405;3524;random
350;7896256;100;10;1000;5000;0.9;7;158851;9;instances/3-FullIns_4.col;405;3524;random
337;7901102;100;10;1000;5000;0.9;7;156324;9;instances/3-FullIns_4.col;405;3524;random
343;8014664;100;10;1000;5000;0.9;7;34802;9;instances/3-FullIns_4.col;405;3524;random
357;8000788;100;10;1000;5000;0.9;7;70564;9;instances/3-FullIns_4.col;405;3524;random
348;7993978;100;10;1000;5000;0.9;7;158812;9;instances/3-FullIns_4.col;405;3524;random
358;7597109;100;10;1000;5000;0.9;7;105908;9;instances/3-FullIns_4.col;405;3524;random
348;9720421;100;10;1000;5000;0.9;7;57940;9;instances/3-FullIns_4.col;405;3524;random
346;7378807;100;10;1000;5000;0.9;7;138595;9;instances/3-FullIns_4.col;405;3524;random
352;7451303;100;10;1000;5000;0.9;7;148763;9;instances/3-FullIns_4.col;405;3524;random
324;7582243;100;10;1000;5000;0.9;7;149489;9;instances/3-FullIns_4.col;405;3524;random
341;9741780;100;10;1000;5000;0.9;7;150387;9;instances/3-FullIns_4.col;405;3524;random
355;7471931;100;10;1000;5000;0.9;7;124210;9;instances/3-FullIns_4.col;405;3524;random
352;7413436;100;10;1000;5000;0.9;7;154133;9;instances/3-FullIns_4.col;405;3524;random
349;7513875;100;10;1000;5000;0.9;7;122249;9;instances/3-FullIns_4.col;405;3524;random
329;9625862;100;10;1000;5000;0.9;7;134567;9;instances/3-FullIns_4.col;405;3524;random
