80;2716319;100;10;1000;1000;0.9;8;0;9;instances/4-FullIns_4.col;690;6650;greedy
80;2694047;100;10;1000;1000;0.9;8;0;9;instances/4-FullIns_4.col;690;6650;greedy
80;2620736;100;10;1000;1000;0.9;8;0;9;instances/4-FullIns_4.col;690;6650;greedy
80;2593340;100;10;1000;1000;0.9;8;0;9;instances/4-FullIns_4.col;690;6650;greedy
80;2676974;100;10;1000;1000;0.9;8;0;9;instances/4-FullIns_4.col;690;6650;greedy
79;2647129;100;10;1000;1000;0.9;8;1;9;instances/4-FullIns_4.col;690;6650;greedy
80;2729353;100;10;1000;1000;0.9;8;0;9;instances/4-FullIns_4.col;690;6650;greedy
80;2683108;100;10;1000;1000;0.9;8;0;9;instances/4-FullIns_4.col;690;6650;greedy
80;2774820;100;10;1000;1000;0.9;8;0;9;instances/4-FullIns_4.col;690;6650;greedy
80;2849351;100;10;1000;1000;0.9;8;0;9;instances/4-FullIns_4.col;690;6650;greedy
80;4716370;100;10;1000;1000;0.9;8;0;9;instances/4-FullIns_4.col;690;6650;greedy
80;2763552;100;10;1000;1000;0.9;8;0;9;instances/4-FullIns_4.col;690;6650;greedy
80;2686222;100;10;1000;1000;0.9;8;0;9;instances/4-FullIns_4.col;690;6650;greedy
80;2657490;100;10;1000;1000;0.9;8;0;9;instances/4-FullIns_4.col;690;6650;greedy
80;2585933;100;10;1000;1000;0.9;8;0;9;instances/4-FullIns_4.col;690;6650;greedy
80;2616607;100;10;1000;1000;0.9;8;0;9;instances/4-FullIns_4.col;690;6650;greedy
80;2694228;100;10;1000;1000;0.9;8;0;9;instances/4-FullIns_4.col;690;6650;greedy
80;2719698;100;10;1000;1000;0.9;8;0;9;instances/4-FullIns_4.col;690;6650;greedy
80;2713375;100;10;1000;1000;0.9;8;0;9;instances/4-FullIns_4.col;690;6650;greedy
80;2711851;100;10;1000;1000;0.9;8;0;9;instances/4-FullIns_4.col;690;6650;greedy
80;2704040;100;10;1000;1000;0.9;8;0;9;instances/4-FullIns_4.col;690;6650;greedy
80;2713105;100;10;1000;1000;0.9;8;0;9;instances/4-FullIns_4.col;690;6650;greedy
80;4691715;100;10;1000;1000;0.9;8;0;9;instances/4-FullIns_4.col;690;6650;greedy
80;2697508;100;10;1000;1000;0.9;8;0;9;instances/4-FullIns_4.col;690;6650;greedy
80;2730398;100;10;1000;1000;0.9;8;0;9;instances/4-FullIns_4.col;690;6650;greedy
80;2738840;100;10;1000;1000;0.9;8;0;9;instances/4-FullIns_4.col;690;6650;greedy
80;2703154;100;10;1000;1000;0.9;8;0;9;instances/4-FullIns_4.col;690;6650;greedy
80;2726868;100;10;1000;1000;0.9;8;0;9;instances/4-FullIns_4.col;690;6650;greedy
80;2716715;100;10;1000;1000;0.9;8;0;9;instances/4-FullIns_4.col;690;6650;greedy
80;2707392;100;10;1000;1000;0.9;8;0;9;instances/4-FullIns_4.col;690;6650;greedy
80;2714629;100;10;1000;1000;0.9;8;0;9;instances/4-FullIns_4.col;690;6650;greedy
80;2729189;100;10;1000;1000;0.9;8;0;9;instances/4-FullIns_4.col;690;6650;greedy
80;2736849;100;10;1000;1000;0.9;8;0;9;instances/4-FullIns_4.col;690;6650;greedy
80;2720961;100;10;1000;1000;0.9;8;0;9;instances/4-FullIns_4.col;690;6650;greedy
80;4520604;100;10;1000;1000;0.9;8;0;9;instances/4-FullIns_4.col;690;6650;greedy
80;2728219;100;10;1000;1000;0.9;8;0;9;instances/4-FullIns_4.col;690;6650;greedy
80;2729490;100;10;1000;1000;0.9;8;0;9;instances/4-FullIns_4.col;690;6650;greedy
80;2710610;100;10;1000;1000;0.9;8;0;9;instances/4-FullIns_4.col;690;6650;greedy
80;2751927;100;10;1000;1000;0.9;8;0;9;instances/4-FullIns_4.col;690;6650;greedy
80;2727564;100;10;1000;1000;0.9;8;0;9;instances/4-FullIns_4.col;690;6650;greedy
80;2746857;100;10;1000;1000;0.9;8;0;9;instances/4-FullIns_4.col;690;6650;greedy
80;2744051;100;10;1000;1000;0.9;8;0;9;instances/4-FullIns_4.col;690;6650;greedy
80;2742014;100;10;1000;1000;0.9;8;0;9;instances/4-FullIns_4.col;690;6650;greedy
80;2739608;100;10;1000;1000;0.9;8;0;9;instances/4-FullIns_4.col;690;6650;greedy
80;2712342;100;10;1000;1000;0.9;8;0;9;instances/4-FullIns_4.col;690;6650;greedy
80;2740846;100;10;1000;1000;0.9;8;0;9;instances/4-FullIns_4.col;690;6650;greedy
80;4544548;100;10;1000;1000;0.9;8;0;9;instances/4-FullIns_4.col;690;6650;greedy
79;2739819;100;10;1000;1000;0.9;8;4;9;instances/4-FullIns_4.col;690;6650;greedy
80;2702577;100;10;1000;1000;0.9;8;0;9;instances/4-FullIns_4.col;690;6650;greedy
80;2717998;100;10;1000;1000;0.9;8;0;9;instances/4-FullIns_4.col;690;6650;greedy
80;2705386;100;10;1000;1000;0.9;8;0;9;instances/4-FullIns_4.col;690;6650;greedy
80;2733519;100;10;1000;1000;0.9;8;0;9;instances/4-FullIns_4.col;690;6650;greedy
80;2713374;100;10;1000;1000;0.9;8;0;9;instances/4-FullIns_4.col;690;6650;greedy
80;2708785;100;10;1000;1000;0.9;8;0;9;instances/4-FullIns_4.col;690;6650;greedy
80;2695190;100;10;1000;1000;0.9;8;0;9;instances/4-FullIns_4.col;690;6650;greedy
80;2707491;100;10;1000;1000;0.9;8;0;9;instances/4-FullIns_4.col;690;6650;greedy
80;2743787;100;10;1000;1000;0.9;8;0;9;instances/4-FullIns_4.col;690;6650;greedy
78;2734040;100;10;1000;1000;0.9;8;3;9;instances/4-FullIns_4.col;690;6650;greedy
80;4446456;100;10;1000;1000;0.9;8;0;9;instances/4-FullIns_4.col;690;6650;greedy
80;2719779;100;10;1000;1000;0.9;8;0;9;instances/4-FullIns_4.col;690;6650;greedy
80;2720823;100;10;1000;1000;0.9;8;0;9;instances/4-FullIns_4.col;690;6650;greedy
80;2723521;100;10;1000;1000;0.9;8;0;9;instances/4-FullIns_4.col;690;6650;greedy
80;2698358;100;10;1000;1000;0.9;8;0;9;instances/4-FullIns_4.col;690;6650;greedy
80;2708080;100;10;1000;1000;0.9;8;0;9;instances/4-FullIns_4.col;690;6650;greedy
80;2714738;100;10;1000;1000;0.9;8;0;9;instances/4-FullIns_4.col;690;6650;greedy
80;2744693;100;10;1000;1000;0.9;8;0;9;instances/4-FullIns_4.col;690;6650;greedy
80;2730414;100;10;1000;1000;0.9;8;0;9;instances/4-FullIns_4.col;690;6650;greedy
80;2751417;100;10;1000;1000;0.9;8;0;9;instances/4-FullIns_4.col;690;6650;greedy
80;2719004;100;10;1000;1000;0.9;8;0;9;instances/4-FullIns_4.col;690;6650;greedy
80;2743229;100;10;1000;1000;0.9;8;0;9;instances/4-FullIns_4.col;690;6650;greedy
80;4539242;100;10;1000;1000;0.9;8;0;9;instances/4-FullIns_4.col;690;6650;greedy
80;2698852;100;10;1000;1000;0.9;8;0;9;instances/4-FullIns_4.col;690;6650;greedy
80;2716734;100;10;1000;1000;0.9;8;0;9;instances/4-FullIns_4.col;690;6650;greedy
80;2707687;100;10;1000;1000;0.9;8;0;9;instances/4-FullIns_4.col;690;6650;greedy
80;2730239;100;10;1000;1000;0.9;8;0;9;instances/4-FullIns_4.col;690;6650;greedy
80;2701433;100;10;1000;1000;0.9;8;0;9;instances/4-FullIns_4.col;690;6650;greedy
80;2743036;100;10;1000;1000;0.9;8;0;9;instances/4-FullIns_4.col;690;6650;greedy
80;2712311;100;10;1000;1000;0.9;8;0;9;instances/4-FullIns_4.col;690;6650;greedy
80;2733486;100;10;1000;1000;0.9;8;0;9;instances/4-FullIns_4.col;690;6650;greedy
80;2724005;100;10;1000;1000;0.9;8;0;9;instances/4-FullIns_4.col;690;6650;greedy
80;2755274;100;10;1000;1000;0.9;8;0;9;instances/4-FullIns_4.col;690;6650;greedy
80;4496674;100;10;1000;1000;0.9;8;0;9;instances/4-FullIns_4.col;690;6650;greedy
80;2756422;100;10;1000;1000;0.9;8;0;9;instances/4-FullIns_4.col;690;6650;greedy
80;2748651;100;10;1000;1000;0.9;8;0;9;instances/4-FullIns_4.col;690;6650;greedy
79;2701837;100;10;1000;1000;0.9;8;1;9;instances/4-FullIns_4.col;690;6650;greedy
80;2699903;100;10;1000;1000;0.9;8;0;9;instances/4-FullIns_4.col;690;6650;greedy
80;2752077;100;10;1000;1000;0.9;8;0;9;instances/4-FullIns_4.col;690;6650;greedy
80;2738851;100;10;1000;1000;0.9;8;0;9;instances/4-FullIns_4.col;690;6650;greedy
80;2704329;100;10;1000;1000;0.9;8;0;9;instances/4-FullIns_4.col;690;6650;greedy
80;2722654;100;10;1000;1000;0.9;8;0;9;instances/4-FullIns_4.col;690;6650;greedy
80;2740763;100;10;1000;1000;0.9;8;0;9;instances/4-FullIns_4.col;690;6650;greedy
80;2710478;100;10;1000;1000;0.9;8;0;9;instances/4-FullIns_4.col;690;6650;greedy
80;2711706;100;10;1000;1000;0.9;8;0;9;instances/4-FullIns_4.col;690;6650;greedy
80;4559678;100;10;1000;1000;0.9;8;0;9;instances/4-FullIns_4.col;690;6650;greedy
80;2724937;100;10;1000;1000;0.9;8;0;9;instances/4-FullIns_4.col;690;6650;greedy
80;2717790;100;10;1000;1000;0.9;8;0;9;instances/4-FullIns_4.col;690;6650;greedy
80;2710141;100;10;1000;1000;0.9;8;0;9;instances/4-FullIns_4.col;690;6650;greedy
80;2769743;100;10;1000;1000;0.9;8;0;9;instances/4-FullIns_4.col;690;6650;greedy
80;2701005;100;10;1000;1000;0.9;8;0;9;instances/4-FullIns_4.col;690;6650;greedy
78;2743964;100;10;1000;1000;0.9;8;1;9;instances/4-FullIns_4.col;690;6650;greedy
616;2738943;100;10;1000;1000;0.9;8;25801;9;instances/4-FullIns_4.col;690;6650;random
616;2710492;100;10;1000;1000;0.9;8;30859;9;instances/4-FullIns_4.col;690;6650;random
635;2675771;100;10;1000;1000;0.9;8;27510;9;instances/4-FullIns_4.col;690;6650;random
640;2632064;100;10;1000;1000;0.9;8;23414;9;instances/4-FullIns_4.col;690;6650;random
616;2728568;100;10;1000;1000;0.9;8;30835;9;instances/4-FullIns_4.col;690;6650;random
641;2719893;100;10;1000;1000;0.9;8;29510;9;instances/4-FullIns_4.col;690;6650;random
632;2714303;100;10;1000;1000;0.9;8;23143;9;instances/4-FullIns_4.col;690;6650;random
617;4971392;100;10;1000;1000;0.9;8;30777;9;instances/4-FullIns_4.col;690;6650;random
599;2677806;100;10;1000;1000;0.9;8;28990;9;instances/4-FullIns_4.col;690;6650;random
628;2682324;100;10;1000;1000;0.9;8;14442;9;instances/4-FullIns_4.col;690;6650;random
623;14532898;100;10;1000;5000;0.9;8;144871;9;instances/4-FullIns_4.col;690;6650;random
596;14385828;100;10;1000;5000;0.9;8;154844;9;instances/4-FullIns_4.col;690;6650;random
604;14475858;100;10;1000;5000;0.9;8;107062;9;instances/4-FullIns_4.col;690;6650;random
634;14542647;100;10;1000;5000;0.9;8;135192;9;instances/4-FullIns_4.col;690;6650;random
612;14521939;100;10;1000;5000;0.9;8;152752;9;instances/4-FullIns_4.col;690;6650;random
598;14558216;100;10;1000;5000;0.9;8;154046;9;instances/4-FullIns_4.col;690;6650;random
597;14465721;100;10;1000;5000;0.9;8;143626;9;instances/4-FullIns_4.col;690;6650;random
618;14538502;100;10;1000;5000;0.9;8;106061;9;instances/4-FullIns_4.col;690;6650;random
576;14357457;100;10;1000;5000;0.9;8;155776;9;instances/4-FullIns_4.col;690;6650;random
616;14392132;100;10;1000;5000;0.9;8;151362;9;instances/4-FullIns_4.col;690;6650;random
587;14421043;100;10;1000;5000;0.9;8;156085;9;instances/4-FullIns_4.col;690;6650;random
603;14480459;100;10;1000;5000;0.9;8;151643;9;instances/4-FullIns_4.col;690;6650;random
594;14439349;100;10;1000;5000;0.9;8;137206;9;instances/4-FullIns_4.col;690;6650;random
598;14380282;100;10;1000;5000;0.9;8;142314;9;instances/4-FullIns_4.col;690;6650;random
615;14356923;100;10;1000;5000;0.9;8;148280;9;instances/4-FullIns_4.col;690;6650;random
589;14526489;100;10;1000;5000;0.9;8;158022;9;instances/4-FullIns_4.col;690;6650;random
601;14423988;100;10;1000;5000;0.9;8;132025;9;instances/4-FullIns_4.col;690;6650;random
603;14892800;100;10;1000;5000;0.9;8;159344;9;instances/4-FullIns_4.col;690;6650;random
606;14518254;100;10;1000;5000;0.9;8;153403;9;instances/4-FullIns_4.col;690;6650;random
609;14598997;100;10;1000;5000;0.9;8;152014;9;instances/4-FullIns_4.col;690;6650;random
603;13645440;100;10;1000;5000;0.9;8;156450;9;instances/4-FullIns_4.col;690;6650;random
597;13614546;100;10;1000;5000;0.9;8;152162;9;instances/4-FullIns_4.col;690;6650;random
596;15748618;100;10;1000;5000;0.9;8;156696;9;instances/4-FullIns_4.col;690;6650;random
594;13497929;100;10;1000;5000;0.9;8;157922;9;instances/4-FullIns_4.col;690;6650;random
613;15962267;100;10;1000;5000;0.9;8;144047;9;instances/4-FullIns_4.col;690;6650;random
597;13383807;100;10;1000;5000;0.9;8;148243;9;instances/4-FullIns_4.col;690;6650;random
621;15784923;100;10;1000;5000;0.9;8;140410;9;instances/4-FullIns_4.col;690;6650;random
617;13552541;100;10;1000;5000;0.9;8;95560;9;instances/4-FullIns_4.col;690;6650;random
620;13769206;100;10;1000;5000;0.9;8;154299;9;instances/4-FullIns_4.col;690;6650;random
615;15750488;100;10;1000;5000;0.9;8;141900;9;instances/4-FullIns_4.col;690;6650;random
