2;361080;100;10;1000;1000;0.9;11;0;9;instances/anna.col;138;986;greedy
2;344338;100;10;1000;1000;0.9;11;0;9;instances/anna.col;138;986;greedy
2;342284;100;10;1000;1000;0.9;11;0;9;instances/anna.col;138;986;greedy
2;365359;100;10;1000;1000;0.9;11;0;9;instances/anna.col;138;986;greedy
2;317753;100;10;1000;1000;0.9;11;0;9;instances/anna.col;138;986;greedy
2;342987;100;10;1000;1000;0.9;11;0;9;instances/anna.col;138;986;greedy
2;317011;100;10;1000;1000;0.9;11;0;9;instances/anna.col;138;986;greedy
2;327629;100;10;1000;1000;0.9;11;0;9;instances/anna.col;138;986;greedy
2;318146;100;10;1000;1000;0.9;11;0;9;instances/anna.col;138;986;greedy
2;321476;100;10;1000;1000;0.9;11;0;9;instances/anna.col;138;986;greedy
2;316018;100;10;1000;1000;0.9;11;0;9;instances/anna.col;138;986;greedy
2;317220;100;10;1000;1000;0.9;11;0;9;instances/anna.col;138;986;greedy
2;313063;100;10;1000;1000;0.9;11;0;9;instances/anna.col;138;986;greedy
2;323222;100;10;1000;1000;0.9;11;0;9;instances/anna.col;138;986;greedy
2;326219;100;10;1000;1000;0.9;11;0;9;instances/anna.col;138;986;greedy
2;320466;100;10;1000;1000;0.9;11;0;9;instances/anna.col;138;986;greedy
2;316331;100;10;1000;1000;0.9;11;0;9;instances/anna.col;138;986;greedy
2;320266;100;10;1000;1000;0.9;11;0;9;instances/anna.col;138;986;greedy
2;319816;100;10;1000;1000;0.9;11;0;9;instances/anna.col;138;986;greedy
2;319208;100;10;1000;1000;0.9;11;0;9;instances/anna.col;138;986;greedy
2;340456;100;10;1000;1000;0.9;11;0;9;instances/anna.col;138;986;greedy
2;318016;100;10;1000;1000;0.9;11;0;9;instances/anna.col;138;986;greedy
2;319161;100;10;1000;1000;0.9;11;0;9;instances/anna.col;138;986;greedy
2;321026;100;10;1000;1000;0.9;11;0;9;instances/anna.col;138;986;greedy
2;320485;100;10;1000;1000;0.9;11;0;9;instances/anna.col;138;986;greedy
2;313403;100;10;1000;1000;0.9;11;0;9;instances/anna.col;138;986;greedy
2;321997;100;10;1000;1000;0.9;11;0;9;instances/anna.col;138;986;greedy
2;319987;100;10;1000;1000;0.9;11;0;9;instances/anna.col;138;986;greedy
2;315430;100;10;1000;1000;0.9;11;0;9;instances/anna.col;138;986;greedy
2;318165;100;10;1000;1000;0.9;11;0;9;instances/anna.col;138;986;greedy
2;320274;100;10;1000;1000;0.9;11;0;9;instances/anna.col;138;986;greedy
2;322608;100;10;1000;1000;0.9;11;0;9;instances/anna.col;138;986;greedy
2;313832;100;10;1000;1000;0.9;11;0;9;instances/anna.col;138;986;greedy
2;319620;100;10;1000;1000;0.9;11;0;9;instances/anna.col;138;986;greedy
2;319329;100;10;1000;1000;0.9;11;0;9;instances/anna.col;138;986;greedy
2;324562;100;10;1000;1000;0.9;11;0;9;instances/anna.col;138;986;greedy
2;325474;100;10;1000;1000;0.9;11;0;9;instances/anna.col;138;986;greedy
2;309245;100;10;1000;1000;0.9;11;0;9;instances/anna.col;138;986;greedy
2;325183;100;10;1000;1000;0.9;11;0;9;instances/anna.col;138;986;greedy
2;322074;100;10;1000;1000;0.9;11;0;9;instances/anna.col;138;986;greedy
2;323492;100;10;1000;1000;0.9;11;0;9;instances/anna.col;138;986;greedy
2;318094;100;10;1000;1000;0.9;11;0;9;instances/anna.col;138;986;greedy
2;328743;100;10;1000;1000;0.9;11;0;9;instances/anna.col;138;986;greedy
2;316456;100;10;1000;1000;0.9;11;0;9;instances/anna.col;138;986;greedy
2;326981;100;10;1000;1000;0.9;11;0;9;instances/anna.col;138;986;greedy
2;304549;100;10;1000;1000;0.9;11;0;9;instances/anna.col;138;986;greedy
2;318574;100;10;1000;1000;0.9;11;0;9;instances/anna.col;138;986;greedy
2;316734;100;10;1000;1000;0.9;11;0;9;instances/anna.col;138;986;greedy
2;330106;100;10;1000;1000;0.9;11;0;9;instances/anna.col;138;986;greedy
2;313523;100;10;1000;1000;0.9;11;0;9;instances/anna.col;138;986;greedy
2;325185;100;10;1000;1000;0.9;11;0;9;instances/anna.col;138;986;greedy
2;313499;100;10;1000;1000;0.9;11;0;9;instances/anna.col;138;986;greedy
2;332733;100;10;1000;1000;0.9;11;0;9;instances/anna.col;138;986;greedy
2;315223;100;10;1000;1000;0.9;11;0;9;instances/anna.col;138;986;greedy
2;329520;100;10;1000;1000;0.9;11;0;9;instances/anna.col;138;986;greedy
2;317916;100;10;1000;1000;0.9;11;0;9;instances/anna.col;138;986;greedy
2;344593;100;10;1000;1000;0.9;11;0;9;instances/anna.col;138;986;greedy
2;327635;100;10;1000;1000;0.9;11;0;9;instances/anna.col;138;986;greedy
2;321079;100;10;1000;1000;0.9;11;0;9;instances/anna.col;138;986;greedy
2;318507;100;10;1000;1000;0.9;11;0;9;instances/anna.col;138;986;greedy
2;315583;100;10;1000;1000;0.9;11;0;9;instances/anna.col;138;986;greedy
2;324863;100;10;1000;1000;0.9;11;0;9;instances/anna.col;138;986;greedy
2;320333;100;10;1000;1000;0.9;11;0;9;instances/anna.col;138;986;greedy
2;1888820;100;10;1000;1000;0.9;11;0;9;instances/anna.col;138;986;greedy
2;316330;100;10;1000;1000;0.9;11;0;9;instances/anna.col;138;986;greedy
2;321409;100;10;1000;1000;0.9;11;0;9;instances/anna.col;138;986;greedy
2;325459;100;10;1000;1000;0.9;11;0;9;instances/anna.col;138;986;greedy
2;315260;100;10;1000;1000;0.9;11;0;9;instances/anna.col;138;986;greedy
2;332317;100;10;1000;1000;0.9;11;0;9;instances/anna.col;138;986;greedy
2;317070;100;10;1000;1000;0.9;11;0;9;instances/anna.col;138;986;greedy
2;321782;100;10;1000;1000;0.9;11;0;9;instances/anna.col;138;986;greedy
2;320520;100;10;1000;1000;0.9;11;0;9;instances/anna.col;138;986;greedy
2;318337;100;10;1000;1000;0.9;11;0;9;instances/anna.col;138;986;greedy
2;313312;100;10;1000;1000;0.9;11;0;9;instances/anna.col;138;986;greedy
2;338869;100;10;1000;1000;0.9;11;0;9;instances/anna.col;138;986;greedy
2;315507;100;10;1000;1000;0.9;11;0;9;instances/anna.col;138;986;greedy
2;318224;100;10;1000;1000;0.9;11;0;9;instances/anna.col;138;986;greedy
2;339933;100;10;1000;1000;0.9;11;0;9;instances/anna.col;138;986;greedy
2;316635;100;10;1000;1000;0.9;11;0;9;instances/anna.col;138;986;greedy
2;316160;100;10;1000;1000;0.9;11;0;9;instances/anna.col;138;986;greedy
2;318901;100;10;1000;1000;0.9;11;0;9;instances/anna.col;138;986;greedy
2;318134;100;10;1000;1000;0.9;11;0;9;instances/anna.col;138;986;greedy
2;314120;100;10;1000;1000;0.9;11;0;9;instances/anna.col;138;986;greedy
2;330020;100;10;1000;1000;0.9;11;0;9;instances/anna.col;138;986;greedy
2;326944;100;10;1000;1000;0.9;11;0;9;instances/anna.col;138;986;greedy
2;318415;100;10;1000;1000;0.9;11;0;9;instances/anna.col;138;986;greedy
2;317921;100;10;1000;1000;0.9;11;0;9;instances/anna.col;138;986;greedy
2;318215;100;10;1000;1000;0.9;11;0;9;instances/anna.col;138;986;greedy
2;348002;100;10;1000;1000;0.9;11;0;9;instances/anna.col;138;986;greedy
2;326049;100;10;1000;1000;0.9;11;0;9;instances/anna.col;138;986;greedy
2;322682;100;10;1000;1000;0.9;11;0;9;instances/anna.col;138;986;greedy
2;334257;100;10;1000;1000;0.9;11;0;9;instances/anna.col;138;986;greedy
2;316529;100;10;1000;1000;0.9;11;0;9;instances/anna.col;138;986;greedy
2;321391;100;10;1000;1000;0.9;11;0;9;instances/anna.col;138;986;greedy
2;332700;100;10;1000;1000;0.9;11;0;9;instances/anna.col;138;986;greedy
2;321168;100;10;1000;1000;0.9;11;0;9;instances/anna.col;138;986;greedy
2;316940;100;10;1000;1000;0.9;11;0;9;instances/anna.col;138;986;greedy
2;310215;100;10;1000;1000;0.9;11;0;9;instances/anna.col;138;986;greedy
2;320171;100;10;1000;1000;0.9;11;0;9;instances/anna.col;138;986;greedy
2;315156;100;10;1000;1000;0.9;11;0;9;instances/anna.col;138;986;greedy
42;313506;100;10;1000;1000;0.9;11;10629;9;instances/anna.col;138;986;random
40;310438;100;10;1000;1000;0.9;11;20384;9;instances/anna.col;138;986;random
36;319357;100;10;1000;1000;0.9;11;19648;9;instances/anna.col;138;986;random
40;321376;100;10;1000;1000;0.9;11;21981;9;instances/anna.col;138;986;random
38;322952;100;10;1000;1000;0.9;11;12389;9;instances/anna.col;138;986;random
38;314178;100;10;1000;1000;0.9;11;6376;9;instances/anna.col;138;986;random
42;312268;100;10;1000;1000;0.9;11;13596;9;instances/anna.col;138;986;random
38;310729;100;10;1000;1000;0.9;11;22568;9;instances/anna.col;138;986;random
42;314999;100;10;1000;1000;0.9;11;21617;9;instances/anna.col;138;986;random
44;314019;100;10;1000;1000;0.9;11;23572;9;instances/anna.col;138;986;random
34;1702112;100;10;1000;5000;0.9;11;118119;9;instances/anna.col;138;986;random
40;1699205;100;10;1000;5000;0.9;11;49787;9;instances/anna.col;138;986;random
34;1674578;100;10;1000;5000;0.9;11;112584;9;instances/anna.col;138;986;random
40;1667137;100;10;1000;5000;0.9;11;94305;9;instances/anna.col;138;986;random
34;1720403;100;10;1000;5000;0.9;11;119454;9;instances/anna.col;138;986;random
38;1692177;100;10;1000;5000;0.9;11;17372;9;instances/anna.col;138;986;random
36;1687169;100;10;1000;5000;0.9;11;87099;9;instances/anna.col;138;986;random
40;1672123;100;10;1000;5000;0.9;11;68342;9;instances/anna.col;138;986;random
36;1714780;100;10;1000;5000;0.9;11;92059;9;instances/anna.col;138;986;random
40;1683847;100;10;1000;5000;0.9;11;111472;9;instances/anna.col;138;986;random
38;1689572;100;10;1000;5000;0.9;11;3975;9;instances/anna.col;138;986;random
38;1682178;100;10;1000;5000;0.9;11;105467;9;instances/anna.col;138;986;random
28;1717357;100;10;1000;5000;0.9;11;77435;9;instances/anna.col;138;986;random
32;1702306;100;10;1000;5000;0.9;11;58039;9;instances/anna.col;138;986;random
36;1716250;100;10;1000;5000;0.9;11;109357;9;instances/anna.col;138;986;random
36;1679206;100;10;1000;5000;0.9;11;94084;9;instances/anna.col;138;986;random
36;1677989;100;10;1000;5000;0.9;11;107465;9;instances/anna.col;138;986;random
40;1726412;100;10;1000;5000;0.9;11;18961;9;instances/anna.col;138;986;random
40;1674739;100;10;1000;5000;0.9;11;32713;9;instances/anna.col;138;986;random
40;1700107;100;10;1000;5000;0.9;11;104976;9;instances/anna.col;138;986;random
38;1597177;100;10;1000;5000;0.9;11;72448;9;instances/anna.col;138;986;random
38;1614383;100;10;1000;5000;0.9;11;123039;9;instances/anna.col;138;986;random
38;1606112;100;10;1000;5000;0.9;11;100718;9;instances/anna.col;138;986;random
40;1618372;100;10;1000;5000;0.9;11;89217;9;instances/anna.col;138;986;random
38;1602234;100;10;1000;5000;0.9;11;22441;9;instances/anna.col;138;986;random
34;1595926;100;10;1000;5000;0.9;11;4355;9;instances/anna.col;138;986;random
36;1612223;100;10;1000;5000;0.9;11;117531;9;instances/anna.col;138;986;random
40;1615011;100;10;1000;5000;0.9;11;31044;9;instances/anna.col;138;986;random
36;1598282;100;10;1000;5000;0.9;11;123260;9;instances/anna.col;138;986;random
36;1604152;100;10;1000;5000;0.9;11;118274;9;instances/anna.col;138;986;random
