139;2323942;100;10;1000;1000;0.9;4;0;9;instances/ash331GPIA.col;662;4185;greedy
139;2157369;100;10;1000;1000;0.9;4;0;9;instances/ash331GPIA.col;662;4185;greedy
139;2100728;100;10;1000;1000;0.9;4;0;9;instances/ash331GPIA.col;662;4185;greedy
139;2109289;100;10;1000;1000;0.9;4;0;9;instances/ash331GPIA.col;662;4185;greedy
139;2078873;100;10;1000;1000;0.9;4;0;9;instances/ash331GPIA.col;662;4185;greedy
139;2104930;100;10;1000;1000;0.9;4;0;9;instances/ash331GPIA.col;662;4185;greedy
138;2103917;100;10;1000;1000;0.9;4;0;9;instances/ash331GPIA.col;662;4185;greedy
139;2179018;100;10;1000;1000;0.9;4;0;9;instances/ash331GPIA.col;662;4185;greedy
139;3976252;100;10;1000;1000;0.9;4;0;9;instances/ash331GPIA.col;662;4185;greedy
139;2138466;100;10;1000;1000;0.9;4;0;9;instances/ash331GPIA.col;662;4185;greedy
138;2097488;100;10;1000;1000;0.9;4;3;9;instances/ash331GPIA.col;662;4185;greedy
139;2046762;100;10;1000;1000;0.9;4;0;9;instances/ash331GPIA.col;662;4185;greedy
139;2040601;100;10;1000;1000;0.9;4;0;9;instances/ash331GPIA.col;662;4185;greedy
139;2099780;100;10;1000;1000;0.9;4;0;9;instances/ash331GPIA.col;662;4185;greedy
139;2088078;100;10;1000;1000;0.9;4;0;9;instances/ash331GPIA.col;662;4185;greedy
139;2058705;100;10;1000;1000;0.9;4;0;9;instances/ash331GPIA.col;662;4185;greedy
139;2036495;100;10;1000;1000;0.9;4;0;9;instances/ash331GPIA.col;662;4185;greedy
139;2024281;100;10;1000;1000;0.9;4;0;9;instances/ash331GPIA.col;662;4185;greedy
139;2082607;100;10;1000;1000;0.9;4;0;9;instances/ash331GPIA.col;662;4185;greedy
138;2093436;100;10;1000;1000;0.9;4;0;9;instances/ash331GPIA.col;662;4185;greedy
139;2095475;100;10;1000;1000;0.9;4;0;9;instances/ash331GPIA.col;662;4185;greedy
139;2093123;100;10;1000;1000;0.9;4;0;9;instances/ash331GPIA.col;662;4185;greedy
139;2181455;100;10;1000;1000;0.9;4;0;9;instances/ash331GPIA.col;662;4185;greedy
139;4128243;100;10;1000;1000;0.9;4;0;9;instances/ash331GPIA.col;662;4185;greedy
139;2122437;100;10;1000;1000;0.9;4;0;9;instances/ash331GPIA.col;662;4185;greedy
139;2110426;100;10;1000;1000;0.9;4;0;9;instances/ash331GPIA.col;662;4185;greedy
139;2071540;100;10;1000;1000;0.9;4;0;9;instances/ash331GPIA.col;662;4185;greedy
139;2018901;100;10;1000;1000;0.9;4;0;9;instances/ash331GPIA.col;662;4185;greedy
139;2042610;100;10;1000;1000;0.9;4;0;9;instances/ash331GPIA.col;662;4185;greedy
139;2046533;100;10;1000;1000;0.9;4;0;9;instances/ash331GPIA.col;662;4185;greedy
139;2105982;100;10;1000;1000;0.9;4;0;9;instances/ash331GPIA.col;662;4185;greedy
139;2102741;100;10;1000;1000;0.9;4;0;9;instances/ash331GPIA.col;662;4185;greedy
139;2080511;100;10;1000;1000;0.9;4;0;9;instances/ash331GPIA.col;662;4185;greedy
139;2179122;100;10;1000;1000;0.9;4;0;9;instances/ash331GPIA.col;662;4185;greedy
139;2099073;100;10;1000;1000;0.9;4;0;9;instances/ash331GPIA.col;662;4185;greedy
138;2139583;100;10;1000;1000;0.9;4;2;9;instances/ash331GPIA.col;662;4185;greedy
139;2147262;100;10;1000;1000;0.9;4;0;9;instances/ash331GPIA.col;662;4185;greedy
139;2194165;100;10;1000;1000;0.9;4;0;9;instances/ash331GPIA.col;662;4185;greedy
139;4071897;100;10;1000;1000;0.9;4;0;9;instances/ash331GPIA.col;662;4185;greedy
139;2133928;100;10;1000;1000;0.9;4;0;9;instances/ash331GPIA.col;662;4185;greedy
139;2145407;100;10;1000;1000;0.9;4;0;9;instances/ash331GPIA.col;662;4185;greedy
139;2063051;100;10;1000;1000;0.9;4;0;9;instances/ash331GPIA.col;662;4185;greedy
139;2032312;100;10;1000;1000;0.9;4;0;9;instances/ash331GPIA.col;662;4185;greedy
139;1986033;100;10;1000;1000;0.9;4;0;9;instances/ash331GPIA.col;662;4185;greedy
139;2012101;100;10;1000;1000;0.9;4;0;9;instances/ash331GPIA.col;662;4185;greedy
139;2114124;100;10;1000;1000;0.9;4;0;9;instances/ash331GPIA.col;662;4185;greedy
138;2106204;100;10;1000;1000;0.9;4;0;9;instances/ash331GPIA.col;662;4185;greedy
139;2143989;100;10;1000;1000;0.9;4;0;9;instances/ash331GPIA.col;662;4185;greedy
136;2164457;100;10;1000;1000;0.9;4;1;9;instances/ash331GPIA.col;662;4185;greedy
139;2118129;100;10;1000;1000;0.9;4;0;9;instances/ash331GPIA.col;662;4185;greedy
137;2126631;100;10;1000;1000;0.9;4;0;9;instances/ash331GPIA.col;662;4185;greedy
139;2127462;100;10;1000;1000;0.9;4;0;9;instances/ash331GPIA.col;662;4185;greedy
139;2118606;100;10;1000;1000;0.9;4;0;9;instances/ash331GPIA.col;662;4185;greedy
139;4089020;100;10;1000;1000;0.9;4;0;9;instances/ash331GPIA.col;662;4185;greedy
139;2083543;100;10;1000;1000;0.9;4;0;9;instances/ash331GPIA.col;662;4185;greedy
139;2148638;100;10;1000;1000;0.9;4;0;9;instances/ash331GPIA.col;662;4185;greedy
139;2102436;100;10;1000;1000;0.9;4;0;9;instances/ash331GPIA.col;662;4185;greedy
139;2082043;100;10;1000;1000;0.9;4;0;9;instances/ash331GPIA.col;662;4185;greedy
139;2122036;100;10;1000;1000;0.9;4;0;9;instances/ash331GPIA.col;662;4185;greedy
135;2114674;100;10;1000;1000;0.9;4;1;9;instances/ash331GPIA.col;662;4185;greedy
138;2101797;100;10;1000;1000;0.9;4;0;9;instances/ash331GPIA.col;662;4185;greedy
139;2069756;100;10;1000;1000;0.9;4;0;9;instances/ash331GPIA.col;662;4185;greedy
139;2115619;100;10;1000;1000;0.9;4;0;9;instances/ash331GPIA.col;662;4185;greedy
139;2066987;100;10;1000;1000;0.9;4;0;9;instances/ash331GPIA.col;662;4185;greedy
137;2090683;100;10;1000;1000;0.9;4;0;9;instances/ash331GPIA.col;662;4185;greedy
139;2090708;100;10;1000;1000;0.9;4;0;9;instances/ash331GPIA.col;662;4185;greedy
137;2094411;100;10;1000;1000;0.9;4;1;9;instances/ash331GPIA.col;662;4185;greedy
139;2085532;100;10;1000;1000;0.9;4;0;9;instances/ash331GPIA.col;662;4185;greedy
139;2104398;100;10;1000;1000;0.9;4;0;9;instances/ash331GPIA.col;662;4185;greedy
139;3820877;100;10;1000;1000;0.9;4;0;9;instances/ash331GPIA.col;662;4185;greedy
139;2078199;100;10;1000;1000;0.9;4;0;9;instances/ash331GPIA.col;662;4185;greedy
138;2112290;100;10;1000;1000;0.9;4;0;9;instances/ash331GPIA.col;662;4185;greedy
139;2083661;100;10;1000;1000;0.9;4;0;9;instances/ash331GPIA.col;662;4185;greedy
139;2132515;100;10;1000;1000;0.9;4;0;9;instances/ash331GPIA.col;662;4185;greedy
139;2091488;100;10;1000;1000;0.9;4;0;9;instances/ash331GPIA.col;662;4185;greedy
139;2128174;100;10;1000;1000;0.9;4;0;9;instances/ash331GPIA.col;662;4185;greedy
137;2120498;100;10;1000;1000;0.9;4;1;9;instances/ash331GPIA.col;662;4185;greedy
139;2117123;100;10;1000;1000;0.9;4;0;9;instances/ash331GPIA.col;662;4185;greedy
139;2087088;100;10;1000;1000;0.9;4;0;9;instances/ash331GPIA.col;662;4185;greedy
139;2099083;100;10;1000;1000;0.9;4;0;9;instances/ash331GPIA.col;662;4185;greedy
139;2088115;100;10;1000;1000;0.9;4;0;9;instances/ash331GPIA.col;662;4185;greedy
139;2096816;100;10;1000;1000;0.9;4;0;9;instances/ash331GPIA.col;662;4185;greedy
139;2114573;100;10;1000;1000;0.9;4;0;9;instances/ash331GPIA.col;662;4185;greedy
139;2114085;100;10;1000;1000;0.9;4;0;9;instances/ash331GPIA.col;662;4185;greedy
139;3867376;100;10;1000;1000;0.9;4;0;9;instances/ash331GPIA.col;662;4185;greedy
139;2081509;100;10;1000;1000;0.9;4;0;9;instances/ash331GPIA.col;662;4185;greedy
139;2128582;100;10;1000;1000;0.9;4;0;9;instances/ash331GPIA.col;662;4185;greedy
139;2093208;100;10;1000;1000;0.9;4;0;9;instances/ash331GPIA.col;662;4185;greedy
139;2084735;100;10;1000;1000;0.9;4;0;9;instances/ash331GPIA.col;662;4185;greedy
139;2149136;100;10;1000;1000;0.9;4;0;9;instances/ash331GPIA.col;662;4185;greedy
139;2136084;100;10;1000;1000;0.9;4;0;9;instances/ash331GPIA.col;662;4185;greedy
137;2087119;100;10;1000;1000;0.9;4;3;9;instances/ash331GPIA.col;662;4185;greedy
139;2104861;100;10;1000;1000;0.9;4;0;9;instances/ash331GPIA.col;662;4185;greedy
139;2064707;100;10;1000;1000;0.9;4;0;9;instances/ash331GPIA.col;662;4185;greedy
139;2121750;100;10;1000;1000;0.9;4;0;9;instances/ash331GPIA.col;662;4185;greedy
139;2074800;100;10;1000;1000;0.9;4;0;9;instances/ash331GPIA.col;662;4185;greedy
139;2145976;100;10;1000;1000;0.9;4;0;9;instances/ash331GPIA.col;662;4185;greedy
139;2109704;100;10;1000;1000;0.9;4;0;9;instances/ash331GPIA.col;662;4185;greedy
139;2104749;100;10;1000;1000;0.9;4;0;9;instances/ash331GPIA.col;662;4185;greedy
138;3849970;100;10;1000;1000;0.9;4;1;9;instances/ash331GPIA.col;662;4185;greedy
699;2072330;100;10;1000;1000;0.9;4;25973;9;instances/ash331GPIA.col;662;4185;random
733;2084343;100;10;1000;1000;0.9;4;29294;9;instances/ash331GPIA.col;662;4185;random
721;2101021;100;10;1000;1000;0.9;4;31174;9;instances/ash331GPIA.col;662;4185;random
725;2105045;100;10;1000;1000;0.9;4;32770;9;instances/ash331GPIA.col;662;4185;random
726;2068434;100;10;1000;1000;0.9;4;30886;9;instances/ash331GPIA.col;662;4185;random
722;2087819;100;10;1000;1000;0.9;4;32641;9;instances/ash331GPIA.col;662;4185;random
737;2075018;100;10;1000;1000;0.9;4;26578;9;instances/ash331GPIA.col;662;4185;random
728;2070000;100;10;1000;1000;0.9;4;29359;9;instances/ash331GPIA.col;662;4185;random
731;2107179;100;10;1000;1000;0.9;4;31286;9;instances/ash331GPIA.col;662;4185;random
707;2097258;100;10;1000;1000;0.9;4;23510;9;instances/ash331GPIA.col;662;4185;random
687;11082895;100;10;1000;5000;0.9;4;152991;9;instances/ash331GPIA.col;662;4185;random
718;11090964;100;10;1000;5000;0.9;4;89513;9;instances/ash331GPIA.col;662;4185;random
702;11373994;100;10;1000;5000;0.9;4;159017;9;instances/ash331GPIA.col;662;4185;random
680;11091723;100;10;1000;5000;0.9;4;163234;9;instances/ash331GPIA.col;662;4185;random
694;11373952;100;10;1000;5000;0.9;4;137400;9;instances/ash331GPIA.col;662;4185;random
716;11171221;100;10;1000;5000;0.9;4;138552;9;instances/ash331GPIA.col;662;4185;random
711;11168262;100;10;1000;5000;0.9;4;159410;9;instances/ash331GPIA.col;662;4185;random
712;11201353;100;10;1000;5000;0.9;4;150270;9;instances/ash331GPIA.col;662;4185;random
664;11127049;100;10;1000;5000;0.9;4;150955;9;instances/ash331GPIA.col;662;4185;random
721;11197067;100;10;1000;5000;0.9;4;121045;9;instances/ash331GPIA.col;662;4185;random
715;11217577;100;10;1000;5000;0.9;4;165532;9;instances/ash331GPIA.col;662;4185;random
684;11163903;100;10;1000;5000;0.9;4;162953;9;instances/ash331GPIA.col;662;4185;random
690;11159141;100;10;1000;5000;0.9;4;153561;9;instances/ash331GPIA.col;662;4185;random
714;11262942;100;10;1000;5000;0.9;4;159116;9;instances/ash331GPIA.col;662;4185;random
687;11178128;100;10;1000;5000;0.9;4;162419;9;instances/ash331GPIA.col;662;4185;random
704;11089306;100;10;1000;5000;0.9;4;162603;9;instances/ash331GPIA.col;662;4185;random
709;11222175;100;10;1000;5000;0.9;4;159196;9;instances/ash331GPIA.col;662;4185;random
711;11075512;100;10;1000;5000;0.9;4;158432;9;instances/ash331GPIA.col;662;4185;random
701;11140646;100;10;1000;5000;0.9;4;130776;9;instances/ash331GPIA.col;662;4185;random
690;11069913;100;10;1000;5000;0.9;4;151756;9;instances/ash331GPIA.col;662;4185;random
701;10571085;100;10;1000;5000;0.9;4;158194;9;instances/ash331GPIA.col;662;4185;random
705;10611112;100;10;1000;5000;0.9;4;159718;9;instances/ash331GPIA.col;662;4185;random
678;12394593;100;10;1000;5000;0.9;4;143492;9;instances/ash331GPIA.col;662;4185;random
713;10609990;100;10;1000;5000;0.9;4;105832;9;instances/ash331GPIA.col;662;4185;random
706;10550862;100;10;1000;5000;0.9;4;149615;9;instances/ash331GPIA.col;662;4185;random
677;12406761;100;10;1000;5000;0.9;4;163281;9;instances/ash331GPIA.col;662;4185;random
690;10602377;100;10;1000;5000;0.9;4;146587;9;instances/ash331GPIA.col;662;4185;random
706;10641454;100;10;1000;5000;0.9;4;162404;9;instances/ash331GPIA.col;662;4185;random
700;12342838;100;10;1000;5000;0.9;4;157767;9;instances/ash331GPIA.col;662;4185;random
711;10697890;100;10;1000;5000;0.9;4;163561;9;instances/ash331GPIA.col;662;4185;random
