312;3975528;100;10;1000;1000;0.9;4;0;9;instances/ash608GPIA.col;1216;7844;greedy
311;4089651;100;10;1000;1000;0.9;4;0;9;instances/ash608GPIA.col;1216;7844;greedy
312;3979080;100;10;1000;1000;0.9;4;0;9;instances/ash608GPIA.col;1216;7844;greedy
312;3913710;100;10;1000;1000;0.9;4;0;9;instances/ash608GPIA.col;1216;7844;greedy
312;3971502;100;10;1000;1000;0.9;4;0;9;instances/ash608GPIA.col;1216;7844;greedy
312;3971517;100;10;1000;1000;0.9;4;0;9;instances/ash608GPIA.col;1216;7844;greedy
312;3970371;100;10;1000;1000;0.9;4;0;9;instances/ash608GPIA.col;1216;7844;greedy
312;4021547;100;10;1000;1000;0.9;4;0;9;instances/ash608GPIA.col;1216;7844;greedy
312;5733505;100;10;1000;1000;0.9;4;0;9;instances/ash608GPIA.col;1216;7844;greedy
310;3969290;100;10;1000;1000;0.9;4;1;9;instances/ash608GPIA.col;1216;7844;greedy
310;3951075;100;10;1000;1000;0.9;4;0;9;instances/ash608GPIA.col;1216;7844;greedy
312;4048139;100;10;1000;1000;0.9;4;0;9;instances/ash608GPIA.col;1216;7844;greedy
312;4007311;100;10;1000;1000;0.9;4;0;9;instances/ash608GPIA.col;1216;7844;greedy
312;3913780;100;10;1000;1000;0.9;4;0;9;instances/ash608GPIA.col;1216;7844;greedy
312;3991985;100;10;1000;1000;0.9;4;0;9;instances/ash608GPIA.col;1216;7844;greedy
312;3965930;100;10;1000;1000;0.9;4;0;9;instances/ash608GPIA.col;1216;7844;greedy
312;5663096;100;10;1000;1000;0.9;4;0;9;instances/ash608GPIA.col;1216;7844;greedy
312;4024542;100;10;1000;1000;0.9;4;0;9;instances/ash608GPIA.col;1216;7844;greedy
312;3988502;100;10;1000;1000;0.9;4;0;9;instances/ash608GPIA.col;1216;7844;greedy
312;3970848;100;10;1000;1000;0.9;4;0;9;instances/ash608GPIA.col;1216;7844;greedy
312;3982665;100;10;1000;1000;0.9;4;0;9;instances/ash608GPIA.col;1216;7844;greedy
312;4004995;100;10;1000;1000;0.9;4;0;9;instances/ash608GPIA.col;1216;7844;greedy
312;4088960;100;10;1000;1000;0.9;4;0;9;instances/ash608GPIA.col;1216;7844;greedy
312;4073968;100;10;1000;1000;0.9;4;0;9;instances/ash608GPIA.col;1216;7844;greedy
312;5798720;100;10;1000;1000;0.9;4;0;9;instances/ash608GPIA.col;1216;7844;greedy
311;4020920;100;10;1000;1000;0.9;4;1;9;instances/ash608GPIA.col;1216;7844;greedy
312;3986889;100;10;1000;1000;0.9;4;0;9;instances/ash608GPIA.col;1216;7844;greedy
312;4043582;100;10;1000;1000;0.9;4;0;9;instances/ash608GPIA.col;1216;7844;greedy
308;4015570;100;10;1000;1000;0.9;4;0;9;instances/ash608GPIA.col;1216;7844;greedy
312;4045586;100;10;1000;1000;0.9;4;0;9;instances/ash608GPIA.col;1216;7844;greedy
312;3952735;100;10;1000;1000;0.9;4;0;9;instances/ash608GPIA.col;1216;7844;greedy
312;3936242;100;10;1000;1000;0.9;4;0;9;instances/ash608GPIA.col;1216;7844;greedy
312;5808719;100;10;1000;1000;0.9;4;0;9;instances/ash608GPIA.col;1216;7844;greedy
312;3979101;100;10;1000;1000;0.9;4;0;9;instances/ash608GPIA.col;1216;7844;greedy
312;3981502;100;10;1000;1000;0.9;4;0;9;instances/ash608GPIA.col;1216;7844;greedy
310;3949759;100;10;1000;1000;0.9;4;0;9;instances/ash608GPIA.col;1216;7844;greedy
312;3960114;100;10;1000;1000;0.9;4;0;9;instances/ash608GPIA.col;1216;7844;greedy
312;3930483;100;10;1000;1000;0.9;4;0;9;instances/ash608GPIA.col;1216;7844;greedy
312;3977186;100;10;1000;1000;0.9;4;0;9;instances/ash608GPIA.col;1216;7844;greedy
312;3930756;100;10;1000;1000;0.9;4;0;9;instances/ash608GPIA.col;1216;7844;greedy
309;5771675;100;10;1000;1000;0.9;4;0;9;instances/ash608GPIA.col;1216;7844;greedy
312;3975757;100;10;1000;1000;0.9;4;0;9;instances/ash608GPIA.col;1216;7844;greedy
308;3938226;100;10;1000;1000;0.9;4;1;9;instances/ash608GPIA.col;1216;7844;greedy
311;3979605;100;10;1000;1000;0.9;4;0;9;instances/ash608GPIA.col;1216;7844;greedy
311;3970594;100;10;1000;1000;0.9;4;3;9;instances/ash608GPIA.col;1216;7844;greedy
312;4069865;100;10;1000;1000;0.9;4;0;9;instances/ash608GPIA.col;1216;7844;greedy
312;3970231;100;10;1000;1000;0.9;4;0;9;instances/ash608GPIA.col;1216;7844;greedy
312;3962764;100;10;1000;1000;0.9;4;0;9;instances/ash608GPIA.col;1216;7844;greedy
311;5842140;100;10;1000;1000;0.9;4;1;9;instances/ash608GPIA.col;1216;7844;greedy
312;3975727;100;10;1000;1000;0.9;4;0;9;instances/ash608GPIA.col;1216;7844;greedy
312;3966242;100;10;1000;1000;0.9;4;0;9;instances/ash608GPIA.col;1216;7844;greedy
312;3963636;100;10;1000;1000;0.9;4;0;9;instances/ash608GPIA.col;1216;7844;greedy
311;4041735;100;10;1000;1000;0.9;4;0;9;instances/ash608GPIA.col;1216;7844;greedy
312;3957048;100;10;1000;1000;0.9;4;0;9;instances/ash608GPIA.col;1216;7844;greedy
312;4035579;100;10;1000;1000;0.9;4;0;9;instances/ash608GPIA.col;1216;7844;greedy
312;3945695;100;10;1000;1000;0.9;4;0;9;instances/ash608GPIA.col;1216;7844;greedy
312;5753637;100;10;1000;1000;0.9;4;0;9;instances/ash608GPIA.col;1216;7844;greedy
312;4003501;100;10;1000;1000;0.9;4;0;9;instances/ash608GPIA.col;1216;7844;greedy
312;4022796;100;10;1000;1000;0.9;4;0;9;instances/ash608GPIA.col;1216;7844;greedy
312;4043003;100;10;1000;1000;0.9;4;0;9;instances/ash608GPIA.col;1216;7844;greedy
310;3977034;100;10;1000;1000;0.9;4;1;9;instances/ash608GPIA.col;1216;7844;greedy
312;4017865;100;10;1000;1000;0.9;4;0;9;instances/ash608GPIA.col;1216;7844;greedy
312;4035532;100;10;1000;1000;0.9;4;0;9;instances/ash608GPIA.col;1216;7844;greedy
310;3945928;100;10;1000;1000;0.9;4;0;9;instances/ash608GPIA.col;1216;7844;greedy
312;5686174;100;10;1000;1000;0.9;4;0;9;instances/ash608GPIA.col;1216;7844;greedy
312;3977579;100;10;1000;1000;0.9;4;0;9;instances/ash608GPIA.col;1216;7844;greedy
312;3990333;100;10;1000;1000;0.9;4;0;9;instances/ash608GPIA.col;1216;7844;greedy
312;3933561;100;10;1000;1000;0.9;4;0;9;instances/ash608GPIA.col;1216;7844;greedy
312;4001306;100;10;1000;1000;0.9;4;0;9;instances/ash608GPIA.col;1216;7844;greedy
312;3958066;100;10;1000;1000;0.9;4;0;9;instances/ash608GPIA.col;1216;7844;greedy
311;3974259;100;10;1000;1000;0.9;4;0;9;instances/ash608GPIA.col;1216;7844;greedy
309;3961051;100;10;1000;1000;0.9;4;0;9;instances/ash608GPIA.col;1216;7844;greedy
312;5932019;100;10;1000;1000;0.9;4;0;9;instances/ash608GPIA.col;1216;7844;greedy
311;3977820;100;10;1000;1000;0.9;4;0;9;instances/ash608GPIA.col;1216;7844;greedy
309;3956554;100;10;1000;1000;0.9;4;0;9;instances/ash608GPIA.col;1216;7844;greedy
312;3988225;100;10;1000;1000;0.9;4;0;9;instances/ash608GPIA.col;1216;7844;greedy
312;3965114;100;10;1000;1000;0.9;4;0;9;instances/ash608GPIA.col;1216;7844;greedy
312;4005511;100;10;1000;1000;0.9;4;0;9;instances/ash608GPIA.col;1216;7844;greedy
312;4034116;100;10;1000;1000;0.9;4;0;9;instances/ash608GPIA.col;1216;7844;greedy
311;4042136;100;10;1000;1000;0.9;4;0;9;instances/ash608GPIA.col;1216;7844;greedy
312;5777425;100;10;1000;1000;0.9;4;0;9;instances/ash608GPIA.col;1216;7844;greedy
312;3995754;100;10;1000;1000;0.9;4;0;9;instances/ash608GPIA.col;1216;7844;greedy
312;4007966;100;10;1000;1000;0.9;4;0;9;instances/ash608GPIA.col;1216;7844;greedy
312;4037658;100;10;1000;1000;0.9;4;0;9;instances/ash608GPIA.col;1216;7844;greedy
312;4082261;100;10;1000;1000;0.9;4;0;9;instances/ash608GPIA.col;1216;7844;greedy
312;4031758;100;10;1000;1000;0.9;4;0;9;instances/ash608GPIA.col;1216;7844;greedy
311;4002935;100;10;1000;1000;0.9;4;0;9;instances/ash608GPIA.col;1216;7844;greedy
311;4017407;100;10;1000;1000;0.9;4;1;9;instances/ash608GPIA.col;1216;7844;greedy
312;5693225;100;10;1000;1000;0.9;4;0;9;instances/ash608GPIA.col;1216;7844;greedy
312;4006255;100;10;1000;1000;0.9;4;0;9;instances/ash608GPIA.col;1216;7844;greedy
312;3918203;100;10;1000;1000;0.9;4;0;9;instances/ash608GPIA.col;1216;7844;greedy
312;3942004;100;10;1000;1000;0.9;4;0;9;instances/ash608GPIA.col;1216;7844;greedy
312;3969263;100;10;1000;1000;0.9;4;0;9;instances/ash608GPIA.col;1216;7844;greedy
312;4037725;100;10;1000;1000;0.9;4;0;9;instances/ash608GPIA.col;1216;7844;greedy
312;3958664;100;10;1000;1000;0.9;4;0;9;instances/ash608GPIA.col;1216;7844;greedy
312;3955495;100;10;1000;1000;0.9;4;0;9;instances/ash608GPIA.col;1216;7844;greedy
312;5847232;100;10;1000;1000;0.9;4;0;9;instances/ash608GPIA.col;1216;7844;greedy
312;3978839;100;10;1000;1000;0.9;4;0;9;instances/ash608GPIA.col;1216;7844;greedy
312;4009307;100;10;1000;1000;0.9;4;0;9;instances/ash608GPIA.col;1216;7844;greedy
312;3936956;100;10;1000;1000;0.9;4;0;9;instances/ash608GPIA.col;1216;7844;greedy
1375;6216521;100;10;1000;1000;0.9;4;31093;9;instances/ash608GPIA.col;1216;7844;random
1423;3925265;100;10;1000;1000;0.9;4;23121;9;instances/ash608GPIA.col;1216;7844;random
1333;3961693;100;10;1000;1000;0.9;4;33188;9;instances/ash608GPIA.col;1216;7844;random
1375;3955461;100;10;1000;1000;0.9;4;32249;9;instances/ash608GPIA.col;1216;7844;random
1419;3911516;100;10;1000;1000;0.9;4;29483;9;instances/ash608GPIA.col;1216;7844;random
1408;3946540;100;10;1000;1000;0.9;4;32680;9;instances/ash608GPIA.col;1216;7844;random
1429;3978683;100;10;1000;1000;0.9;4;27355;9;instances/ash608GPIA.col;1216;7844;random
1392;3968517;100;10;1000;1000;0.9;4;26380;9;instances/ash608GPIA.col;1216;7844;random
1377;6135291;100;10;1000;1000;0.9;4;29109;9;instances/ash608GPIA.col;1216;7844;random
1427;3926135;100;10;1000;1000;0.9;4;23808;9;instances/ash608GPIA.col;1216;7844;random
1337;21218496;100;10;1000;5000;0.9;4;163562;9;instances/ash608GPIA.col;1216;7844;random
1354;21292825;100;10;1000;5000;0.9;4;155467;9;instances/ash608GPIA.col;1216;7844;random
1333;21206693;100;10;1000;5000;0.9;4;161883;9;instances/ash608GPIA.col;1216;7844;random
1358;21171568;100;10;1000;5000;0.9;4;164823;9;instances/ash608GPIA.col;1216;7844;random
1367;21297475;100;10;1000;5000;0.9;4;164112;9;instances/ash608GPIA.col;1216;7844;random
1368;21311098;100;10;1000;5000;0.9;4;156270;9;instances/ash608GPIA.col;1216;7844;random
1347;21436347;100;10;1000;5000;0.9;4;163362;9;instances/ash608GPIA.col;1216;7844;random
1337;21277679;100;10;1000;5000;0.9;4;151848;9;instances/ash608GPIA.col;1216;7844;random
1360;21495724;100;10;1000;5000;0.9;4;156253;9;instances/ash608GPIA.col;1216;7844;random
1328;21302517;100;10;1000;5000;0.9;4;157182;9;instances/ash608GPIA.col;1216;7844;random
1351;21106836;100;10;1000;5000;0.9;4;163997;9;instances/ash608GPIA.col;1216;7844;random
1388;21617101;100;10;1000;5000;0.9;4;157730;9;instances/ash608GPIA.col;1216;7844;random
1357;21192699;100;10;1000;5000;0.9;4;161286;9;instances/ash608GPIA.col;1216;7844;random
1365;21335234;100;10;1000;5000;0.9;4;165902;9;instances/ash608GPIA.col;1216;7844;random
1330;21047244;100;10;1000;5000;0.9;4;164140;9;instances/ash608GPIA.col;1216;7844;random
1353;21281272;100;10;1000;5000;0.9;4;163164;9;instances/ash608GPIA.col;1216;7844;random
1346;21156139;100;10;1000;5000;0.9;4;158382;9;instances/ash608GPIA.col;1216;7844;random
1368;21259069;100;10;1000;5000;0.9;4;124681;9;instances/ash608GPIA.col;1216;7844;random
1370;21157106;100;10;1000;5000;0.9;4;164513;9;instances/ash608GPIA.col;1216;7844;random
1356;21174690;100;10;1000;5000;0.9;4;163861;9;instances/ash608GPIA.col;1216;7844;random
1388;21893549;100;10;1000;5000;0.9;4;132430;9;instances/ash608GPIA.col;1216;7844;random
1383;20189603;100;10;1000;5000;0.9;4;161015;9;instances/ash608GPIA.col;1216;7844;random
1378;22014005;100;10;1000;5000;0.9;4;164728;9;instances/ash608GPIA.col;1216;7844;random
1338;20183296;100;10;1000;5000;0.9;4;158046;9;instances/ash608GPIA.col;1216;7844;random
1348;21896030;100;10;1000;5000;0.9;4;158507;9;instances/ash608GPIA.col;1216;7844;random
1352;22015438;100;10;1000;5000;0.9;4;159770;9;instances/ash608GPIA.col;1216;7844;random
1385;20290077;100;10;1000;5000;0.9;4;153233;9;instances/ash608GPIA.col;1216;7844;random
1376;21818603;100;10;1000;5000;0.9;4;147396;9;instances/ash608GPIA.col;1216;7844;random
1358;21956710;100;10;1000;5000;0.9;4;131000;9;instances/ash608GPIA.col;1216;7844;random
1357;20081372;100;10;1000;5000;0.9;4;152855;9;instances/ash608GPIA.col;1216;7844;random
