2;269838;100;10;1000;1000;0.9;11;0;9;instances/david.col;87;812;greedy
2;274235;100;10;1000;1000;0.9;11;0;9;instances/david.col;87;812;greedy
2;277045;100;10;1000;1000;0.9;11;0;9;instances/david.col;87;812;greedy
2;286213;100;10;1000;1000;0.9;11;0;9;instances/david.col;87;812;greedy
2;271518;100;10;1000;1000;0.9;11;0;9;instances/david.col;87;812;greedy
2;272177;100;10;1000;1000;0.9;11;0;9;instances/david.col;87;812;greedy
2;271823;100;10;1000;1000;0.9;11;0;9;instances/david.col;87;812;greedy
2;280739;100;10;1000;1000;0.9;11;0;9;instances/david.col;87;812;greedy
2;270694;100;10;1000;1000;0.9;11;0;9;instances/david.col;87;812;greedy
2;301502;100;10;1000;1000;0.9;11;0;9;instances/david.col;87;812;greedy
2;270045;100;10;1000;1000;0.9;11;0;9;instances/david.col;87;812;greedy
2;279001;100;10;1000;1000;0.9;11;0;9;instances/david.col;87;812;greedy
2;276287;100;10;1000;1000;0.9;11;0;9;instances/david.col;87;812;greedy
2;271558;100;10;1000;1000;0.9;11;0;9;instances/david.col;87;812;greedy
2;289479;100;10;1000;1000;0.9;11;0;9;instances/david.col;87;812;greedy
2;283670;100;10;1000;1000;0.9;11;0;9;instances/david.col;87;812;greedy
2;283247;100;10;1000;1000;0.9;11;0;9;instances/david.col;87;812;greedy
2;273851;100;10;1000;1000;0.9;11;0;9;instances/david.col;87;812;greedy
2;269548;100;10;1000;1000;0.9;11;0;9;instances/david.col;87;812;greedy
2;287291;100;10;1000;1000;0.9;11;0;9;instances/david.col;87;812;greedy
2;286851;100;10;1000;1000;0.9;11;0;9;instances/david.col;87;812;greedy
2;272924;100;10;1000;1000;0.9;11;0;9;instances/david.col;87;812;greedy
2;275704;100;10;1000;1000;0.9;11;0;9;instances/david.col;87;812;greedy
2;272709;100;10;1000;1000;0.9;11;0;9;instances/david.col;87;812;greedy
2;287501;100;10;1000;1000;0.9;11;0;9;instances/david.col;87;812;greedy
2;271056;100;10;1000;1000;0.9;11;0;9;instances/david.col;87;812;greedy
2;280666;100;10;1000;1000;0.9;11;0;9;instances/david.col;87;812;greedy
2;279808;100;10;1000;1000;0.9;11;0;9;instances/david.col;87;812;greedy
2;276870;100;10;1000;1000;0.9;11;0;9;instances/david.col;87;812;greedy
2;273885;100;10;1000;1000;0.9;11;0;9;instances/david.col;87;812;greedy
2;273829;100;10;1000;1000;0.9;11;0;9;instances/david.col;87;812;greedy
2;272273;100;10;1000;1000;0.9;11;0;9;instances/david.col;87;812;greedy
2;278982;100;10;1000;1000;0.9;11;0;9;instances/david.col;87;812;greedy
2;286387;100;10;1000;1000;0.9;11;0;9;instances/david.col;87;812;greedy
2;284888;100;10;1000;1000;0.9;11;0;9;instances/david.col;87;812;greedy
2;269011;100;10;1000;1000;0.9;11;0;9;instances/david.col;87;812;greedy
2;285839;100;10;1000;1000;0.9;11;0;9;instances/david.col;87;812;greedy
2;273993;100;10;1000;1000;0.9;11;0;9;instances/david.col;87;812;greedy
2;279716;100;10;1000;1000;0.9;11;0;9;instances/david.col;87;812;greedy
2;270769;100;10;1000;1000;0.9;11;0;9;instances/david.col;87;812;greedy
2;273489;100;10;1000;1000;0.9;11;0;9;instances/david.col;87;812;greedy
2;270313;100;10;1000;1000;0.9;11;0;9;instances/david.col;87;812;greedy
2;272086;100;10;1000;1000;0.9;11;0;9;instances/david.col;87;812;greedy
2;277352;100;10;1000;1000;0.9;11;0;9;instances/david.col;87;812;greedy
2;271746;100;10;1000;1000;0.9;11;0;9;instances/david.col;87;812;greedy
2;292596;100;10;1000;1000;0.9;11;0;9;instances/david.col;87;812;greedy
2;294333;100;10;1000;1000;0.9;11;0;9;instances/david.col;87;812;greedy
2;284861;100;10;1000;1000;0.9;11;0;9;instances/david.col;87;812;greedy
2;279575;100;10;1000;1000;0.9;11;0;9;instances/david.col;87;812;greedy
2;270219;100;10;1000;1000;0.9;11;0;9;instances/david.col;87;812;greedy
2;283367;100;10;1000;1000;0.9;11;0;9;instances/david.col;87;812;greedy
2;280894;100;10;1000;1000;0.9;11;0;9;instances/david.col;87;812;greedy
2;269183;100;10;1000;1000;0.9;11;0;9;instances/david.col;87;812;greedy
2;275847;100;10;1000;1000;0.9;11;0;9;instances/david.col;87;812;greedy
2;300283;100;10;1000;1000;0.9;11;0;9;instances/david.col;87;812;greedy
2;288456;100;10;1000;1000;0.9;11;0;9;instances/david.col;87;812;greedy
2;271565;100;10;1000;1000;0.9;11;0;9;instances/david.col;87;812;greedy
2;279874;100;10;1000;1000;0.9;11;0;9;instances/david.col;87;812;greedy
2;270145;100;10;1000;1000;0.9;11;0;9;instances/david.col;87;812;greedy
2;276055;100;10;1000;1000;0.9;11;0;9;instances/david.col;87;812;greedy
2;283091;100;10;1000;1000;0.9;11;0;9;instances/david.col;87;812;greedy
2;270355;100;10;1000;1000;0.9;11;0;9;instances/david.col;87;812;greedy
2;267885;100;10;1000;1000;0.9;11;0;9;instances/david.col;87;812;greedy
2;275232;100;10;1000;1000;0.9;11;0;9;instances/david.col;87;812;greedy
2;320105;100;10;1000;1000;0.9;11;0;9;instances/david.col;87;812;greedy
2;275153;100;10;1000;1000;0.9;11;0;9;instances/david.col;87;812;greedy
2;287891;100;10;1000;1000;0.9;11;0;9;instances/david.col;87;812;greedy
2;340614;100;10;1000;1000;0.9;11;0;9;instances/david.col;87;812;greedy
2;268914;100;10;1000;1000;0.9;11;0;9;instances/david.col;87;812;greedy
2;302080;100;10;1000;1000;0.9;11;0;9;instances/david.col;87;812;greedy
2;279241;100;10;1000;1000;0.9;11;0;9;instances/david.col;87;812;greedy
2;279159;100;10;1000;1000;0.9;11;0;9;instances/david.col;87;812;greedy
2;1882803;100;10;1000;1000;0.9;11;0;9;instances/david.col;87;812;greedy
2;289454;100;10;1000;1000;0.9;11;0;9;instances/david.col;87;812;greedy
2;300616;100;10;1000;1000;0.9;11;0;9;instances/david.col;87;812;greedy
2;303043;100;10;1000;1000;0.9;11;0;9;instances/david.col;87;812;greedy
2;271713;100;10;1000;1000;0.9;11;0;9;instances/david.col;87;812;greedy
2;272764;100;10;1000;1000;0.9;11;0;9;instances/david.col;87;812;greedy
2;272351;100;10;1000;1000;0.9;11;0;9;instances/david.col;87;812;greedy
2;270104;100;10;1000;1000;0.9;11;0;9;instances/david.col;87;812;greedy
2;281165;100;10;1000;1000;0.9;11;0;9;instances/david.col;87;812;greedy
2;285751;100;10;1000;1000;0.9;11;0;9;instances/david.col;87;812;greedy
2;269857;100;10;1000;1000;0.9;11;0;9;instances/david.col;87;812;greedy
2;275586;100;10;1000;1000;0.9;11;0;9;instances/david.col;87;812;greedy
2;272164;100;10;1000;1000;0.9;11;0;9;instances/david.col;87;812;greedy
2;272604;100;10;1000;1000;0.9;11;0;9;instances/david.col;87;812;greedy
2;287456;100;10;1000;1000;0.9;11;0;9;instances/david.col;87;812;greedy
2;274204;100;10;1000;1000;0.9;11;0;9;instances/david.col;87;812;greedy
2;276404;100;10;1000;1000;0.9;11;0;9;instances/david.col;87;812;greedy
2;277154;100;10;1000;1000;0.9;11;0;9;instances/david.col;87;812;greedy
2;295480;100;10;1000;1000;0.9;11;0;9;instances/david.col;87;812;greedy
2;269242;100;10;1000;1000;0.9;11;0;9;instances/david.col;87;812;greedy
2;269682;100;10;1000;1000;0.9;11;0;9;instances/david.col;87;812;greedy
2;282034;100;10;1000;1000;0.9;11;0;9;instances/david.col;87;812;greedy
2;271693;100;10;1000;1000;0.9;11;0;9;instances/david.col;87;812;greedy
2;270107;100;10;1000;1000;0.9;11;0;9;instances/david.col;87;812;greedy
2;272347;100;10;1000;1000;0.9;11;0;9;instances/david.col;87;812;greedy
2;299866;100;10;1000;1000;0.9;11;0;9;instances/david.col;87;812;greedy
2;272309;100;10;1000;1000;0.9;11;0;9;instances/david.col;87;812;greedy
2;277317;100;10;1000;1000;0.9;11;0;9;instances/david.col;87;812;greedy
30;268498;100;10;1000;1000;0.9;11;4858;9;instances/david.col;87;812;random
30;262767;100;10;1000;1000;0.9;11;21767;9;instances/david.col;87;812;random
32;279614;100;10;1000;1000;0.9;11;13522;9;instances/david.col;87;812;random
24;267490;100;10;1000;1000;0.9;11;19845;9;instances/david.col;87;812;random
34;279361;100;10;1000;1000;0.9;11;16835;9;instances/david.col;87;812;random
32;260836;100;10;1000;1000;0.9;11;6989;9;instances/david.col;87;812;random
32;263033;100;10;1000;1000;0.9;11;1580;9;instances/david.col;87;812;random
34;266394;100;10;1000;1000;0.9;11;17048;9;instances/david.col;87;812;random
32;270156;100;10;1000;1000;0.9;11;20618;9;instances/david.col;87;812;random
30;267948;100;10;1000;1000;0.9;11;12033;9;instances/david.col;87;812;random
26;1472191;100;10;1000;5000;0.9;11;113929;9;instances/david.col;87;812;random
26;1458985;100;10;1000;5000;0.9;11;120010;9;instances/david.col;87;812;random
26;1440859;100;10;1000;5000;0.9;11;102878;9;instances/david.col;87;812;random
28;1443576;100;10;1000;5000;0.9;11;125171;9;instances/david.col;87;812;random
26;1444866;100;10;1000;5000;0.9;11;127832;9;instances/david.col;87;812;random
30;1426185;100;10;1000;5000;0.9;11;113665;9;instances/david.col;87;812;random
28;1429179;100;10;1000;5000;0.9;11;85912;9;instances/david.col;87;812;random
30;1446387;100;10;1000;5000;0.9;11;21583;9;instances/david.col;87;812;random
26;1450050;100;10;1000;5000;0.9;11;25167;9;instances/david.col;87;812;random
26;1469027;100;10;1000;5000;0.9;11;127734;9;instances/david.col;87;812;random
24;1476968;100;10;1000;5000;0.9;11;118300;9;instances/david.col;87;812;random
28;1495335;100;10;1000;5000;0.9;11;98531;9;instances/david.col;87;812;random
26;1419663;100;10;1000;5000;0.9;11;131177;9;instances/david.col;87;812;random
28;1463425;100;10;1000;5000;0.9;11;113006;9;instances/david.col;87;812;random
28;1434796;100;10;1000;5000;0.9;11;66758;9;instances/david.col;87;812;random
26;1429362;100;10;1000;5000;0.9;11;110500;9;instances/david.col;87;812;random
30;1423607;100;10;1000;5000;0.9;11;68019;9;instances/david.col;87;812;random
30;1433492;100;10;1000;5000;0.9;11;128162;9;instances/david.col;87;812;random
26;1425258;100;10;1000;5000;0.9;11;82103;9;instances/david.col;87;812;random
28;1449389;100;10;1000;5000;0.9;11;123776;9;instances/david.col;87;812;random
30;1380010;100;10;1000;5000;0.9;11;33823;9;instances/david.col;87;812;random
28;1367953;100;10;1000;5000;0.9;11;43359;9;instances/david.col;87;812;random
28;3056418;100;10;1000;5000;0.9;11;118985;9;instances/david.col;87;812;random
24;1367806;100;10;1000;5000;0.9;11;32436;9;instances/david.col;87;812;random
28;1390218;100;10;1000;5000;0.9;11;31297;9;instances/david.col;87;812;random
26;1380728;100;10;1000;5000;0.9;11;109501;9;instances/david.col;87;812;random
28;1370179;100;10;1000;5000;0.9;11;87455;9;instances/david.col;87;812;random
32;1363566;100;10;1000;5000;0.9;11;88070;9;instances/david.col;87;812;random
26;1354927;100;10;1000;5000;0.9;11;117856;9;instances/david.col;87;812;random
28;1365697;100;10;1000;5000;0.9;11;16085;9;instances/david.col;87;812;random
