332;19509708;100;10;1000;1000;0.9;20;0;9;instances/DSJC1000.1.col;1000;49629;greedy
332;17653504;100;10;1000;1000;0.9;20;0;9;instances/DSJC1000.1.col;1000;49629;greedy
332;19201843;100;10;1000;1000;0.9;20;0;9;instances/DSJC1000.1.col;1000;49629;greedy
332;17817946;100;10;1000;1000;0.9;20;0;9;instances/DSJC1000.1.col;1000;49629;greedy
332;19048397;100;10;1000;1000;0.9;20;0;9;instances/DSJC1000.1.col;1000;49629;greedy
332;19661976;100;10;1000;1000;0.9;20;0;9;instances/DSJC1000.1.col;1000;49629;greedy
332;17631745;100;10;1000;1000;0.9;20;0;9;instances/DSJC1000.1.col;1000;49629;greedy
332;19653597;100;10;1000;1000;0.9;20;0;9;instances/DSJC1000.1.col;1000;49629;greedy
332;17577810;100;10;1000;1000;0.9;20;0;9;instances/DSJC1000.1.col;1000;49629;greedy
332;19634949;100;10;1000;1000;0.9;20;0;9;instances/DSJC1000.1.col;1000;49629;greedy
332;17845917;100;10;1000;1000;0.9;20;0;9;instances/DSJC1000.1.col;1000;49629;greedy
332;19356898;100;10;1000;1000;0.9;20;0;9;instances/DSJC1000.1.col;1000;49629;greedy
332;17800923;100;10;1000;1000;0.9;20;0;9;instances/DSJC1000.1.col;1000;49629;greedy
332;19538762;100;10;1000;1000;0.9;20;0;9;instances/DSJC1000.1.col;1000;49629;greedy
332;19036069;100;10;1000;1000;0.9;20;0;9;instances/DSJC1000.1.col;1000;49629;greedy
332;17856594;100;10;1000;1000;0.9;20;0;9;instances/DSJC1000.1.col;1000;49629;greedy
332;19191560;100;10;1000;1000;0.9;20;0;9;instances/DSJC1000.1.col;1000;49629;greedy
332;17643532;100;10;1000;1000;0.9;20;0;9;instances/DSJC1000.1.col;1000;49629;greedy
332;19107544;100;10;1000;1000;0.9;20;0;9;instances/DSJC1000.1.col;1000;49629;greedy
332;17896723;100;10;1000;1000;0.9;20;0;9;instances/DSJC1000.1.col;1000;49629;greedy
332;19332162;100;10;1000;1000;0.9;20;0;9;instances/DSJC1000.1.col;1000;49629;greedy
332;17671345;100;10;1000;1000;0.9;20;0;9;instances/DSJC1000.1.col;1000;49629;greedy
331;19310471;100;10;1000;1000;0.9;20;0;9;instances/DSJC1000.1.col;1000;49629;greedy
332;17809447;100;10;1000;1000;0.9;20;0;9;instances/DSJC1000.1.col;1000;49629;greedy
332;19204284;100;10;1000;1000;0.9;20;0;9;instances/DSJC1000.1.col;1000;49629;greedy
332;19374302;100;10;1000;1000;0.9;20;0;9;instances/DSJC1000.1.col;1000;49629;greedy
332;17723191;100;10;1000;1000;0.9;20;0;9;instances/DSJC1000.1.col;1000;49629;greedy
331;19338644;100;10;1000;1000;0.9;20;0;9;instances/DSJC1000.1.col;1000;49629;greedy
332;17660128;100;10;1000;1000;0.9;20;0;9;instances/DSJC1000.1.col;1000;49629;greedy
332;19336311;100;10;1000;1000;0.9;20;0;9;instances/DSJC1000.1.col;1000;49629;greedy
332;17776212;100;10;1000;1000;0.9;20;0;9;instances/DSJC1000.1.col;1000;49629;greedy
331;19151035;100;10;1000;1000;0.9;20;0;9;instances/DSJC1000.1.col;1000;49629;greedy
332;17766291;100;10;1000;1000;0.9;20;0;9;instances/DSJC1000.1.col;1000;49629;greedy
332;19487399;100;10;1000;1000;0.9;20;0;9;instances/DSJC1000.1.col;1000;49629;greedy
332;19526002;100;10;1000;1000;0.9;20;0;9;instances/DSJC1000.1.col;1000;49629;greedy
332;17795397;100;10;1000;1000;0.9;20;0;9;instances/DSJC1000.1.col;1000;49629;greedy
332;19611066;100;10;1000;1000;0.9;20;0;9;instances/DSJC1000.1.col;1000;49629;greedy
332;17736115;100;10;1000;1000;0.9;20;0;9;instances/DSJC1000.1.col;1000;49629;greedy
332;19461213;100;10;1000;1000;0.9;20;0;9;instances/DSJC1000.1.col;1000;49629;greedy
332;17891167;100;10;1000;1000;0.9;20;0;9;instances/DSJC1000.1.col;1000;49629;greedy
332;19166580;100;10;1000;1000;0.9;20;0;9;instances/DSJC1000.1.col;1000;49629;greedy
332;17922181;100;10;1000;1000;0.9;20;0;9;instances/DSJC1000.1.col;1000;49629;greedy
332;19130539;100;10;1000;1000;0.9;20;0;9;instances/DSJC1000.1.col;1000;49629;greedy
332;19649734;100;10;1000;1000;0.9;20;0;9;instances/DSJC1000.1.col;1000;49629;greedy
332;17389335;100;10;1000;1000;0.9;20;0;9;instances/DSJC1000.1.col;1000;49629;greedy
332;19930880;100;10;1000;1000;0.9;20;0;9;instances/DSJC1000.1.col;1000;49629;greedy
331;17527511;100;10;1000;1000;0.9;20;0;9;instances/DSJC1000.1.col;1000;49629;greedy
332;19930144;100;10;1000;1000;0.9;20;0;9;instances/DSJC1000.1.col;1000;49629;greedy
332;17791215;100;10;1000;1000;0.9;20;0;9;instances/DSJC1000.1.col;1000;49629;greedy
332;19164098;100;10;1000;1000;0.9;20;0;9;instances/DSJC1000.1.col;1000;49629;greedy
332;18015040;100;10;1000;1000;0.9;20;0;9;instances/DSJC1000.1.col;1000;49629;greedy
332;20066613;100;10;1000;1000;0.9;20;0;9;instances/DSJC1000.1.col;1000;49629;greedy
332;18666924;100;10;1000;1000;0.9;20;0;9;instances/DSJC1000.1.col;1000;49629;greedy
332;16553722;100;10;1000;1000;0.9;20;0;9;instances/DSJC1000.1.col;1000;49629;greedy
332;20621131;100;10;1000;1000;0.9;20;0;9;instances/DSJC1000.1.col;1000;49629;greedy
332;19130007;100;10;1000;1000;0.9;20;0;9;instances/DSJC1000.1.col;1000;49629;greedy
332;17099816;100;10;1000;1000;0.9;20;0;9;instances/DSJC1000.1.col;1000;49629;greedy
332;18208471;100;10;1000;1000;0.9;20;0;9;instances/DSJC1000.1.col;1000;49629;greedy
332;18977428;100;10;1000;1000;0.9;20;0;9;instances/DSJC1000.1.col;1000;49629;greedy
332;19542462;100;10;1000;1000;0.9;20;0;9;instances/DSJC1000.1.col;1000;49629;greedy
332;17443760;100;10;1000;1000;0.9;20;0;9;instances/DSJC1000.1.col;1000;49629;greedy
332;19811839;100;10;1000;1000;0.9;20;0;9;instances/DSJC1000.1.col;1000;49629;greedy
332;17384975;100;10;1000;1000;0.9;20;0;9;instances/DSJC1000.1.col;1000;49629;greedy
332;19583584;100;10;1000;1000;0.9;20;0;9;instances/DSJC1000.1.col;1000;49629;greedy
332;17643511;100;10;1000;1000;0.9;20;0;9;instances/DSJC1000.1.col;1000;49629;greedy
332;19498267;100;10;1000;1000;0.9;20;0;9;instances/DSJC1000.1.col;1000;49629;greedy
332;17578293;100;10;1000;1000;0.9;20;0;9;instances/DSJC1000.1.col;1000;49629;greedy
332;19397572;100;10;1000;1000;0.9;20;0;9;instances/DSJC1000.1.col;1000;49629;greedy
330;19458968;100;10;1000;1000;0.9;20;0;9;instances/DSJC1000.1.col;1000;49629;greedy
332;17448084;100;10;1000;1000;0.9;20;0;9;instances/DSJC1000.1.col;1000;49629;greedy
332;19700751;100;10;1000;1000;0.9;20;0;9;instances/DSJC1000.1.col;1000;49629;greedy
332;17423201;100;10;1000;1000;0.9;20;0;9;instances/DSJC1000.1.col;1000;49629;greedy
332;19545418;100;10;1000;1000;0.9;20;0;9;instances/DSJC1000.1.col;1000;49629;greedy
332;17605690;100;10;1000;1000;0.9;20;0;9;instances/DSJC1000.1.col;1000;49629;greedy
332;19622813;100;10;1000;1000;0.9;20;0;9;instances/DSJC1000.1.col;1000;49629;greedy
332;17861938;100;10;1000;1000;0.9;20;0;9;instances/DSJC1000.1.col;1000;49629;greedy
332;19370879;100;10;1000;1000;0.9;20;0;9;instances/DSJC1000.1.col;1000;49629;greedy
332;17871112;100;10;1000;1000;0.9;20;0;9;instances/DSJC1000.1.col;1000;49629;greedy
332;19076742;100;10;1000;1000;0.9;20;0;9;instances/DSJC1000.1.col;1000;49629;greedy
332;19737883;100;10;1000;1000;0.9;20;0;9;instances/DSJC1000.1.col;1000;49629;greedy
332;17441509;100;10;1000;1000;0.9;20;0;9;instances/DSJC1000.1.col;1000;49629;greedy
332;19591705;100;10;1000;1000;0.9;20;0;9;instances/DSJC1000.1.col;1000;49629;greedy
332;17495358;100;10;1000;1000;0.9;20;0;9;instances/DSJC1000.1.col;1000;49629;greedy
332;19433421;100;10;1000;1000;0.9;20;0;9;instances/DSJC1000.1.col;1000;49629;greedy
332;17250879;100;10;1000;1000;0.9;20;0;9;instances/DSJC1000.1.col;1000;49629;greedy
332;19735080;100;10;1000;1000;0.9;20;0;9;instances/DSJC1000.1.col;1000;49629;greedy
332;17717081;100;10;1000;1000;0.9;20;0;9;instances/DSJC1000.1.col;1000;49629;greedy
332;19273956;100;10;1000;1000;0.9;20;0;9;instances/DSJC1000.1.col;1000;49629;greedy
332;19389932;100;10;1000;1000;0.9;20;0;9;instances/DSJC1000.1.col;1000;49629;greedy
332;17584495;100;10;1000;1000;0.9;20;0;9;instances/DSJC1000.1.col;1000;49629;greedy
332;19464208;100;10;1000;1000;0.9;20;0;9;instances/DSJC1000.1.col;1000;49629;greedy
332;17504083;100;10;1000;1000;0.9;20;0;9;instances/DSJC1000.1.col;1000;49629;greedy
332;19422858;100;10;1000;1000;0.9;20;0;9;instances/DSJC1000.1.col;1000;49629;greedy
332;17676333;100;10;1000;1000;0.9;20;0;9;instances/DSJC1000.1.col;1000;49629;greedy
332;19330999;100;10;1000;1000;0.9;20;0;9;instances/DSJC1000.1.col;1000;49629;greedy
332;17560873;100;10;1000;1000;0.9;20;0;9;instances/DSJC1000.1.col;1000;49629;greedy
332;19296404;100;10;1000;1000;0.9;20;0;9;instances/DSJC1000.1.col;1000;49629;greedy
332;17652489;100;10;1000;1000;0.9;20;0;9;instances/DSJC1000.1.col;1000;49629;greedy
332;19285952;100;10;1000;1000;0.9;20;0;9;instances/DSJC1000.1.col;1000;49629;greedy
332;19261560;100;10;1000;1000;0.9;20;0;9;instances/DSJC1000.1.col;1000;49629;greedy
2089;17534163;100;10;1000;1000;0.9;20;33236;9;instances/DSJC1000.1.col;1000;49629;random
2119;19952245;100;10;1000;1000;0.9;20;18962;9;instances/DSJC1000.1.col;1000;49629;random
2129;17462972;100;10;1000;1000;0.9;20;33980;9;instances/DSJC1000.1.col;1000;49629;random
2107;20022918;100;10;1000;1000;0.9;20;34061;9;instances/DSJC1000.1.col;1000;49629;random
2092;17609526;100;10;1000;1000;0.9;20;26080;9;instances/DSJC1000.1.col;1000;49629;random
2098;20078924;100;10;1000;1000;0.9;20;33412;9;instances/DSJC1000.1.col;1000;49629;random
2103;20092139;100;10;1000;1000;0.9;20;34763;9;instances/DSJC1000.1.col;1000;49629;random
2089;17798484;100;10;1000;1000;0.9;20;32312;9;instances/DSJC1000.1.col;1000;49629;random
2093;20051833;100;10;1000;1000;0.9;20;31314;9;instances/DSJC1000.1.col;1000;49629;random
2126;17657580;100;10;1000;1000;0.9;20;34674;9;instances/DSJC1000.1.col;1000;49629;random
2078;95159460;100;10;1000;5000;0.9;20;171385;9;instances/DSJC1000.1.col;1000;49629;random
2059;92581268;100;10;1000;5000;0.9;20;166625;9;instances/DSJC1000.1.col;1000;49629;random
2056;94394852;100;10;1000;5000;0.9;20;137605;9;instances/DSJC1000.1.col;1000;49629;random
2033;94868106;100;10;1000;5000;0.9;20;167798;9;instances/DSJC1000.1.col;1000;49629;random
2063;94975122;100;10;1000;5000;0.9;20;173485;9;instances/DSJC1000.1.col;1000;49629;random
2068;92320115;100;10;1000;5000;0.9;20;171011;9;instances/DSJC1000.1.col;1000;49629;random
2050;96096061;100;10;1000;5000;0.9;20;168572;9;instances/DSJC1000.1.col;1000;49629;random
2064;92905153;100;10;1000;5000;0.9;20;167748;9;instances/DSJC1000.1.col;1000;49629;random
2031;92964543;100;10;1000;5000;0.9;20;166807;9;instances/DSJC1000.1.col;1000;49629;random
2054;94808998;100;10;1000;5000;0.9;20;166837;9;instances/DSJC1000.1.col;1000;49629;random
2057;93001653;100;10;1000;5000;0.9;20;168914;9;instances/DSJC1000.1.col;1000;49629;random
2046;95432083;100;10;1000;5000;0.9;20;173813;9;instances/DSJC1000.1.col;1000;49629;random
2067;94243771;100;10;1000;5000;0.9;20;165600;9;instances/DSJC1000.1.col;1000;49629;random
2038;94518670;100;10;1000;5000;0.9;20;160008;9;instances/DSJC1000.1.col;1000;49629;random
2043;92372654;100;10;1000;5000;0.9;20;172654;9;instances/DSJC1000.1.col;1000;49629;random
2037;94480219;100;10;1000;5000;0.9;20;174018;9;instances/DSJC1000.1.col;1000;49629;random
2061;94311869;100;10;1000;5000;0.9;20;165927;9;instances/DSJC1000.1.col;1000;49629;random
2037;93016682;100;10;1000;5000;0.9;20;166742;9;instances/DSJC1000.1.col;1000;49629;random
2093;93160456;100;10;1000;5000;0.9;20;172085;9;instances/DSJC1000.1.col;1000;49629;random
2059;93955085;100;10;1000;5000;0.9;20;166320;9;instances/DSJC1000.1.col;1000;49629;random
2049;93679547;100;10;1000;5000;0.9;20;173006;9;instances/DSJC1000.1.col;1000;49629;random
2060;94776966;100;10;1000;5000;0.9;20;173252;9;instances/DSJC1000.1.col;1000;49629;random
2067;94994854;100;10;1000;5000;0.9;20;141006;9;instances/DSJC1000.1.col;1000;49629;random
2062;94785854;100;10;1000;5000;0.9;20;173818;9;instances/DSJC1000.1.col;1000;49629;random
2078;95376088;100;10;1000;5000;0.9;20;174432;9;instances/DSJC1000.1.col;1000;49629;random
2063;93756577;100;10;1000;5000;0.9;20;167680;9;instances/DSJC1000.1.col;1000;49629;random
2082;94877809;100;10;1000;5000;0.9;20;168465;9;instances/DSJC1000.1.col;1000;49629;random
2069;94294690;100;10;1000;5000;0.9;20;171366;9;instances/DSJC1000.1.col;1000;49629;random
2082;94985958;100;10;1000;5000;0.9;20;146600;9;instances/DSJC1000.1.col;1000;49629;random
2074;94587823;100;10;1000;5000;0.9;20;157633;9;instances/DSJC1000.1.col;1000;49629;random
