178;4941440;100;10;1000;1000;0.9;12;0;9;instances/DSJC500.1.col;500;12458;greedy
178;6356569;100;10;1000;1000;0.9;12;0;9;instances/DSJC500.1.col;500;12458;greedy
178;5039242;100;10;1000;1000;0.9;12;0;9;instances/DSJC500.1.col;500;12458;greedy
178;4846477;100;10;1000;1000;0.9;12;0;9;instances/DSJC500.1.col;500;12458;greedy
178;4860876;100;10;1000;1000;0.9;12;0;9;instances/DSJC500.1.col;500;12458;greedy
178;4698626;100;10;1000;1000;0.9;12;0;9;instances/DSJC500.1.col;500;12458;greedy
178;4856589;100;10;1000;1000;0.9;12;0;9;instances/DSJC500.1.col;500;12458;greedy
178;4928503;100;10;1000;1000;0.9;12;0;9;instances/DSJC500.1.col;500;12458;greedy
178;6142006;100;10;1000;1000;0.9;12;0;9;instances/DSJC500.1.col;500;12458;greedy
178;4973001;100;10;1000;1000;0.9;12;0;9;instances/DSJC500.1.col;500;12458;greedy
178;4535601;100;10;1000;1000;0.9;12;0;9;instances/DSJC500.1.col;500;12458;greedy
178;4902077;100;10;1000;1000;0.9;12;0;9;instances/DSJC500.1.col;500;12458;greedy
178;4967787;100;10;1000;1000;0.9;12;0;9;instances/DSJC500.1.col;500;12458;greedy
178;4893761;100;10;1000;1000;0.9;12;0;9;instances/DSJC500.1.col;500;12458;greedy
177;6212216;100;10;1000;1000;0.9;12;0;9;instances/DSJC500.1.col;500;12458;greedy
178;5060205;100;10;1000;1000;0.9;12;0;9;instances/DSJC500.1.col;500;12458;greedy
178;4966594;100;10;1000;1000;0.9;12;0;9;instances/DSJC500.1.col;500;12458;greedy
178;4892529;100;10;1000;1000;0.9;12;0;9;instances/DSJC500.1.col;500;12458;greedy
178;4670584;100;10;1000;1000;0.9;12;0;9;instances/DSJC500.1.col;500;12458;greedy
178;4992019;100;10;1000;1000;0.9;12;0;9;instances/DSJC500.1.col;500;12458;greedy
178;4928205;100;10;1000;1000;0.9;12;0;9;instances/DSJC500.1.col;500;12458;greedy
178;6115091;100;10;1000;1000;0.9;12;0;9;instances/DSJC500.1.col;500;12458;greedy
178;4980061;100;10;1000;1000;0.9;12;0;9;instances/DSJC500.1.col;500;12458;greedy
178;4596693;100;10;1000;1000;0.9;12;0;9;instances/DSJC500.1.col;500;12458;greedy
178;4898280;100;10;1000;1000;0.9;12;0;9;instances/DSJC500.1.col;500;12458;greedy
178;4936409;100;10;1000;1000;0.9;12;0;9;instances/DSJC500.1.col;500;12458;greedy
175;4900808;100;10;1000;1000;0.9;12;0;9;instances/DSJC500.1.col;500;12458;greedy
178;4885349;100;10;1000;1000;0.9;12;0;9;instances/DSJC500.1.col;500;12458;greedy
178;6329097;100;10;1000;1000;0.9;12;0;9;instances/DSJC500.1.col;500;12458;greedy
178;4891294;100;10;1000;1000;0.9;12;0;9;instances/DSJC500.1.col;500;12458;greedy
178;4859688;100;10;1000;1000;0.9;12;0;9;instances/DSJC500.1.col;500;12458;greedy
178;4670270;100;10;1000;1000;0.9;12;0;9;instances/DSJC500.1.col;500;12458;greedy
178;4900978;100;10;1000;1000;0.9;12;0;9;instances/DSJC500.1.col;500;12458;greedy
178;4920779;100;10;1000;1000;0.9;12;0;9;instances/DSJC500.1.col;500;12458;greedy
178;6214530;100;10;1000;1000;0.9;12;0;9;instances/DSJC500.1.col;500;12458;greedy
178;5067491;100;10;1000;1000;0.9;12;0;9;instances/DSJC500.1.col;500;12458;greedy
178;4624214;100;10;1000;1000;0.9;12;0;9;instances/DSJC500.1.col;500;12458;greedy
178;4882014;100;10;1000;1000;0.9;12;0;9;instances/DSJC500.1.col;500;12458;greedy
178;4929876;100;10;1000;1000;0.9;12;0;9;instances/DSJC500.1.col;500;12458;greedy
178;4963792;100;10;1000;1000;0.9;12;0;9;instances/DSJC500.1.col;500;12458;greedy
178;5012536;100;10;1000;1000;0.9;12;0;9;instances/DSJC500.1.col;500;12458;greedy
178;6336190;100;10;1000;1000;0.9;12;0;9;instances/DSJC500.1.col;500;12458;greedy
178;5005741;100;10;1000;1000;0.9;12;0;9;instances/DSJC500.1.col;500;12458;greedy
178;4940109;100;10;1000;1000;0.9;12;0;9;instances/DSJC500.1.col;500;12458;greedy
178;4723858;100;10;1000;1000;0.9;12;0;9;instances/DSJC500.1.col;500;12458;greedy
178;4903770;100;10;1000;1000;0.9;12;0;9;instances/DSJC500.1.col;500;12458;greedy
178;4959099;100;10;1000;1000;0.9;12;0;9;instances/DSJC500.1.col;500;12458;greedy
178;6199136;100;10;1000;1000;0.9;12;0;9;instances/DSJC500.1.col;500;12458;greedy
178;5027425;100;10;1000;1000;0.9;12;0;9;instances/DSJC500.1.col;500;12458;greedy
178;4636396;100;10;1000;1000;0.9;12;0;9;instances/DSJC500.1.col;500;12458;greedy
177;4908383;100;10;1000;1000;0.9;12;0;9;instances/DSJC500.1.col;500;12458;greedy
178;4998105;100;10;1000;1000;0.9;12;0;9;instances/DSJC500.1.col;500;12458;greedy
178;4923658;100;10;1000;1000;0.9;12;0;9;instances/DSJC500.1.col;500;12458;greedy
178;4898313;100;10;1000;1000;0.9;12;0;9;instances/DSJC500.1.col;500;12458;greedy
178;5038385;100;10;1000;1000;0.9;12;0;9;instances/DSJC500.1.col;500;12458;greedy
178;5159164;100;10;1000;1000;0.9;12;0;9;instances/DSJC500.1.col;500;12458;greedy
178;5235548;100;10;1000;1000;0.9;12;0;9;instances/DSJC500.1.col;500;12458;greedy
178;6418793;100;10;1000;1000;0.9;12;0;9;instances/DSJC500.1.col;500;12458;greedy
178;4974348;100;10;1000;1000;0.9;12;0;9;instances/DSJC500.1.col;500;12458;greedy
178;4668323;100;10;1000;1000;0.9;12;0;9;instances/DSJC500.1.col;500;12458;greedy
178;4778885;100;10;1000;1000;0.9;12;0;9;instances/DSJC500.1.col;500;12458;greedy
178;4982548;100;10;1000;1000;0.9;12;0;9;instances/DSJC500.1.col;500;12458;greedy
178;5094888;100;10;1000;1000;0.9;12;0;9;instances/DSJC500.1.col;500;12458;greedy
178;5965117;100;10;1000;1000;0.9;12;0;9;instances/DSJC500.1.col;500;12458;greedy
178;5137725;100;10;1000;1000;0.9;12;0;9;instances/DSJC500.1.col;500;12458;greedy
178;4677978;100;10;1000;1000;0.9;12;0;9;instances/DSJC500.1.col;500;12458;greedy
175;4803581;100;10;1000;1000;0.9;12;3;9;instances/DSJC500.1.col;500;12458;greedy
178;5018522;100;10;1000;1000;0.9;12;0;9;instances/DSJC500.1.col;500;12458;greedy
178;5031506;100;10;1000;1000;0.9;12;0;9;instances/DSJC500.1.col;500;12458;greedy
178;5069721;100;10;1000;1000;0.9;12;0;9;instances/DSJC500.1.col;500;12458;greedy
178;5955594;100;10;1000;1000;0.9;12;0;9;instances/DSJC500.1.col;500;12458;greedy
178;4917381;100;10;1000;1000;0.9;12;0;9;instances/DSJC500.1.col;500;12458;greedy
178;4744806;100;10;1000;1000;0.9;12;0;9;instances/DSJC500.1.col;500;12458;greedy
178;4956803;100;10;1000;1000;0.9;12;0;9;instances/DSJC500.1.col;500;12458;greedy
178;4986946;100;10;1000;1000;0.9;12;0;9;instances/DSJC500.1.col;500;12458;greedy
178;5057977;100;10;1000;1000;0.9;12;0;9;instances/DSJC500.1.col;500;12458;greedy
178;5925997;100;10;1000;1000;0.9;12;0;9;instances/DSJC500.1.col;500;12458;greedy
177;5094462;100;10;1000;1000;0.9;12;0;9;instances/DSJC500.1.col;500;12458;greedy
178;4677300;100;10;1000;1000;0.9;12;0;9;instances/DSJC500.1.col;500;12458;greedy
178;4957841;100;10;1000;1000;0.9;12;0;9;instances/DSJC500.1.col;500;12458;greedy
178;4929483;100;10;1000;1000;0.9;12;0;9;instances/DSJC500.1.col;500;12458;greedy
178;5048031;100;10;1000;1000;0.9;12;0;9;instances/DSJC500.1.col;500;12458;greedy
178;5072250;100;10;1000;1000;0.9;12;0;9;instances/DSJC500.1.col;500;12458;greedy
178;6015584;100;10;1000;1000;0.9;12;0;9;instances/DSJC500.1.col;500;12458;greedy
178;5012838;100;10;1000;1000;0.9;12;0;9;instances/DSJC500.1.col;500;12458;greedy
178;5133148;100;10;1000;1000;0.9;12;0;9;instances/DSJC500.1.col;500;12458;greedy
178;4990883;100;10;1000;1000;0.9;12;0;9;instances/DSJC500.1.col;500;12458;greedy
178;5062471;100;10;1000;1000;0.9;12;0;9;instances/DSJC500.1.col;500;12458;greedy
178;4987163;100;10;1000;1000;0.9;12;0;9;instances/DSJC500.1.col;500;12458;greedy
178;5697960;100;10;1000;1000;0.9;12;0;9;instances/DSJC500.1.col;500;12458;greedy
178;5008982;100;10;1000;1000;0.9;12;0;9;instances/DSJC500.1.col;500;12458;greedy
177;4996694;100;10;1000;1000;0.9;12;0;9;instances/DSJC500.1.col;500;12458;greedy
178;5016769;100;10;1000;1000;0.9;12;0;9;instances/DSJC500.1.col;500;12458;greedy
178;5030272;100;10;1000;1000;0.9;12;0;9;instances/DSJC500.1.col;500;12458;greedy
178;4918201;100;10;1000;1000;0.9;12;0;9;instances/DSJC500.1.col;500;12458;greedy
178;4980701;100;10;1000;1000;0.9;12;0;9;instances/DSJC500.1.col;500;12458;greedy
178;5853643;100;10;1000;1000;0.9;12;0;9;instances/DSJC500.1.col;500;12458;greedy
178;4985275;100;10;1000;1000;0.9;12;0;9;instances/DSJC500.1.col;500;12458;greedy
178;4976623;100;10;1000;1000;0.9;12;0;9;instances/DSJC500.1.col;500;12458;greedy
178;4953394;100;10;1000;1000;0.9;12;0;9;instances/DSJC500.1.col;500;12458;greedy
833;4716297;100;10;1000;1000;0.9;12;34183;9;instances/DSJC500.1.col;500;12458;random
826;4722635;100;10;1000;1000;0.9;12;29917;9;instances/DSJC500.1.col;500;12458;random
831;6571711;100;10;1000;1000;0.9;12;24584;9;instances/DSJC500.1.col;500;12458;random
821;4704394;100;10;1000;1000;0.9;12;27779;9;instances/DSJC500.1.col;500;12458;random
818;4646756;100;10;1000;1000;0.9;12;27803;9;instances/DSJC500.1.col;500;12458;random
777;4686386;100;10;1000;1000;0.9;12;33561;9;instances/DSJC500.1.col;500;12458;random
821;4716566;100;10;1000;1000;0.9;12;34287;9;instances/DSJC500.1.col;500;12458;random
816;4661083;100;10;1000;1000;0.9;12;31635;9;instances/DSJC500.1.col;500;12458;random
828;4689018;100;10;1000;1000;0.9;12;26937;9;instances/DSJC500.1.col;500;12458;random
808;6597662;100;10;1000;1000;0.9;12;34156;9;instances/DSJC500.1.col;500;12458;random
806;26014012;100;10;1000;5000;0.9;12;156180;9;instances/DSJC500.1.col;500;12458;random
808;23816153;100;10;1000;5000;0.9;12;168376;9;instances/DSJC500.1.col;500;12458;random
810;26771108;100;10;1000;5000;0.9;12;147790;9;instances/DSJC500.1.col;500;12458;random
812;25860227;100;10;1000;5000;0.9;12;114028;9;instances/DSJC500.1.col;500;12458;random
790;26087536;100;10;1000;5000;0.9;12;155314;9;instances/DSJC500.1.col;500;12458;random
803;23990249;100;10;1000;5000;0.9;12;154317;9;instances/DSJC500.1.col;500;12458;random
800;26227097;100;10;1000;5000;0.9;12;118643;9;instances/DSJC500.1.col;500;12458;random
799;25835602;100;10;1000;5000;0.9;12;164728;9;instances/DSJC500.1.col;500;12458;random
803;26119446;100;10;1000;5000;0.9;12;167220;9;instances/DSJC500.1.col;500;12458;random
808;24168724;100;10;1000;5000;0.9;12;155655;9;instances/DSJC500.1.col;500;12458;random
807;25873833;100;10;1000;5000;0.9;12;152061;9;instances/DSJC500.1.col;500;12458;random
806;25929202;100;10;1000;5000;0.9;12;169374;9;instances/DSJC500.1.col;500;12458;random
812;25896957;100;10;1000;5000;0.9;12;132177;9;instances/DSJC500.1.col;500;12458;random
800;24196266;100;10;1000;5000;0.9;12;167530;9;instances/DSJC500.1.col;500;12458;random
803;26228367;100;10;1000;5000;0.9;12;164811;9;instances/DSJC500.1.col;500;12458;random
809;26157567;100;10;1000;5000;0.9;12;160556;9;instances/DSJC500.1.col;500;12458;random
797;25818959;100;10;1000;5000;0.9;12;153536;9;instances/DSJC500.1.col;500;12458;random
815;23709311;100;10;1000;5000;0.9;12;167569;9;instances/DSJC500.1.col;500;12458;random
805;26099718;100;10;1000;5000;0.9;12;170850;9;instances/DSJC500.1.col;500;12458;random
795;26205284;100;10;1000;5000;0.9;12;169376;9;instances/DSJC500.1.col;500;12458;random
809;24632767;100;10;1000;5000;0.9;12;156426;9;instances/DSJC500.1.col;500;12458;random
797;26074454;100;10;1000;5000;0.9;12;162659;9;instances/DSJC500.1.col;500;12458;random
802;26133614;100;10;1000;5000;0.9;12;169987;9;instances/DSJC500.1.col;500;12458;random
810;26286160;100;10;1000;5000;0.9;12;153650;9;instances/DSJC500.1.col;500;12458;random
801;24365161;100;10;1000;5000;0.9;12;151447;9;instances/DSJC500.1.col;500;12458;random
805;25981073;100;10;1000;5000;0.9;12;96780;9;instances/DSJC500.1.col;500;12458;random
793;26184654;100;10;1000;5000;0.9;12;156434;9;instances/DSJC500.1.col;500;12458;random
805;26440278;100;10;1000;5000;0.9;12;138689;9;instances/DSJC500.1.col;500;12458;random
806;24334408;100;10;1000;5000;0.9;12;160929;9;instances/DSJC500.1.col;500;12458;random
783;25675642;100;10;1000;5000;0.9;12;169336;9;instances/DSJC500.1.col;500;12458;random
