68;1365793;100;10;1000;1000;0.9;8;0;9;instances/DSJC250.1.col;250;3218;greedy
68;1349540;100;10;1000;1000;0.9;8;0;9;instances/DSJC250.1.col;250;3218;greedy
68;1295565;100;10;1000;1000;0.9;8;0;9;instances/DSJC250.1.col;250;3218;greedy
68;1380719;100;10;1000;1000;0.9;8;0;9;instances/DSJC250.1.col;250;3218;greedy
68;1389813;100;10;1000;1000;0.9;8;0;9;instances/DSJC250.1.col;250;3218;greedy
68;1469618;100;10;1000;1000;0.9;8;0;9;instances/DSJC250.1.col;250;3218;greedy
68;1418735;100;10;1000;1000;0.9;8;0;9;instances/DSJC250.1.col;250;3218;greedy
68;1404766;100;10;1000;1000;0.9;8;0;9;instances/DSJC250.1.col;250;3218;greedy
67;1373934;100;10;1000;1000;0.9;8;0;9;instances/DSJC250.1.col;250;3218;greedy
68;1378625;100;10;1000;1000;0.9;8;0;9;instances/DSJC250.1.col;250;3218;greedy
68;1397973;100;10;1000;1000;0.9;8;0;9;instances/DSJC250.1.col;250;3218;greedy
68;1390716;100;10;1000;1000;0.9;8;0;9;instances/DSJC250.1.col;250;3218;greedy
68;1409910;100;10;1000;1000;0.9;8;0;9;instances/DSJC250.1.col;250;3218;greedy
66;1370798;100;10;1000;1000;0.9;8;1;9;instances/DSJC250.1.col;250;3218;greedy
68;1349114;100;10;1000;1000;0.9;8;0;9;instances/DSJC250.1.col;250;3218;greedy
68;2221081;100;10;1000;1000;0.9;8;0;9;instances/DSJC250.1.col;250;3218;greedy
68;1332884;100;10;1000;1000;0.9;8;0;9;instances/DSJC250.1.col;250;3218;greedy
63;1436898;100;10;1000;1000;0.9;8;0;9;instances/DSJC250.1.col;250;3218;greedy
68;1308952;100;10;1000;1000;0.9;8;0;9;instances/DSJC250.1.col;250;3218;greedy
68;1269021;100;10;1000;1000;0.9;8;0;9;instances/DSJC250.1.col;250;3218;greedy
68;1266233;100;10;1000;1000;0.9;8;0;9;instances/DSJC250.1.col;250;3218;greedy
68;1392562;100;10;1000;1000;0.9;8;0;9;instances/DSJC250.1.col;250;3218;greedy
66;1398313;100;10;1000;1000;0.9;8;0;9;instances/DSJC250.1.col;250;3218;greedy
68;1542414;100;10;1000;1000;0.9;8;0;9;instances/DSJC250.1.col;250;3218;greedy
68;1407565;100;10;1000;1000;0.9;8;0;9;instances/DSJC250.1.col;250;3218;greedy
65;1458180;100;10;1000;1000;0.9;8;0;9;instances/DSJC250.1.col;250;3218;greedy
68;1411190;100;10;1000;1000;0.9;8;0;9;instances/DSJC250.1.col;250;3218;greedy
68;1444353;100;10;1000;1000;0.9;8;0;9;instances/DSJC250.1.col;250;3218;greedy
68;1406223;100;10;1000;1000;0.9;8;0;9;instances/DSJC250.1.col;250;3218;greedy
68;1402202;100;10;1000;1000;0.9;8;0;9;instances/DSJC250.1.col;250;3218;greedy
68;1371712;100;10;1000;1000;0.9;8;0;9;instances/DSJC250.1.col;250;3218;greedy
68;1309502;100;10;1000;1000;0.9;8;0;9;instances/DSJC250.1.col;250;3218;greedy
66;1386080;100;10;1000;1000;0.9;8;0;9;instances/DSJC250.1.col;250;3218;greedy
68;1410948;100;10;1000;1000;0.9;8;0;9;instances/DSJC250.1.col;250;3218;greedy
68;1449569;100;10;1000;1000;0.9;8;0;9;instances/DSJC250.1.col;250;3218;greedy
68;1388424;100;10;1000;1000;0.9;8;0;9;instances/DSJC250.1.col;250;3218;greedy
68;1363038;100;10;1000;1000;0.9;8;0;9;instances/DSJC250.1.col;250;3218;greedy
68;1347390;100;10;1000;1000;0.9;8;0;9;instances/DSJC250.1.col;250;3218;greedy
68;2278650;100;10;1000;1000;0.9;8;0;9;instances/DSJC250.1.col;250;3218;greedy
68;1384286;100;10;1000;1000;0.9;8;0;9;instances/DSJC250.1.col;250;3218;greedy
68;1411854;100;10;1000;1000;0.9;8;0;9;instances/DSJC250.1.col;250;3218;greedy
68;1366424;100;10;1000;1000;0.9;8;0;9;instances/DSJC250.1.col;250;3218;greedy
68;1266629;100;10;1000;1000;0.9;8;0;9;instances/DSJC250.1.col;250;3218;greedy
68;1296554;100;10;1000;1000;0.9;8;0;9;instances/DSJC250.1.col;250;3218;greedy
68;1348700;100;10;1000;1000;0.9;8;0;9;instances/DSJC250.1.col;250;3218;greedy
67;1426324;100;10;1000;1000;0.9;8;1;9;instances/DSJC250.1.col;250;3218;greedy
68;1377533;100;10;1000;1000;0.9;8;0;9;instances/DSJC250.1.col;250;3218;greedy
68;1390705;100;10;1000;1000;0.9;8;0;9;instances/DSJC250.1.col;250;3218;greedy
68;1291922;100;10;1000;1000;0.9;8;0;9;instances/DSJC250.1.col;250;3218;greedy
68;1323066;100;10;1000;1000;0.9;8;0;9;instances/DSJC250.1.col;250;3218;greedy
68;1393669;100;10;1000;1000;0.9;8;0;9;instances/DSJC250.1.col;250;3218;greedy
68;1397219;100;10;1000;1000;0.9;8;0;9;instances/DSJC250.1.col;250;3218;greedy
68;1466566;100;10;1000;1000;0.9;8;0;9;instances/DSJC250.1.col;250;3218;greedy
68;1434891;100;10;1000;1000;0.9;8;0;9;instances/DSJC250.1.col;250;3218;greedy
68;1484770;100;10;1000;1000;0.9;8;0;9;instances/DSJC250.1.col;250;3218;greedy
68;1363910;100;10;1000;1000;0.9;8;0;9;instances/DSJC250.1.col;250;3218;greedy
68;1388173;100;10;1000;1000;0.9;8;0;9;instances/DSJC250.1.col;250;3218;greedy
68;1406556;100;10;1000;1000;0.9;8;0;9;instances/DSJC250.1.col;250;3218;greedy
68;1427815;100;10;1000;1000;0.9;8;0;9;instances/DSJC250.1.col;250;3218;greedy
68;1422388;100;10;1000;1000;0.9;8;0;9;instances/DSJC250.1.col;250;3218;greedy
68;1423174;100;10;1000;1000;0.9;8;0;9;instances/DSJC250.1.col;250;3218;greedy
68;2326991;100;10;1000;1000;0.9;8;0;9;instances/DSJC250.1.col;250;3218;greedy
68;1433145;100;10;1000;1000;0.9;8;0;9;instances/DSJC250.1.col;250;3218;greedy
68;1438330;100;10;1000;1000;0.9;8;0;9;instances/DSJC250.1.col;250;3218;greedy
68;1414588;100;10;1000;1000;0.9;8;0;9;instances/DSJC250.1.col;250;3218;greedy
68;1331472;100;10;1000;1000;0.9;8;0;9;instances/DSJC250.1.col;250;3218;greedy
68;1315000;100;10;1000;1000;0.9;8;0;9;instances/DSJC250.1.col;250;3218;greedy
68;1420964;100;10;1000;1000;0.9;8;0;9;instances/DSJC250.1.col;250;3218;greedy
66;1470735;100;10;1000;1000;0.9;8;0;9;instances/DSJC250.1.col;250;3218;greedy
68;1438777;100;10;1000;1000;0.9;8;0;9;instances/DSJC250.1.col;250;3218;greedy
68;1339849;100;10;1000;1000;0.9;8;0;9;instances/DSJC250.1.col;250;3218;greedy
68;1337407;100;10;1000;1000;0.9;8;0;9;instances/DSJC250.1.col;250;3218;greedy
68;1383921;100;10;1000;1000;0.9;8;0;9;instances/DSJC250.1.col;250;3218;greedy
67;1402111;100;10;1000;1000;0.9;8;0;9;instances/DSJC250.1.col;250;3218;greedy
68;1416367;100;10;1000;1000;0.9;8;0;9;instances/DSJC250.1.col;250;3218;greedy
68;1430699;100;10;1000;1000;0.9;8;0;9;instances/DSJC250.1.col;250;3218;greedy
68;1325255;100;10;1000;1000;0.9;8;0;9;instances/DSJC250.1.col;250;3218;greedy
68;1327714;100;10;1000;1000;0.9;8;0;9;instances/DSJC250.1.col;250;3218;greedy
68;1415498;100;10;1000;1000;0.9;8;0;9;instances/DSJC250.1.col;250;3218;greedy
68;1465402;100;10;1000;1000;0.9;8;0;9;instances/DSJC250.1.col;250;3218;greedy
68;1437300;100;10;1000;1000;0.9;8;0;9;instances/DSJC250.1.col;250;3218;greedy
68;1423183;100;10;1000;1000;0.9;8;0;9;instances/DSJC250.1.col;250;3218;greedy
68;1401589;100;10;1000;1000;0.9;8;0;9;instances/DSJC250.1.col;250;3218;greedy
68;1394053;100;10;1000;1000;0.9;8;0;9;instances/DSJC250.1.col;250;3218;greedy
68;2509111;100;10;1000;1000;0.9;8;0;9;instances/DSJC250.1.col;250;3218;greedy
68;1432038;100;10;1000;1000;0.9;8;0;9;instances/DSJC250.1.col;250;3218;greedy
68;1427014;100;10;1000;1000;0.9;8;0;9;instances/DSJC250.1.col;250;3218;greedy
68;1336989;100;10;1000;1000;0.9;8;0;9;instances/DSJC250.1.col;250;3218;greedy
68;1312256;100;10;1000;1000;0.9;8;0;9;instances/DSJC250.1.col;250;3218;greedy
68;1312772;100;10;1000;1000;0.9;8;0;9;instances/DSJC250.1.col;250;3218;greedy
68;1395922;100;10;1000;1000;0.9;8;0;9;instances/DSJC250.1.col;250;3218;greedy
68;1406201;100;10;1000;1000;0.9;8;0;9;instances/DSJC250.1.col;250;3218;greedy
68;1427457;100;10;1000;1000;0.9;8;0;9;instances/DSJC250.1.col;250;3218;greedy
68;1343993;100;10;1000;1000;0.9;8;0;9;instances/DSJC250.1.col;250;3218;greedy
68;1312590;100;10;1000;1000;0.9;8;0;9;instances/DSJC250.1.col;250;3218;greedy
68;1357409;100;10;1000;1000;0.9;8;0;9;instances/DSJC250.1.col;250;3218;greedy
67;1421639;100;10;1000;1000;0.9;8;0;9;instances/DSJC250.1.col;250;3218;greedy
68;1417843;100;10;1000;1000;0.9;8;0;9;instances/DSJC250.1.col;250;3218;greedy
68;1425896;100;10;1000;1000;0.9;8;0;9;instances/DSJC250.1.col;250;3218;greedy
68;1327026;100;10;1000;1000;0.9;8;0;9;instances/DSJC250.1.col;250;3218;greedy
289;1321621;100;10;1000;1000;0.9;8;33312;9;instances/DSJC250.1.col;250;3218;random
281;1390558;100;10;1000;1000;0.9;8;20072;9;instances/DSJC250.1.col;250;3218;random
296;1345390;100;10;1000;1000;0.9;8;20645;9;instances/DSJC250.1.col;250;3218;random
288;1324581;100;10;1000;1000;0.9;8;7710;9;instances/DSJC250.1.col;250;3218;random
288;1328457;100;10;1000;1000;0.9;8;23306;9;instances/DSJC250.1.col;250;3218;random
280;1326693;100;10;1000;1000;0.9;8;29346;9;instances/DSJC250.1.col;250;3218;random
292;1306690;100;10;1000;1000;0.9;8;21717;9;instances/DSJC250.1.col;250;3218;random
275;1393708;100;10;1000;1000;0.9;8;32306;9;instances/DSJC250.1.col;250;3218;random
278;3260222;100;10;1000;1000;0.9;8;33023;9;instances/DSJC250.1.col;250;3218;random
279;1328367;100;10;1000;1000;0.9;8;31739;9;instances/DSJC250.1.col;250;3218;random
282;6590261;100;10;1000;5000;0.9;8;143269;9;instances/DSJC250.1.col;250;3218;random
281;6707285;100;10;1000;5000;0.9;8;166427;9;instances/DSJC250.1.col;250;3218;random
280;6681597;100;10;1000;5000;0.9;8;138456;9;instances/DSJC250.1.col;250;3218;random
273;8869881;100;10;1000;5000;0.9;8;159450;9;instances/DSJC250.1.col;250;3218;random
267;6799125;100;10;1000;5000;0.9;8;162506;9;instances/DSJC250.1.col;250;3218;random
277;6693874;100;10;1000;5000;0.9;8;113700;9;instances/DSJC250.1.col;250;3218;random
276;6763675;100;10;1000;5000;0.9;8;163458;9;instances/DSJC250.1.col;250;3218;random
270;6804934;100;10;1000;5000;0.9;8;121439;9;instances/DSJC250.1.col;250;3218;random
277;8910263;100;10;1000;5000;0.9;8;162303;9;instances/DSJC250.1.col;250;3218;random
279;6750341;100;10;1000;5000;0.9;8;160998;9;instances/DSJC250.1.col;250;3218;random
282;6518139;100;10;1000;5000;0.9;8;118226;9;instances/DSJC250.1.col;250;3218;random
272;6864936;100;10;1000;5000;0.9;8;136488;9;instances/DSJC250.1.col;250;3218;random
267;8858714;100;10;1000;5000;0.9;8;165776;9;instances/DSJC250.1.col;250;3218;random
271;6873669;100;10;1000;5000;0.9;8;80404;9;instances/DSJC250.1.col;250;3218;random
280;6584934;100;10;1000;5000;0.9;8;165864;9;instances/DSJC250.1.col;250;3218;random
259;6732125;100;10;1000;5000;0.9;8;159594;9;instances/DSJC250.1.col;250;3218;random
286;6808509;100;10;1000;5000;0.9;8;155238;9;instances/DSJC250.1.col;250;3218;random
281;8856761;100;10;1000;5000;0.9;8;157033;9;instances/DSJC250.1.col;250;3218;random
271;6814434;100;10;1000;5000;0.9;8;161668;9;instances/DSJC250.1.col;250;3218;random
282;6505484;100;10;1000;5000;0.9;8;128752;9;instances/DSJC250.1.col;250;3218;random
266;6643370;100;10;1000;5000;0.9;8;104320;9;instances/DSJC250.1.col;250;3218;random
287;8171278;100;10;1000;5000;0.9;8;140082;9;instances/DSJC250.1.col;250;3218;random
284;6712495;100;10;1000;5000;0.9;8;144325;9;instances/DSJC250.1.col;250;3218;random
275;6614430;100;10;1000;5000;0.9;8;163819;9;instances/DSJC250.1.col;250;3218;random
281;6573950;100;10;1000;5000;0.9;8;160849;9;instances/DSJC250.1.col;250;3218;random
277;6750719;100;10;1000;5000;0.9;8;152905;9;instances/DSJC250.1.col;250;3218;random
271;8224953;100;10;1000;5000;0.9;8;122954;9;instances/DSJC250.1.col;250;3218;random
273;6629886;100;10;1000;5000;0.9;8;158488;9;instances/DSJC250.1.col;250;3218;random
280;6564489;100;10;1000;5000;0.9;8;166731;9;instances/DSJC250.1.col;250;3218;random
264;6739889;100;10;1000;5000;0.9;8;162808;9;instances/DSJC250.1.col;250;3218;random
