192;22422758;100;10;1000;1000;0.9;48;0;9;instances/DSJC500.5.col;500;62624;greedy
192;21793672;100;10;1000;1000;0.9;48;0;9;instances/DSJC500.5.col;500;62624;greedy
192;22267348;100;10;1000;1000;0.9;48;0;9;instances/DSJC500.5.col;500;62624;greedy
192;22752005;100;10;1000;1000;0.9;48;0;9;instances/DSJC500.5.col;500;62624;greedy
192;21589497;100;10;1000;1000;0.9;48;0;9;instances/DSJC500.5.col;500;62624;greedy
192;23182800;100;10;1000;1000;0.9;48;0;9;instances/DSJC500.5.col;500;62624;greedy
192;23589471;100;10;1000;1000;0.9;48;0;9;instances/DSJC500.5.col;500;62624;greedy
192;22966174;100;10;1000;1000;0.9;48;0;9;instances/DSJC500.5.col;500;62624;greedy
192;22073659;100;10;1000;1000;0.9;48;0;9;instances/DSJC500.5.col;500;62624;greedy
192;22236882;100;10;1000;1000;0.9;48;0;9;instances/DSJC500.5.col;500;62624;greedy
192;22072292;100;10;1000;1000;0.9;48;0;9;instances/DSJC500.5.col;500;62624;greedy
192;21660785;100;10;1000;1000;0.9;48;0;9;instances/DSJC500.5.col;500;62624;greedy
192;22335660;100;10;1000;1000;0.9;48;0;9;instances/DSJC500.5.col;500;62624;greedy
192;22394544;100;10;1000;1000;0.9;48;0;9;instances/DSJC500.5.col;500;62624;greedy
192;21872372;100;10;1000;1000;0.9;48;0;9;instances/DSJC500.5.col;500;62624;greedy
192;22565037;100;10;1000;1000;0.9;48;0;9;instances/DSJC500.5.col;500;62624;greedy
192;21189006;100;10;1000;1000;0.9;48;0;9;instances/DSJC500.5.col;500;62624;greedy
192;23405959;100;10;1000;1000;0.9;48;0;9;instances/DSJC500.5.col;500;62624;greedy
192;21898840;100;10;1000;1000;0.9;48;0;9;instances/DSJC500.5.col;500;62624;greedy
192;22714816;100;10;1000;1000;0.9;48;0;9;instances/DSJC500.5.col;500;62624;greedy
192;21926758;100;10;1000;1000;0.9;48;0;9;instances/DSJC500.5.col;500;62624;greedy
192;21705569;100;10;1000;1000;0.9;48;0;9;instances/DSJC500.5.col;500;62624;greedy
192;22505843;100;10;1000;1000;0.9;48;0;9;instances/DSJC500.5.col;500;62624;greedy
192;22727956;100;10;1000;1000;0.9;48;0;9;instances/DSJC500.5.col;500;62624;greedy
192;21724765;100;10;1000;1000;0.9;48;0;9;instances/DSJC500.5.col;500;62624;greedy
192;23139038;100;10;1000;1000;0.9;48;0;9;instances/DSJC500.5.col;500;62624;greedy
192;22564354;100;10;1000;1000;0.9;48;0;9;instances/DSJC500.5.col;500;62624;greedy
192;22299034;100;10;1000;1000;0.9;48;0;9;instances/DSJC500.5.col;500;62624;greedy
192;21839816;100;10;1000;1000;0.9;48;0;9;instances/DSJC500.5.col;500;62624;greedy
192;22527967;100;10;1000;1000;0.9;48;0;9;instances/DSJC500.5.col;500;62624;greedy
192;22951861;100;10;1000;1000;0.9;48;0;9;instances/DSJC500.5.col;500;62624;greedy
192;21964907;100;10;1000;1000;0.9;48;0;9;instances/DSJC500.5.col;500;62624;greedy
192;22706688;100;10;1000;1000;0.9;48;0;9;instances/DSJC500.5.col;500;62624;greedy
192;22836845;100;10;1000;1000;0.9;48;0;9;instances/DSJC500.5.col;500;62624;greedy
192;21341236;100;10;1000;1000;0.9;48;0;9;instances/DSJC500.5.col;500;62624;greedy
192;22843828;100;10;1000;1000;0.9;48;0;9;instances/DSJC500.5.col;500;62624;greedy
192;22670518;100;10;1000;1000;0.9;48;0;9;instances/DSJC500.5.col;500;62624;greedy
192;21653003;100;10;1000;1000;0.9;48;0;9;instances/DSJC500.5.col;500;62624;greedy
192;23057424;100;10;1000;1000;0.9;48;0;9;instances/DSJC500.5.col;500;62624;greedy
192;22696051;100;10;1000;1000;0.9;48;0;9;instances/DSJC500.5.col;500;62624;greedy
192;21121110;100;10;1000;1000;0.9;48;0;9;instances/DSJC500.5.col;500;62624;greedy
192;22561302;100;10;1000;1000;0.9;48;0;9;instances/DSJC500.5.col;500;62624;greedy
192;23736153;100;10;1000;1000;0.9;48;0;9;instances/DSJC500.5.col;500;62624;greedy
192;21625435;100;10;1000;1000;0.9;48;0;9;instances/DSJC500.5.col;500;62624;greedy
192;22500373;100;10;1000;1000;0.9;48;0;9;instances/DSJC500.5.col;500;62624;greedy
192;22813844;100;10;1000;1000;0.9;48;0;9;instances/DSJC500.5.col;500;62624;greedy
192;21295734;100;10;1000;1000;0.9;48;0;9;instances/DSJC500.5.col;500;62624;greedy
192;22678309;100;10;1000;1000;0.9;48;0;9;instances/DSJC500.5.col;500;62624;greedy
192;22718697;100;10;1000;1000;0.9;48;0;9;instances/DSJC500.5.col;500;62624;greedy
192;21251487;100;10;1000;1000;0.9;48;0;9;instances/DSJC500.5.col;500;62624;greedy
192;23658336;100;10;1000;1000;0.9;48;0;9;instances/DSJC500.5.col;500;62624;greedy
192;22904796;100;10;1000;1000;0.9;48;0;9;instances/DSJC500.5.col;500;62624;greedy
192;21384782;100;10;1000;1000;0.9;48;0;9;instances/DSJC500.5.col;500;62624;greedy
192;22409907;100;10;1000;1000;0.9;48;0;9;instances/DSJC500.5.col;500;62624;greedy
192;23011685;100;10;1000;1000;0.9;48;0;9;instances/DSJC500.5.col;500;62624;greedy
192;21305598;100;10;1000;1000;0.9;48;0;9;instances/DSJC500.5.col;500;62624;greedy
192;22620002;100;10;1000;1000;0.9;48;0;9;instances/DSJC500.5.col;500;62624;greedy
192;23335004;100;10;1000;1000;0.9;48;0;9;instances/DSJC500.5.col;500;62624;greedy
192;21722796;100;10;1000;1000;0.9;48;0;9;instances/DSJC500.5.col;500;62624;greedy
192;22733739;100;10;1000;1000;0.9;48;0;9;instances/DSJC500.5.col;500;62624;greedy
192;22558614;100;10;1000;1000;0.9;48;0;9;instances/DSJC500.5.col;500;62624;greedy
192;21528758;100;10;1000;1000;0.9;48;0;9;instances/DSJC500.5.col;500;62624;greedy
192;23354966;100;10;1000;1000;0.9;48;0;9;instances/DSJC500.5.col;500;62624;greedy
192;23072977;100;10;1000;1000;0.9;48;0;9;instances/DSJC500.5.col;500;62624;greedy
192;21386299;100;10;1000;1000;0.9;48;0;9;instances/DSJC500.5.col;500;62624;greedy
192;22494326;100;10;1000;1000;0.9;48;0;9;instances/DSJC500.5.col;500;62624;greedy
192;22528984;100;10;1000;1000;0.9;48;0;9;instances/DSJC500.5.col;500;62624;greedy
192;21352300;100;10;1000;1000;0.9;48;0;9;instances/DSJC500.5.col;500;62624;greedy
190;22584064;100;10;1000;1000;0.9;48;0;9;instances/DSJC500.5.col;500;62624;greedy
192;22762509;100;10;1000;1000;0.9;48;0;9;instances/DSJC500.5.col;500;62624;greedy
192;21788797;100;10;1000;1000;0.9;48;0;9;instances/DSJC500.5.col;500;62624;greedy
192;22362834;100;10;1000;1000;0.9;48;0;9;instances/DSJC500.5.col;500;62624;greedy
192;22242810;100;10;1000;1000;0.9;48;0;9;instances/DSJC500.5.col;500;62624;greedy
192;21112416;100;10;1000;1000;0.9;48;0;9;instances/DSJC500.5.col;500;62624;greedy
192;22620280;100;10;1000;1000;0.9;48;0;9;instances/DSJC500.5.col;500;62624;greedy
192;22496111;100;10;1000;1000;0.9;48;0;9;instances/DSJC500.5.col;500;62624;greedy
192;21490848;100;10;1000;1000;0.9;48;0;9;instances/DSJC500.5.col;500;62624;greedy
192;22465509;100;10;1000;1000;0.9;48;0;9;instances/DSJC500.5.col;500;62624;greedy
192;22648543;100;10;1000;1000;0.9;48;0;9;instances/DSJC500.5.col;500;62624;greedy
192;21273340;100;10;1000;1000;0.9;48;0;9;instances/DSJC500.5.col;500;62624;greedy
192;22942775;100;10;1000;1000;0.9;48;0;9;instances/DSJC500.5.col;500;62624;greedy
192;22840187;100;10;1000;1000;0.9;48;0;9;instances/DSJC500.5.col;500;62624;greedy
192;21749713;100;10;1000;1000;0.9;48;0;9;instances/DSJC500.5.col;500;62624;greedy
192;22574250;100;10;1000;1000;0.9;48;0;9;instances/DSJC500.5.col;500;62624;greedy
192;21722933;100;10;1000;1000;0.9;48;0;9;instances/DSJC500.5.col;500;62624;greedy
192;23535997;100;10;1000;1000;0.9;48;0;9;instances/DSJC500.5.col;500;62624;greedy
192;21431694;100;10;1000;1000;0.9;48;0;9;instances/DSJC500.5.col;500;62624;greedy
192;23058736;100;10;1000;1000;0.9;48;0;9;instances/DSJC500.5.col;500;62624;greedy
192;22857010;100;10;1000;1000;0.9;48;0;9;instances/DSJC500.5.col;500;62624;greedy
192;22848057;100;10;1000;1000;0.9;48;0;9;instances/DSJC500.5.col;500;62624;greedy
192;21509718;100;10;1000;1000;0.9;48;0;9;instances/DSJC500.5.col;500;62624;greedy
192;22410912;100;10;1000;1000;0.9;48;0;9;instances/DSJC500.5.col;500;62624;greedy
192;22953950;100;10;1000;1000;0.9;48;0;9;instances/DSJC500.5.col;500;62624;greedy
192;21589172;100;10;1000;1000;0.9;48;0;9;instances/DSJC500.5.col;500;62624;greedy
192;22696445;100;10;1000;1000;0.9;48;0;9;instances/DSJC500.5.col;500;62624;greedy
192;23165487;100;10;1000;1000;0.9;48;0;9;instances/DSJC500.5.col;500;62624;greedy
192;21483879;100;10;1000;1000;0.9;48;0;9;instances/DSJC500.5.col;500;62624;greedy
192;22857587;100;10;1000;1000;0.9;48;0;9;instances/DSJC500.5.col;500;62624;greedy
192;22321218;100;10;1000;1000;0.9;48;0;9;instances/DSJC500.5.col;500;62624;greedy
192;21432933;100;10;1000;1000;0.9;48;0;9;instances/DSJC500.5.col;500;62624;greedy
1114;20717721;100;10;1000;1000;0.9;48;27873;9;instances/DSJC500.5.col;500;62624;random
1112;22359592;100;10;1000;1000;0.9;48;33552;9;instances/DSJC500.5.col;500;62624;random
1121;20661499;100;10;1000;1000;0.9;48;33421;9;instances/DSJC500.5.col;500;62624;random
1106;22955997;100;10;1000;1000;0.9;48;28584;9;instances/DSJC500.5.col;500;62624;random
1114;22836635;100;10;1000;1000;0.9;48;32524;9;instances/DSJC500.5.col;500;62624;random
1113;20625045;100;10;1000;1000;0.9;48;33690;9;instances/DSJC500.5.col;500;62624;random
1128;25578517;100;10;1000;1000;0.9;48;33202;9;instances/DSJC500.5.col;500;62624;random
1120;23981129;100;10;1000;1000;0.9;48;34698;9;instances/DSJC500.5.col;500;62624;random
1116;20741065;100;10;1000;1000;0.9;48;25601;9;instances/DSJC500.5.col;500;62624;random
1114;23400647;100;10;1000;1000;0.9;48;26347;9;instances/DSJC500.5.col;500;62624;random
1084;112771830;100;10;1000;5000;0.9;48;171760;9;instances/DSJC500.5.col;500;62624;random
1100;110871825;100;10;1000;5000;0.9;48;163968;9;instances/DSJC500.5.col;500;62624;random
1098;113746585;100;10;1000;5000;0.9;48;167535;9;instances/DSJC500.5.col;500;62624;random
1073;111731515;100;10;1000;5000;0.9;48;138845;9;instances/DSJC500.5.col;500;62624;random
1096;111255864;100;10;1000;5000;0.9;48;166479;9;instances/DSJC500.5.col;500;62624;random
1077;114418352;100;10;1000;5000;0.9;48;168820;9;instances/DSJC500.5.col;500;62624;random
1103;117393773;100;10;1000;5000;0.9;48;170412;9;instances/DSJC500.5.col;500;62624;random
1107;109454574;100;10;1000;5000;0.9;48;174180;9;instances/DSJC500.5.col;500;62624;random
1104;111167144;100;10;1000;5000;0.9;48;174251;9;instances/DSJC500.5.col;500;62624;random
1100;109185834;100;10;1000;5000;0.9;48;166203;9;instances/DSJC500.5.col;500;62624;random
1105;111090702;100;10;1000;5000;0.9;48;157715;9;instances/DSJC500.5.col;500;62624;random
1110;114547786;100;10;1000;5000;0.9;48;168197;9;instances/DSJC500.5.col;500;62624;random
1111;111725237;100;10;1000;5000;0.9;48;162325;9;instances/DSJC500.5.col;500;62624;random
1101;111975145;100;10;1000;5000;0.9;48;132659;9;instances/DSJC500.5.col;500;62624;random
1101;111544846;100;10;1000;5000;0.9;48;169238;9;instances/DSJC500.5.col;500;62624;random
1110;115761050;100;10;1000;5000;0.9;48;165783;9;instances/DSJC500.5.col;500;62624;random
1121;111022698;100;10;1000;5000;0.9;48;174171;9;instances/DSJC500.5.col;500;62624;random
1085;110827555;100;10;1000;5000;0.9;48;169184;9;instances/DSJC500.5.col;500;62624;random
1081;111609007;100;10;1000;5000;0.9;48;167918;9;instances/DSJC500.5.col;500;62624;random
1114;116541495;100;10;1000;5000;0.9;48;154348;9;instances/DSJC500.5.col;500;62624;random
1097;113527656;100;10;1000;5000;0.9;48;173573;9;instances/DSJC500.5.col;500;62624;random
1120;112370498;100;10;1000;5000;0.9;48;159667;9;instances/DSJC500.5.col;500;62624;random
1095;111655767;100;10;1000;5000;0.9;48;159528;9;instances/DSJC500.5.col;500;62624;random
1104;113144082;100;10;1000;5000;0.9;48;141801;9;instances/DSJC500.5.col;500;62624;random
1095;111315259;100;10;1000;5000;0.9;48;168351;9;instances/DSJC500.5.col;500;62624;random
1099;111884496;100;10;1000;5000;0.9;48;173382;9;instances/DSJC500.5.col;500;62624;random
1114;115543582;100;10;1000;5000;0.9;48;165890;9;instances/DSJC500.5.col;500;62624;random
1107;110568917;100;10;1000;5000;0.9;48;170135;9;instances/DSJC500.5.col;500;62624;random
1094;112022519;100;10;1000;5000;0.9;48;171552;9;instances/DSJC500.5.col;500;62624;random
1103;110782956;100;10;1000;5000;0.9;48;171562;9;instances/DSJC500.5.col;500;62624;random
