85;5483128;100;10;1000;1000;0.9;28;0;9;instances/DSJC250.5.col;250;15668;greedy
85;5677767;100;10;1000;1000;0.9;28;0;9;instances/DSJC250.5.col;250;15668;greedy
85;6371794;100;10;1000;1000;0.9;28;0;9;instances/DSJC250.5.col;250;15668;greedy
85;5495792;100;10;1000;1000;0.9;28;0;9;instances/DSJC250.5.col;250;15668;greedy
85;5344478;100;10;1000;1000;0.9;28;0;9;instances/DSJC250.5.col;250;15668;greedy
85;5449312;100;10;1000;1000;0.9;28;0;9;instances/DSJC250.5.col;250;15668;greedy
85;5575622;100;10;1000;1000;0.9;28;0;9;instances/DSJC250.5.col;250;15668;greedy
85;6394415;100;10;1000;1000;0.9;28;0;9;instances/DSJC250.5.col;250;15668;greedy
85;5385085;100;10;1000;1000;0.9;28;0;9;instances/DSJC250.5.col;250;15668;greedy
85;5588469;100;10;1000;1000;0.9;28;0;9;instances/DSJC250.5.col;250;15668;greedy
85;5425874;100;10;1000;1000;0.9;28;0;9;instances/DSJC250.5.col;250;15668;greedy
85;5435415;100;10;1000;1000;0.9;28;0;9;instances/DSJC250.5.col;250;15668;greedy
85;5567118;100;10;1000;1000;0.9;28;0;9;instances/DSJC250.5.col;250;15668;greedy
85;6380745;100;10;1000;1000;0.9;28;0;9;instances/DSJC250.5.col;250;15668;greedy
85;5364753;100;10;1000;1000;0.9;28;0;9;instances/DSJC250.5.col;250;15668;greedy
85;5567206;100;10;1000;1000;0.9;28;0;9;instances/DSJC250.5.col;250;15668;greedy
85;5495819;100;10;1000;1000;0.9;28;0;9;instances/DSJC250.5.col;250;15668;greedy
85;5418285;100;10;1000;1000;0.9;28;0;9;instances/DSJC250.5.col;250;15668;greedy
85;5509629;100;10;1000;1000;0.9;28;0;9;instances/DSJC250.5.col;250;15668;greedy
85;6406617;100;10;1000;1000;0.9;28;0;9;instances/DSJC250.5.col;250;15668;greedy
85;5439928;100;10;1000;1000;0.9;28;0;9;instances/DSJC250.5.col;250;15668;greedy
85;5496098;100;10;1000;1000;0.9;28;0;9;instances/DSJC250.5.col;250;15668;greedy
85;5599000;100;10;1000;1000;0.9;28;0;9;instances/DSJC250.5.col;250;15668;greedy
85;5373034;100;10;1000;1000;0.9;28;0;9;instances/DSJC250.5.col;250;15668;greedy
85;5496668;100;10;1000;1000;0.9;28;0;9;instances/DSJC250.5.col;250;15668;greedy
85;6403835;100;10;1000;1000;0.9;28;0;9;instances/DSJC250.5.col;250;15668;greedy
85;5409270;100;10;1000;1000;0.9;28;0;9;instances/DSJC250.5.col;250;15668;greedy
85;5458172;100;10;1000;1000;0.9;28;0;9;instances/DSJC250.5.col;250;15668;greedy
85;5583447;100;10;1000;1000;0.9;28;0;9;instances/DSJC250.5.col;250;15668;greedy
85;5433014;100;10;1000;1000;0.9;28;0;9;instances/DSJC250.5.col;250;15668;greedy
85;5455869;100;10;1000;1000;0.9;28;0;9;instances/DSJC250.5.col;250;15668;greedy
85;6461100;100;10;1000;1000;0.9;28;0;9;instances/DSJC250.5.col;250;15668;greedy
85;5434501;100;10;1000;1000;0.9;28;0;9;instances/DSJC250.5.col;250;15668;greedy
85;5471534;100;10;1000;1000;0.9;28;0;9;instances/DSJC250.5.col;250;15668;greedy
85;5615841;100;10;1000;1000;0.9;28;0;9;instances/DSJC250.5.col;250;15668;greedy
85;5461631;100;10;1000;1000;0.9;28;0;9;instances/DSJC250.5.col;250;15668;greedy
85;5429609;100;10;1000;1000;0.9;28;0;9;instances/DSJC250.5.col;250;15668;greedy
85;6446802;100;10;1000;1000;0.9;28;0;9;instances/DSJC250.5.col;250;15668;greedy
85;5607542;100;10;1000;1000;0.9;28;0;9;instances/DSJC250.5.col;250;15668;greedy
85;5533805;100;10;1000;1000;0.9;28;0;9;instances/DSJC250.5.col;250;15668;greedy
85;5520368;100;10;1000;1000;0.9;28;0;9;instances/DSJC250.5.col;250;15668;greedy
85;5733367;100;10;1000;1000;0.9;28;0;9;instances/DSJC250.5.col;250;15668;greedy
85;5499575;100;10;1000;1000;0.9;28;0;9;instances/DSJC250.5.col;250;15668;greedy
85;6569884;100;10;1000;1000;0.9;28;0;9;instances/DSJC250.5.col;250;15668;greedy
85;5549444;100;10;1000;1000;0.9;28;0;9;instances/DSJC250.5.col;250;15668;greedy
85;5556649;100;10;1000;1000;0.9;28;0;9;instances/DSJC250.5.col;250;15668;greedy
85;5656287;100;10;1000;1000;0.9;28;0;9;instances/DSJC250.5.col;250;15668;greedy
85;5642979;100;10;1000;1000;0.9;28;0;9;instances/DSJC250.5.col;250;15668;greedy
85;6540130;100;10;1000;1000;0.9;28;0;9;instances/DSJC250.5.col;250;15668;greedy
85;5494868;100;10;1000;1000;0.9;28;0;9;instances/DSJC250.5.col;250;15668;greedy
85;5546391;100;10;1000;1000;0.9;28;0;9;instances/DSJC250.5.col;250;15668;greedy
85;5594263;100;10;1000;1000;0.9;28;0;9;instances/DSJC250.5.col;250;15668;greedy
85;5585280;100;10;1000;1000;0.9;28;0;9;instances/DSJC250.5.col;250;15668;greedy
85;5655869;100;10;1000;1000;0.9;28;0;9;instances/DSJC250.5.col;250;15668;greedy
85;6552200;100;10;1000;1000;0.9;28;0;9;instances/DSJC250.5.col;250;15668;greedy
85;5525773;100;10;1000;1000;0.9;28;0;9;instances/DSJC250.5.col;250;15668;greedy
85;5558238;100;10;1000;1000;0.9;28;0;9;instances/DSJC250.5.col;250;15668;greedy
85;5672652;100;10;1000;1000;0.9;28;0;9;instances/DSJC250.5.col;250;15668;greedy
85;5579960;100;10;1000;1000;0.9;28;0;9;instances/DSJC250.5.col;250;15668;greedy
85;5602987;100;10;1000;1000;0.9;28;0;9;instances/DSJC250.5.col;250;15668;greedy
85;6630795;100;10;1000;1000;0.9;28;0;9;instances/DSJC250.5.col;250;15668;greedy
85;5703699;100;10;1000;1000;0.9;28;0;9;instances/DSJC250.5.col;250;15668;greedy
85;5453876;100;10;1000;1000;0.9;28;0;9;instances/DSJC250.5.col;250;15668;greedy
85;5616636;100;10;1000;1000;0.9;28;0;9;instances/DSJC250.5.col;250;15668;greedy
85;5616032;100;10;1000;1000;0.9;28;0;9;instances/DSJC250.5.col;250;15668;greedy
85;5598405;100;10;1000;1000;0.9;28;0;9;instances/DSJC250.5.col;250;15668;greedy
85;6519162;100;10;1000;1000;0.9;28;0;9;instances/DSJC250.5.col;250;15668;greedy
85;5544015;100;10;1000;1000;0.9;28;0;9;instances/DSJC250.5.col;250;15668;greedy
85;5542790;100;10;1000;1000;0.9;28;0;9;instances/DSJC250.5.col;250;15668;greedy
85;5581260;100;10;1000;1000;0.9;28;0;9;instances/DSJC250.5.col;250;15668;greedy
85;5470809;100;10;1000;1000;0.9;28;0;9;instances/DSJC250.5.col;250;15668;greedy
85;6378789;100;10;1000;1000;0.9;28;0;9;instances/DSJC250.5.col;250;15668;greedy
85;5611480;100;10;1000;1000;0.9;28;0;9;instances/DSJC250.5.col;250;15668;greedy
85;5420340;100;10;1000;1000;0.9;28;0;9;instances/DSJC250.5.col;250;15668;greedy
85;5451423;100;10;1000;1000;0.9;28;0;9;instances/DSJC250.5.col;250;15668;greedy
85;5373903;100;10;1000;1000;0.9;28;0;9;instances/DSJC250.5.col;250;15668;greedy
85;5464359;100;10;1000;1000;0.9;28;0;9;instances/DSJC250.5.col;250;15668;greedy
85;6487991;100;10;1000;1000;0.9;28;0;9;instances/DSJC250.5.col;250;15668;greedy
85;5449441;100;10;1000;1000;0.9;28;0;9;instances/DSJC250.5.col;250;15668;greedy
85;5380412;100;10;1000;1000;0.9;28;0;9;instances/DSJC250.5.col;250;15668;greedy
85;5473454;100;10;1000;1000;0.9;28;0;9;instances/DSJC250.5.col;250;15668;greedy
85;5365784;100;10;1000;1000;0.9;28;0;9;instances/DSJC250.5.col;250;15668;greedy
85;5391147;100;10;1000;1000;0.9;28;0;9;instances/DSJC250.5.col;250;15668;greedy
85;6337271;100;10;1000;1000;0.9;28;0;9;instances/DSJC250.5.col;250;15668;greedy
85;5371275;100;10;1000;1000;0.9;28;0;9;instances/DSJC250.5.col;250;15668;greedy
85;5395722;100;10;1000;1000;0.9;28;0;9;instances/DSJC250.5.col;250;15668;greedy
85;5418835;100;10;1000;1000;0.9;28;0;9;instances/DSJC250.5.col;250;15668;greedy
85;5390106;100;10;1000;1000;0.9;28;0;9;instances/DSJC250.5.col;250;15668;greedy
85;5443420;100;10;1000;1000;0.9;28;0;9;instances/DSJC250.5.col;250;15668;greedy
85;6546693;100;10;1000;1000;0.9;28;0;9;instances/DSJC250.5.col;250;15668;greedy
85;5471315;100;10;1000;1000;0.9;28;0;9;instances/DSJC250.5.col;250;15668;greedy
85;5324054;100;10;1000;1000;0.9;28;0;9;instances/DSJC250.5.col;250;15668;greedy
85;5402656;100;10;1000;1000;0.9;28;0;9;instances/DSJC250.5.col;250;15668;greedy
83;5486769;100;10;1000;1000;0.9;28;0;9;instances/DSJC250.5.col;250;15668;greedy
85;5419822;100;10;1000;1000;0.9;28;0;9;instances/DSJC250.5.col;250;15668;greedy
85;6494154;100;10;1000;1000;0.9;28;0;9;instances/DSJC250.5.col;250;15668;greedy
85;5473616;100;10;1000;1000;0.9;28;0;9;instances/DSJC250.5.col;250;15668;greedy
85;5204216;100;10;1000;1000;0.9;28;0;9;instances/DSJC250.5.col;250;15668;greedy
85;5425328;100;10;1000;1000;0.9;28;0;9;instances/DSJC250.5.col;250;15668;greedy
85;5499144;100;10;1000;1000;0.9;28;0;9;instances/DSJC250.5.col;250;15668;greedy
454;5032765;100;10;1000;1000;0.9;28;31909;9;instances/DSJC250.5.col;250;15668;random
466;5084809;100;10;1000;1000;0.9;28;5995;9;instances/DSJC250.5.col;250;15668;random
463;5053097;100;10;1000;1000;0.9;28;14174;9;instances/DSJC250.5.col;250;15668;random
459;5097964;100;10;1000;1000;0.9;28;24129;9;instances/DSJC250.5.col;250;15668;random
438;5140187;100;10;1000;1000;0.9;28;34383;9;instances/DSJC250.5.col;250;15668;random
444;5047190;100;10;1000;1000;0.9;28;26093;9;instances/DSJC250.5.col;250;15668;random
457;7009912;100;10;1000;1000;0.9;28;31214;9;instances/DSJC250.5.col;250;15668;random
454;5066043;100;10;1000;1000;0.9;28;33012;9;instances/DSJC250.5.col;250;15668;random
447;5134187;100;10;1000;1000;0.9;28;23559;9;instances/DSJC250.5.col;250;15668;random
431;5113506;100;10;1000;1000;0.9;28;27708;9;instances/DSJC250.5.col;250;15668;random
439;28720605;100;10;1000;5000;0.9;28;158974;9;instances/DSJC250.5.col;250;15668;random
444;28464542;100;10;1000;5000;0.9;28;167711;9;instances/DSJC250.5.col;250;15668;random
433;26041268;100;10;1000;5000;0.9;28;115336;9;instances/DSJC250.5.col;250;15668;random
420;28630953;100;10;1000;5000;0.9;28;167416;9;instances/DSJC250.5.col;250;15668;random
434;28618681;100;10;1000;5000;0.9;28;144346;9;instances/DSJC250.5.col;250;15668;random
444;28395224;100;10;1000;5000;0.9;28;128418;9;instances/DSJC250.5.col;250;15668;random
447;28352807;100;10;1000;5000;0.9;28;101918;9;instances/DSJC250.5.col;250;15668;random
441;25913448;100;10;1000;5000;0.9;28;124181;9;instances/DSJC250.5.col;250;15668;random
433;29120738;100;10;1000;5000;0.9;28;169502;9;instances/DSJC250.5.col;250;15668;random
447;29786640;100;10;1000;5000;0.9;28;163440;9;instances/DSJC250.5.col;250;15668;random
446;28535587;100;10;1000;5000;0.9;28;158384;9;instances/DSJC250.5.col;250;15668;random
443;28938499;100;10;1000;5000;0.9;28;114995;9;instances/DSJC250.5.col;250;15668;random
446;28898601;100;10;1000;5000;0.9;28;155368;9;instances/DSJC250.5.col;250;15668;random
442;26381780;100;10;1000;5000;0.9;28;170963;9;instances/DSJC250.5.col;250;15668;random
445;28429386;100;10;1000;5000;0.9;28;170215;9;instances/DSJC250.5.col;250;15668;random
444;29054985;100;10;1000;5000;0.9;28;162976;9;instances/DSJC250.5.col;250;15668;random
443;28167730;100;10;1000;5000;0.9;28;139499;9;instances/DSJC250.5.col;250;15668;random
433;28368390;100;10;1000;5000;0.9;28;123793;9;instances/DSJC250.5.col;250;15668;random
435;28303651;100;10;1000;5000;0.9;28;166966;9;instances/DSJC250.5.col;250;15668;random
439;26522281;100;10;1000;5000;0.9;28;167610;9;instances/DSJC250.5.col;250;15668;random
446;27740815;100;10;1000;5000;0.9;28;161354;9;instances/DSJC250.5.col;250;15668;random
437;28092623;100;10;1000;5000;0.9;28;149383;9;instances/DSJC250.5.col;250;15668;random
439;28079935;100;10;1000;5000;0.9;28;154719;9;instances/DSJC250.5.col;250;15668;random
429;28090749;100;10;1000;5000;0.9;28;153848;9;instances/DSJC250.5.col;250;15668;random
441;26393558;100;10;1000;5000;0.9;28;159192;9;instances/DSJC250.5.col;250;15668;random
439;28099798;100;10;1000;5000;0.9;28;159889;9;instances/DSJC250.5.col;250;15668;random
445;28083640;100;10;1000;5000;0.9;28;94213;9;instances/DSJC250.5.col;250;15668;random
438;28284887;100;10;1000;5000;0.9;28;169235;9;instances/DSJC250.5.col;250;15668;random
446;28593062;100;10;1000;5000;0.9;28;162667;9;instances/DSJC250.5.col;250;15668;random
438;28376673;100;10;1000;5000;0.9;28;131624;9;instances/DSJC250.5.col;250;15668;random
