7;1360728;100;10;1000;1000;0.9;12;0;9;instances/DSJR500.1.col;500;3555;greedy
7;1705273;100;10;1000;1000;0.9;12;0;9;instances/DSJR500.1.col;500;3555;greedy
7;1420412;100;10;1000;1000;0.9;12;0;9;instances/DSJR500.1.col;500;3555;greedy
7;1397799;100;10;1000;1000;0.9;12;0;9;instances/DSJR500.1.col;500;3555;greedy
7;1407916;100;10;1000;1000;0.9;12;0;9;instances/DSJR500.1.col;500;3555;greedy
7;1381619;100;10;1000;1000;0.9;12;0;9;instances/DSJR500.1.col;500;3555;greedy
7;1431462;100;10;1000;1000;0.9;12;0;9;instances/DSJR500.1.col;500;3555;greedy
7;2830218;100;10;1000;1000;0.9;12;0;9;instances/DSJR500.1.col;500;3555;greedy
7;1405039;100;10;1000;1000;0.9;12;0;9;instances/DSJR500.1.col;500;3555;greedy
7;1463856;100;10;1000;1000;0.9;12;0;9;instances/DSJR500.1.col;500;3555;greedy
7;1438475;100;10;1000;1000;0.9;12;0;9;instances/DSJR500.1.col;500;3555;greedy
7;1424366;100;10;1000;1000;0.9;12;0;9;instances/DSJR500.1.col;500;3555;greedy
7;1377971;100;10;1000;1000;0.9;12;0;9;instances/DSJR500.1.col;500;3555;greedy
7;1395973;100;10;1000;1000;0.9;12;0;9;instances/DSJR500.1.col;500;3555;greedy
7;1398179;100;10;1000;1000;0.9;12;0;9;instances/DSJR500.1.col;500;3555;greedy
7;1389428;100;10;1000;1000;0.9;12;0;9;instances/DSJR500.1.col;500;3555;greedy
7;1382178;100;10;1000;1000;0.9;12;0;9;instances/DSJR500.1.col;500;3555;greedy
7;1391433;100;10;1000;1000;0.9;12;0;9;instances/DSJR500.1.col;500;3555;greedy
7;1362198;100;10;1000;1000;0.9;12;0;9;instances/DSJR500.1.col;500;3555;greedy
7;1351940;100;10;1000;1000;0.9;12;0;9;instances/DSJR500.1.col;500;3555;greedy
7;1377017;100;10;1000;1000;0.9;12;0;9;instances/DSJR500.1.col;500;3555;greedy
7;1337907;100;10;1000;1000;0.9;12;0;9;instances/DSJR500.1.col;500;3555;greedy
7;1347733;100;10;1000;1000;0.9;12;0;9;instances/DSJR500.1.col;500;3555;greedy
7;1367384;100;10;1000;1000;0.9;12;0;9;instances/DSJR500.1.col;500;3555;greedy
7;1397382;100;10;1000;1000;0.9;12;0;9;instances/DSJR500.1.col;500;3555;greedy
7;1391164;100;10;1000;1000;0.9;12;0;9;instances/DSJR500.1.col;500;3555;greedy
7;1368929;100;10;1000;1000;0.9;12;0;9;instances/DSJR500.1.col;500;3555;greedy
7;1392941;100;10;1000;1000;0.9;12;0;9;instances/DSJR500.1.col;500;3555;greedy
7;1382407;100;10;1000;1000;0.9;12;0;9;instances/DSJR500.1.col;500;3555;greedy
7;1371784;100;10;1000;1000;0.9;12;0;9;instances/DSJR500.1.col;500;3555;greedy
7;2643218;100;10;1000;1000;0.9;12;0;9;instances/DSJR500.1.col;500;3555;greedy
7;1395162;100;10;1000;1000;0.9;12;0;9;instances/DSJR500.1.col;500;3555;greedy
7;1416109;100;10;1000;1000;0.9;12;0;9;instances/DSJR500.1.col;500;3555;greedy
7;1431613;100;10;1000;1000;0.9;12;0;9;instances/DSJR500.1.col;500;3555;greedy
7;1428714;100;10;1000;1000;0.9;12;0;9;instances/DSJR500.1.col;500;3555;greedy
7;1384285;100;10;1000;1000;0.9;12;0;9;instances/DSJR500.1.col;500;3555;greedy
7;1387407;100;10;1000;1000;0.9;12;0;9;instances/DSJR500.1.col;500;3555;greedy
7;1389032;100;10;1000;1000;0.9;12;0;9;instances/DSJR500.1.col;500;3555;greedy
7;1398069;100;10;1000;1000;0.9;12;0;9;instances/DSJR500.1.col;500;3555;greedy
7;1371360;100;10;1000;1000;0.9;12;0;9;instances/DSJR500.1.col;500;3555;greedy
7;1423113;100;10;1000;1000;0.9;12;0;9;instances/DSJR500.1.col;500;3555;greedy
7;1364721;100;10;1000;1000;0.9;12;0;9;instances/DSJR500.1.col;500;3555;greedy
7;1381112;100;10;1000;1000;0.9;12;0;9;instances/DSJR500.1.col;500;3555;greedy
7;1368067;100;10;1000;1000;0.9;12;0;9;instances/DSJR500.1.col;500;3555;greedy
7;1338570;100;10;1000;1000;0.9;12;0;9;instances/DSJR500.1.col;500;3555;greedy
7;1376755;100;10;1000;1000;0.9;12;0;9;instances/DSJR500.1.col;500;3555;greedy
7;1405433;100;10;1000;1000;0.9;12;0;9;instances/DSJR500.1.col;500;3555;greedy
7;1391677;100;10;1000;1000;0.9;12;0;9;instances/DSJR500.1.col;500;3555;greedy
7;1386912;100;10;1000;1000;0.9;12;0;9;instances/DSJR500.1.col;500;3555;greedy
7;1383169;100;10;1000;1000;0.9;12;0;9;instances/DSJR500.1.col;500;3555;greedy
7;1383564;100;10;1000;1000;0.9;12;0;9;instances/DSJR500.1.col;500;3555;greedy
7;1404826;100;10;1000;1000;0.9;12;0;9;instances/DSJR500.1.col;500;3555;greedy
7;1402410;100;10;1000;1000;0.9;12;0;9;instances/DSJR500.1.col;500;3555;greedy
7;2696941;100;10;1000;1000;0.9;12;0;9;instances/DSJR500.1.col;500;3555;greedy
7;1410276;100;10;1000;1000;0.9;12;0;9;instances/DSJR500.1.col;500;3555;greedy
7;1413980;100;10;1000;1000;0.9;12;0;9;instances/DSJR500.1.col;500;3555;greedy
7;1432946;100;10;1000;1000;0.9;12;0;9;instances/DSJR500.1.col;500;3555;greedy
7;1440032;100;10;1000;1000;0.9;12;0;9;instances/DSJR500.1.col;500;3555;greedy
7;1395980;100;10;1000;1000;0.9;12;0;9;instances/DSJR500.1.col;500;3555;greedy
7;1377184;100;10;1000;1000;0.9;12;0;9;instances/DSJR500.1.col;500;3555;greedy
7;1358932;100;10;1000;1000;0.9;12;0;9;instances/DSJR500.1.col;500;3555;greedy
7;1394626;100;10;1000;1000;0.9;12;0;9;instances/DSJR500.1.col;500;3555;greedy
7;1368171;100;10;1000;1000;0.9;12;0;9;instances/DSJR500.1.col;500;3555;greedy
7;1426123;100;10;1000;1000;0.9;12;0;9;instances/DSJR500.1.col;500;3555;greedy
7;1423061;100;10;1000;1000;0.9;12;0;9;instances/DSJR500.1.col;500;3555;greedy
6;1355474;100;10;1000;1000;0.9;12;0;9;instances/DSJR500.1.col;500;3555;greedy
7;1369129;100;10;1000;1000;0.9;12;0;9;instances/DSJR500.1.col;500;3555;greedy
7;1381751;100;10;1000;1000;0.9;12;0;9;instances/DSJR500.1.col;500;3555;greedy
7;1356131;100;10;1000;1000;0.9;12;0;9;instances/DSJR500.1.col;500;3555;greedy
7;1340201;100;10;1000;1000;0.9;12;0;9;instances/DSJR500.1.col;500;3555;greedy
7;1380644;100;10;1000;1000;0.9;12;0;9;instances/DSJR500.1.col;500;3555;greedy
7;1379732;100;10;1000;1000;0.9;12;0;9;instances/DSJR500.1.col;500;3555;greedy
7;1376484;100;10;1000;1000;0.9;12;0;9;instances/DSJR500.1.col;500;3555;greedy
7;1388964;100;10;1000;1000;0.9;12;0;9;instances/DSJR500.1.col;500;3555;greedy
7;1409053;100;10;1000;1000;0.9;12;0;9;instances/DSJR500.1.col;500;3555;greedy
7;1387360;100;10;1000;1000;0.9;12;0;9;instances/DSJR500.1.col;500;3555;greedy
7;2765628;100;10;1000;1000;0.9;12;0;9;instances/DSJR500.1.col;500;3555;greedy
7;1465168;100;10;1000;1000;0.9;12;0;9;instances/DSJR500.1.col;500;3555;greedy
7;1424544;100;10;1000;1000;0.9;12;0;9;instances/DSJR500.1.col;500;3555;greedy
7;1428571;100;10;1000;1000;0.9;12;0;9;instances/DSJR500.1.col;500;3555;greedy
7;1448632;100;10;1000;1000;0.9;12;0;9;instances/DSJR500.1.col;500;3555;greedy
7;1436975;100;10;1000;1000;0.9;12;0;9;instances/DSJR500.1.col;500;3555;greedy
7;1404832;100;10;1000;1000;0.9;12;0;9;instances/DSJR500.1.col;500;3555;greedy
7;1379280;100;10;1000;1000;0.9;12;0;9;instances/DSJR500.1.col;500;3555;greedy
7;1396503;100;10;1000;1000;0.9;12;0;9;instances/DSJR500.1.col;500;3555;greedy
7;1384973;100;10;1000;1000;0.9;12;0;9;instances/DSJR500.1.col;500;3555;greedy
7;1389214;100;10;1000;1000;0.9;12;0;9;instances/DSJR500.1.col;500;3555;greedy
7;1397359;100;10;1000;1000;0.9;12;0;9;instances/DSJR500.1.col;500;3555;greedy
7;1320188;100;10;1000;1000;0.9;12;0;9;instances/DSJR500.1.col;500;3555;greedy
7;1333952;100;10;1000;1000;0.9;12;0;9;instances/DSJR500.1.col;500;3555;greedy
7;1298229;100;10;1000;1000;0.9;12;0;9;instances/DSJR500.1.col;500;3555;greedy
7;1378208;100;10;1000;1000;0.9;12;0;9;instances/DSJR500.1.col;500;3555;greedy
7;1384887;100;10;1000;1000;0.9;12;0;9;instances/DSJR500.1.col;500;3555;greedy
7;1379903;100;10;1000;1000;0.9;12;0;9;instances/DSJR500.1.col;500;3555;greedy
7;1371644;100;10;1000;1000;0.9;12;0;9;instances/DSJR500.1.col;500;3555;greedy
7;1386610;100;10;1000;1000;0.9;12;0;9;instances/DSJR500.1.col;500;3555;greedy
7;1420616;100;10;1000;1000;0.9;12;0;9;instances/DSJR500.1.col;500;3555;greedy
7;1382157;100;10;1000;1000;0.9;12;0;9;instances/DSJR500.1.col;500;3555;greedy
7;1390654;100;10;1000;1000;0.9;12;0;9;instances/DSJR500.1.col;500;3555;greedy
7;2741344;100;10;1000;1000;0.9;12;0;9;instances/DSJR500.1.col;500;3555;greedy
204;1373068;100;10;1000;1000;0.9;12;25863;9;instances/DSJR500.1.col;500;3555;random
222;1361807;100;10;1000;1000;0.9;12;26541;9;instances/DSJR500.1.col;500;3555;random
223;1374132;100;10;1000;1000;0.9;12;28289;9;instances/DSJR500.1.col;500;3555;random
223;1406868;100;10;1000;1000;0.9;12;9727;9;instances/DSJR500.1.col;500;3555;random
209;1355914;100;10;1000;1000;0.9;12;20585;9;instances/DSJR500.1.col;500;3555;random
218;1354677;100;10;1000;1000;0.9;12;24553;9;instances/DSJR500.1.col;500;3555;random
210;1375028;100;10;1000;1000;0.9;12;16435;9;instances/DSJR500.1.col;500;3555;random
215;1358382;100;10;1000;1000;0.9;12;29005;9;instances/DSJR500.1.col;500;3555;random
208;3487204;100;10;1000;1000;0.9;12;4977;9;instances/DSJR500.1.col;500;3555;random
227;1335069;100;10;1000;1000;0.9;12;25994;9;instances/DSJR500.1.col;500;3555;random
206;6728166;100;10;1000;5000;0.9;12;106940;9;instances/DSJR500.1.col;500;3555;random
209;6711837;100;10;1000;5000;0.9;12;101653;9;instances/DSJR500.1.col;500;3555;random
207;6692780;100;10;1000;5000;0.9;12;140627;9;instances/DSJR500.1.col;500;3555;random
206;9482999;100;10;1000;5000;0.9;12;133848;9;instances/DSJR500.1.col;500;3555;random
211;6659814;100;10;1000;5000;0.9;12;125031;9;instances/DSJR500.1.col;500;3555;random
218;6694764;100;10;1000;5000;0.9;12;108564;9;instances/DSJR500.1.col;500;3555;random
213;6697778;100;10;1000;5000;0.9;12;124805;9;instances/DSJR500.1.col;500;3555;random
204;6659240;100;10;1000;5000;0.9;12;136811;9;instances/DSJR500.1.col;500;3555;random
198;9431113;100;10;1000;5000;0.9;12;112094;9;instances/DSJR500.1.col;500;3555;random
204;6646748;100;10;1000;5000;0.9;12;134866;9;instances/DSJR500.1.col;500;3555;random
212;6628274;100;10;1000;5000;0.9;12;132667;9;instances/DSJR500.1.col;500;3555;random
205;6604320;100;10;1000;5000;0.9;12;76412;9;instances/DSJR500.1.col;500;3555;random
210;6641770;100;10;1000;5000;0.9;12;112200;9;instances/DSJR500.1.col;500;3555;random
210;9484251;100;10;1000;5000;0.9;12;100277;9;instances/DSJR500.1.col;500;3555;random
204;6725605;100;10;1000;5000;0.9;12;145792;9;instances/DSJR500.1.col;500;3555;random
215;6632299;100;10;1000;5000;0.9;12;109624;9;instances/DSJR500.1.col;500;3555;random
212;6681453;100;10;1000;5000;0.9;12;112287;9;instances/DSJR500.1.col;500;3555;random
214;6677243;100;10;1000;5000;0.9;12;132021;9;instances/DSJR500.1.col;500;3555;random
206;9483258;100;10;1000;5000;0.9;12;146948;9;instances/DSJR500.1.col;500;3555;random
207;6665705;100;10;1000;5000;0.9;12;109933;9;instances/DSJR500.1.col;500;3555;random
210;6980920;100;10;1000;5000;0.9;12;135580;9;instances/DSJR500.1.col;500;3555;random
198;7085444;100;10;1000;5000;0.9;12;118530;9;instances/DSJR500.1.col;500;3555;random
208;6978003;100;10;1000;5000;0.9;12;114976;9;instances/DSJR500.1.col;500;3555;random
210;6856051;100;10;1000;5000;0.9;12;79375;9;instances/DSJR500.1.col;500;3555;random
208;8371049;100;10;1000;5000;0.9;12;6677;9;instances/DSJR500.1.col;500;3555;random
213;6986557;100;10;1000;5000;0.9;12;113993;9;instances/DSJR500.1.col;500;3555;random
210;6872690;100;10;1000;5000;0.9;12;126200;9;instances/DSJR500.1.col;500;3555;random
216;6931093;100;10;1000;5000;0.9;12;2769;9;instances/DSJR500.1.col;500;3555;random
212;6912549;100;10;1000;5000;0.9;12;80674;9;instances/DSJR500.1.col;500;3555;random
210;8391893;100;10;1000;5000;0.9;12;139363;9;instances/DSJR500.1.col;500;3555;random
