63;43622243;100;10;1000;1000;0.9;85;0;9;instances/DSJR500.1c.col;500;121275;greedy
63;43630080;100;10;1000;1000;0.9;85;0;9;instances/DSJR500.1c.col;500;121275;greedy
63;43242372;100;10;1000;1000;0.9;85;0;9;instances/DSJR500.1c.col;500;121275;greedy
63;43995367;100;10;1000;1000;0.9;85;0;9;instances/DSJR500.1c.col;500;121275;greedy
63;42403435;100;10;1000;1000;0.9;85;0;9;instances/DSJR500.1c.col;500;121275;greedy
63;43809823;100;10;1000;1000;0.9;85;0;9;instances/DSJR500.1c.col;500;121275;greedy
63;45207183;100;10;1000;1000;0.9;85;0;9;instances/DSJR500.1c.col;500;121275;greedy
63;42007999;100;10;1000;1000;0.9;85;0;9;instances/DSJR500.1c.col;500;121275;greedy
63;42510170;100;10;1000;1000;0.9;85;0;9;instances/DSJR500.1c.col;500;121275;greedy
63;42842832;100;10;1000;1000;0.9;85;0;9;instances/DSJR500.1c.col;500;121275;greedy
63;45136549;100;10;1000;1000;0.9;85;0;9;instances/DSJR500.1c.col;500;121275;greedy
63;45101589;100;10;1000;1000;0.9;85;0;9;instances/DSJR500.1c.col;500;121275;greedy
63;43506571;100;10;1000;1000;0.9;85;0;9;instances/DSJR500.1c.col;500;121275;greedy
63;43798016;100;10;1000;1000;0.9;85;0;9;instances/DSJR500.1c.col;500;121275;greedy
63;43949502;100;10;1000;1000;0.9;85;0;9;instances/DSJR500.1c.col;500;121275;greedy
63;42749015;100;10;1000;1000;0.9;85;0;9;instances/DSJR500.1c.col;500;121275;greedy
63;44275095;100;10;1000;1000;0.9;85;0;9;instances/DSJR500.1c.col;500;121275;greedy
63;43874202;100;10;1000;1000;0.9;85;0;9;instances/DSJR500.1c.col;500;121275;greedy
63;42503852;100;10;1000;1000;0.9;85;0;9;instances/DSJR500.1c.col;500;121275;greedy
63;43472277;100;10;1000;1000;0.9;85;0;9;instances/DSJR500.1c.col;500;121275;greedy
63;42545525;100;10;1000;1000;0.9;85;0;9;instances/DSJR500.1c.col;500;121275;greedy
63;43788365;100;10;1000;1000;0.9;85;0;9;instances/DSJR500.1c.col;500;121275;greedy
63;43165557;100;10;1000;1000;0.9;85;0;9;instances/DSJR500.1c.col;500;121275;greedy
63;42682060;100;10;1000;1000;0.9;85;0;9;instances/DSJR500.1c.col;500;121275;greedy
63;44101655;100;10;1000;1000;0.9;85;0;9;instances/DSJR500.1c.col;500;121275;greedy
63;42685338;100;10;1000;1000;0.9;85;0;9;instances/DSJR500.1c.col;500;121275;greedy
63;43789295;100;10;1000;1000;0.9;85;0;9;instances/DSJR500.1c.col;500;121275;greedy
63;43481777;100;10;1000;1000;0.9;85;0;9;instances/DSJR500.1c.col;500;121275;greedy
63;43694083;100;10;1000;1000;0.9;85;0;9;instances/DSJR500.1c.col;500;121275;greedy
63;43743995;100;10;1000;1000;0.9;85;0;9;instances/DSJR500.1c.col;500;121275;greedy
63;44238608;100;10;1000;1000;0.9;85;0;9;instances/DSJR500.1c.col;500;121275;greedy
63;46571280;100;10;1000;1000;0.9;85;0;9;instances/DSJR500.1c.col;500;121275;greedy
63;43863342;100;10;1000;1000;0.9;85;0;9;instances/DSJR500.1c.col;500;121275;greedy
63;43564916;100;10;1000;1000;0.9;85;0;9;instances/DSJR500.1c.col;500;121275;greedy
63;44167944;100;10;1000;1000;0.9;85;0;9;instances/DSJR500.1c.col;500;121275;greedy
63;43384635;100;10;1000;1000;0.9;85;0;9;instances/DSJR500.1c.col;500;121275;greedy
63;43012777;100;10;1000;1000;0.9;85;0;9;instances/DSJR500.1c.col;500;121275;greedy
63;44447648;100;10;1000;1000;0.9;85;0;9;instances/DSJR500.1c.col;500;121275;greedy
63;42738820;100;10;1000;1000;0.9;85;0;9;instances/DSJR500.1c.col;500;121275;greedy
63;44053053;100;10;1000;1000;0.9;85;0;9;instances/DSJR500.1c.col;500;121275;greedy
63;42250691;100;10;1000;1000;0.9;85;0;9;instances/DSJR500.1c.col;500;121275;greedy
63;44142477;100;10;1000;1000;0.9;85;0;9;instances/DSJR500.1c.col;500;121275;greedy
63;43494345;100;10;1000;1000;0.9;85;0;9;instances/DSJR500.1c.col;500;121275;greedy
63;42980207;100;10;1000;1000;0.9;85;0;9;instances/DSJR500.1c.col;500;121275;greedy
63;44986158;100;10;1000;1000;0.9;85;0;9;instances/DSJR500.1c.col;500;121275;greedy
63;42586249;100;10;1000;1000;0.9;85;0;9;instances/DSJR500.1c.col;500;121275;greedy
63;43990853;100;10;1000;1000;0.9;85;0;9;instances/DSJR500.1c.col;500;121275;greedy
63;42556303;100;10;1000;1000;0.9;85;0;9;instances/DSJR500.1c.col;500;121275;greedy
63;44690042;100;10;1000;1000;0.9;85;0;9;instances/DSJR500.1c.col;500;121275;greedy
63;43744419;100;10;1000;1000;0.9;85;0;9;instances/DSJR500.1c.col;500;121275;greedy
63;44275602;100;10;1000;1000;0.9;85;0;9;instances/DSJR500.1c.col;500;121275;greedy
63;44496088;100;10;1000;1000;0.9;85;0;9;instances/DSJR500.1c.col;500;121275;greedy
63;44767904;100;10;1000;1000;0.9;85;0;9;instances/DSJR500.1c.col;500;121275;greedy
63;43472548;100;10;1000;1000;0.9;85;0;9;instances/DSJR500.1c.col;500;121275;greedy
63;44627560;100;10;1000;1000;0.9;85;0;9;instances/DSJR500.1c.col;500;121275;greedy
63;44746802;100;10;1000;1000;0.9;85;0;9;instances/DSJR500.1c.col;500;121275;greedy
63;43708319;100;10;1000;1000;0.9;85;0;9;instances/DSJR500.1c.col;500;121275;greedy
63;43582511;100;10;1000;1000;0.9;85;0;9;instances/DSJR500.1c.col;500;121275;greedy
63;43417844;100;10;1000;1000;0.9;85;0;9;instances/DSJR500.1c.col;500;121275;greedy
63;43640686;100;10;1000;1000;0.9;85;0;9;instances/DSJR500.1c.col;500;121275;greedy
63;43306215;100;10;1000;1000;0.9;85;0;9;instances/DSJR500.1c.col;500;121275;greedy
63;44337807;100;10;1000;1000;0.9;85;0;9;instances/DSJR500.1c.col;500;121275;greedy
63;44314281;100;10;1000;1000;0.9;85;0;9;instances/DSJR500.1c.col;500;121275;greedy
63;43604424;100;10;1000;1000;0.9;85;0;9;instances/DSJR500.1c.col;500;121275;greedy
63;42915194;100;10;1000;1000;0.9;85;0;9;instances/DSJR500.1c.col;500;121275;greedy
63;42609891;100;10;1000;1000;0.9;85;0;9;instances/DSJR500.1c.col;500;121275;greedy
63;44157293;100;10;1000;1000;0.9;85;0;9;instances/DSJR500.1c.col;500;121275;greedy
63;42275647;100;10;1000;1000;0.9;85;0;9;instances/DSJR500.1c.col;500;121275;greedy
63;43154857;100;10;1000;1000;0.9;85;0;9;instances/DSJR500.1c.col;500;121275;greedy
63;42532517;100;10;1000;1000;0.9;85;0;9;instances/DSJR500.1c.col;500;121275;greedy
63;44493296;100;10;1000;1000;0.9;85;0;9;instances/DSJR500.1c.col;500;121275;greedy
63;42773965;100;10;1000;1000;0.9;85;0;9;instances/DSJR500.1c.col;500;121275;greedy
63;43643916;100;10;1000;1000;0.9;85;0;9;instances/DSJR500.1c.col;500;121275;greedy
63;43697077;100;10;1000;1000;0.9;85;0;9;instances/DSJR500.1c.col;500;121275;greedy
63;41460787;100;10;1000;1000;0.9;85;0;9;instances/DSJR500.1c.col;500;121275;greedy
63;43794768;100;10;1000;1000;0.9;85;0;9;instances/DSJR500.1c.col;500;121275;greedy
63;44374466;100;10;1000;1000;0.9;85;0;9;instances/DSJR500.1c.col;500;121275;greedy
63;42624405;100;10;1000;1000;0.9;85;0;9;instances/DSJR500.1c.col;500;121275;greedy
63;42770463;100;10;1000;1000;0.9;85;0;9;instances/DSJR500.1c.col;500;121275;greedy
63;44320369;100;10;1000;1000;0.9;85;0;9;instances/DSJR500.1c.col;500;121275;greedy
63;42394997;100;10;1000;1000;0.9;85;0;9;instances/DSJR500.1c.col;500;121275;greedy
63;42127778;100;10;1000;1000;0.9;85;0;9;instances/DSJR500.1c.col;500;121275;greedy
63;41639237;100;10;1000;1000;0.9;85;0;9;instances/DSJR500.1c.col;500;121275;greedy
63;45557127;100;10;1000;1000;0.9;85;0;9;instances/DSJR500.1c.col;500;121275;greedy
63;42733464;100;10;1000;1000;0.9;85;0;9;instances/DSJR500.1c.col;500;121275;greedy
63;42613951;100;10;1000;1000;0.9;85;0;9;instances/DSJR500.1c.col;500;121275;greedy
63;42740093;100;10;1000;1000;0.9;85;0;9;instances/DSJR500.1c.col;500;121275;greedy
63;43757071;100;10;1000;1000;0.9;85;0;9;instances/DSJR500.1c.col;500;121275;greedy
63;42984016;100;10;1000;1000;0.9;85;0;9;instances/DSJR500.1c.col;500;121275;greedy
63;41683040;100;10;1000;1000;0.9;85;0;9;instances/DSJR500.1c.col;500;121275;greedy
63;44155805;100;10;1000;1000;0.9;85;0;9;instances/DSJR500.1c.col;500;121275;greedy
63;44615095;100;10;1000;1000;0.9;85;0;9;instances/DSJR500.1c.col;500;121275;greedy
63;42938498;100;10;1000;1000;0.9;85;0;9;instances/DSJR500.1c.col;500;121275;greedy
63;41385073;100;10;1000;1000;0.9;85;0;9;instances/DSJR500.1c.col;500;121275;greedy
63;44022917;100;10;1000;1000;0.9;85;0;9;instances/DSJR500.1c.col;500;121275;greedy
63;43957796;100;10;1000;1000;0.9;85;0;9;instances/DSJR500.1c.col;500;121275;greedy
63;43247071;100;10;1000;1000;0.9;85;0;9;instances/DSJR500.1c.col;500;121275;greedy
63;42424946;100;10;1000;1000;0.9;85;0;9;instances/DSJR500.1c.col;500;121275;greedy
63;45421485;100;10;1000;1000;0.9;85;0;9;instances/DSJR500.1c.col;500;121275;greedy
63;41781108;100;10;1000;1000;0.9;85;0;9;instances/DSJR500.1c.col;500;121275;greedy
1282;43583311;100;10;1000;1000;0.9;85;26776;9;instances/DSJR500.1c.col;500;121275;random
1265;42257855;100;10;1000;1000;0.9;85;17446;9;instances/DSJR500.1c.col;500;121275;random
1270;43525154;100;10;1000;1000;0.9;85;29456;9;instances/DSJR500.1c.col;500;121275;random
1273;45160623;100;10;1000;1000;0.9;85;34465;9;instances/DSJR500.1c.col;500;121275;random
1271;42080155;100;10;1000;1000;0.9;85;29409;9;instances/DSJR500.1c.col;500;121275;random
1268;42087679;100;10;1000;1000;0.9;85;31681;9;instances/DSJR500.1c.col;500;121275;random
1258;43328895;100;10;1000;1000;0.9;85;27754;9;instances/DSJR500.1c.col;500;121275;random
1274;46075343;100;10;1000;1000;0.9;85;33880;9;instances/DSJR500.1c.col;500;121275;random
1263;44260965;100;10;1000;1000;0.9;85;34902;9;instances/DSJR500.1c.col;500;121275;random
1253;41792783;100;10;1000;1000;0.9;85;29618;9;instances/DSJR500.1c.col;500;121275;random
1258;214961541;100;10;1000;5000;0.9;85;165635;9;instances/DSJR500.1c.col;500;121275;random
1250;218003265;100;10;1000;5000;0.9;85;167811;9;instances/DSJR500.1c.col;500;121275;random
1268;216542294;100;10;1000;5000;0.9;85;125574;9;instances/DSJR500.1c.col;500;121275;random
1260;223829367;100;10;1000;5000;0.9;85;172101;9;instances/DSJR500.1c.col;500;121275;random
1259;219136380;100;10;1000;5000;0.9;85;141069;9;instances/DSJR500.1c.col;500;121275;random
1251;217090037;100;10;1000;5000;0.9;85;150514;9;instances/DSJR500.1c.col;500;121275;random
1264;214406653;100;10;1000;5000;0.9;85;166570;9;instances/DSJR500.1c.col;500;121275;random
1249;220982902;100;10;1000;5000;0.9;85;161843;9;instances/DSJR500.1c.col;500;121275;random
1270;214511382;100;10;1000;5000;0.9;85;154045;9;instances/DSJR500.1c.col;500;121275;random
1262;212730456;100;10;1000;5000;0.9;85;170449;9;instances/DSJR500.1c.col;500;121275;random
1249;219841311;100;10;1000;5000;0.9;85;167229;9;instances/DSJR500.1c.col;500;121275;random
1255;210420024;100;10;1000;5000;0.9;85;164030;9;instances/DSJR500.1c.col;500;121275;random
1248;219505539;100;10;1000;5000;0.9;85;166532;9;instances/DSJR500.1c.col;500;121275;random
1250;216488028;100;10;1000;5000;0.9;85;162005;9;instances/DSJR500.1c.col;500;121275;random
1262;222320377;100;10;1000;5000;0.9;85;94623;9;instances/DSJR500.1c.col;500;121275;random
1256;207857024;100;10;1000;5000;0.9;85;119184;9;instances/DSJR500.1c.col;500;121275;random
1267;219632146;100;10;1000;5000;0.9;85;169986;9;instances/DSJR500.1c.col;500;121275;random
1269;215597255;100;10;1000;5000;0.9;85;142310;9;instances/DSJR500.1c.col;500;121275;random
1264;225934699;100;10;1000;5000;0.9;85;173934;9;instances/DSJR500.1c.col;500;121275;random
1258;220980767;100;10;1000;5000;0.9;85;152064;9;instances/DSJR500.1c.col;500;121275;random
1260;221581764;100;10;1000;5000;0.9;85;158836;9;instances/DSJR500.1c.col;500;121275;random
1227;219211031;100;10;1000;5000;0.9;85;164245;9;instances/DSJR500.1c.col;500;121275;random
1271;217718331;100;10;1000;5000;0.9;85;167937;9;instances/DSJR500.1c.col;500;121275;random
1256;225000290;100;10;1000;5000;0.9;85;171984;9;instances/DSJR500.1c.col;500;121275;random
1269;218258513;100;10;1000;5000;0.9;85;156757;9;instances/DSJR500.1c.col;500;121275;random
1260;217339936;100;10;1000;5000;0.9;85;158126;9;instances/DSJR500.1c.col;500;121275;random
1261;221177146;100;10;1000;5000;0.9;85;157151;9;instances/DSJR500.1c.col;500;121275;random
1240;219581268;100;10;1000;5000;0.9;85;146095;9;instances/DSJR500.1c.col;500;121275;random
1263;218085097;100;10;1000;5000;0.9;85;150138;9;instances/DSJR500.1c.col;500;121275;random
1266;222148070;100;10;1000;5000;0.9;85;159681;9;instances/DSJR500.1c.col;500;121275;random
