43;17922445;100;10;1000;1000;0.9;122;0;9;instances/DSJR500.5.col;500;58862;greedy
43;19187369;100;10;1000;1000;0.9;122;0;9;instances/DSJR500.5.col;500;58862;greedy
43;19228694;100;10;1000;1000;0.9;122;0;9;instances/DSJR500.5.col;500;58862;greedy
43;17646415;100;10;1000;1000;0.9;122;0;9;instances/DSJR500.5.col;500;58862;greedy
43;19128640;100;10;1000;1000;0.9;122;0;9;instances/DSJR500.5.col;500;58862;greedy
43;18166563;100;10;1000;1000;0.9;122;0;9;instances/DSJR500.5.col;500;58862;greedy
43;18874988;100;10;1000;1000;0.9;122;0;9;instances/DSJR500.5.col;500;58862;greedy
43;18079155;100;10;1000;1000;0.9;122;0;9;instances/DSJR500.5.col;500;58862;greedy
43;19297394;100;10;1000;1000;0.9;122;0;9;instances/DSJR500.5.col;500;58862;greedy
43;17928382;100;10;1000;1000;0.9;122;0;9;instances/DSJR500.5.col;500;58862;greedy
43;19030661;100;10;1000;1000;0.9;122;0;9;instances/DSJR500.5.col;500;58862;greedy
43;19031289;100;10;1000;1000;0.9;122;0;9;instances/DSJR500.5.col;500;58862;greedy
43;17871391;100;10;1000;1000;0.9;122;0;9;instances/DSJR500.5.col;500;58862;greedy
43;18960850;100;10;1000;1000;0.9;122;0;9;instances/DSJR500.5.col;500;58862;greedy
43;18122702;100;10;1000;1000;0.9;122;0;9;instances/DSJR500.5.col;500;58862;greedy
43;18806002;100;10;1000;1000;0.9;122;0;9;instances/DSJR500.5.col;500;58862;greedy
43;18419273;100;10;1000;1000;0.9;122;0;9;instances/DSJR500.5.col;500;58862;greedy
43;19352278;100;10;1000;1000;0.9;122;0;9;instances/DSJR500.5.col;500;58862;greedy
43;17758227;100;10;1000;1000;0.9;122;0;9;instances/DSJR500.5.col;500;58862;greedy
43;19193274;100;10;1000;1000;0.9;122;0;9;instances/DSJR500.5.col;500;58862;greedy
43;19355637;100;10;1000;1000;0.9;122;0;9;instances/DSJR500.5.col;500;58862;greedy
43;17560769;100;10;1000;1000;0.9;122;0;9;instances/DSJR500.5.col;500;58862;greedy
43;19097842;100;10;1000;1000;0.9;122;0;9;instances/DSJR500.5.col;500;58862;greedy
43;17770354;100;10;1000;1000;0.9;122;0;9;instances/DSJR500.5.col;500;58862;greedy
43;18678171;100;10;1000;1000;0.9;122;0;9;instances/DSJR500.5.col;500;58862;greedy
43;17505620;100;10;1000;1000;0.9;122;0;9;instances/DSJR500.5.col;500;58862;greedy
43;19456165;100;10;1000;1000;0.9;122;0;9;instances/DSJR500.5.col;500;58862;greedy
43;18068968;100;10;1000;1000;0.9;122;0;9;instances/DSJR500.5.col;500;58862;greedy
43;18788575;100;10;1000;1000;0.9;122;0;9;instances/DSJR500.5.col;500;58862;greedy
43;17240422;100;10;1000;1000;0.9;122;0;9;instances/DSJR500.5.col;500;58862;greedy
43;19406556;100;10;1000;1000;0.9;122;0;9;instances/DSJR500.5.col;500;58862;greedy
43;19186396;100;10;1000;1000;0.9;122;0;9;instances/DSJR500.5.col;500;58862;greedy
43;18233941;100;10;1000;1000;0.9;122;0;9;instances/DSJR500.5.col;500;58862;greedy
43;19391485;100;10;1000;1000;0.9;122;0;9;instances/DSJR500.5.col;500;58862;greedy
43;17698792;100;10;1000;1000;0.9;122;0;9;instances/DSJR500.5.col;500;58862;greedy
43;18532147;100;10;1000;1000;0.9;122;0;9;instances/DSJR500.5.col;500;58862;greedy
43;17376043;100;10;1000;1000;0.9;122;0;9;instances/DSJR500.5.col;500;58862;greedy
43;19664798;100;10;1000;1000;0.9;122;0;9;instances/DSJR500.5.col;500;58862;greedy
43;18074851;100;10;1000;1000;0.9;122;0;9;instances/DSJR500.5.col;500;58862;greedy
43;19167777;100;10;1000;1000;0.9;122;0;9;instances/DSJR500.5.col;500;58862;greedy
43;18874232;100;10;1000;1000;0.9;122;0;9;instances/DSJR500.5.col;500;58862;greedy
43;17814507;100;10;1000;1000;0.9;122;0;9;instances/DSJR500.5.col;500;58862;greedy
43;19141467;100;10;1000;1000;0.9;122;0;9;instances/DSJR500.5.col;500;58862;greedy
43;17935171;100;10;1000;1000;0.9;122;0;9;instances/DSJR500.5.col;500;58862;greedy
43;19515099;100;10;1000;1000;0.9;122;0;9;instances/DSJR500.5.col;500;58862;greedy
43;18018991;100;10;1000;1000;0.9;122;0;9;instances/DSJR500.5.col;500;58862;greedy
43;19376413;100;10;1000;1000;0.9;122;0;9;instances/DSJR500.5.col;500;58862;greedy
43;17580304;100;10;1000;1000;0.9;122;0;9;instances/DSJR500.5.col;500;58862;greedy
43;19572831;100;10;1000;1000;0.9;122;0;9;instances/DSJR500.5.col;500;58862;greedy
43;19621661;100;10;1000;1000;0.9;122;0;9;instances/DSJR500.5.col;500;58862;greedy
43;17159172;100;10;1000;1000;0.9;122;0;9;instances/DSJR500.5.col;500;58862;greedy
43;19897056;100;10;1000;1000;0.9;122;0;9;instances/DSJR500.5.col;500;58862;greedy
43;17619635;100;10;1000;1000;0.9;122;0;9;instances/DSJR500.5.col;500;58862;greedy
43;19712626;100;10;1000;1000;0.9;122;0;9;instances/DSJR500.5.col;500;58862;greedy
43;17257162;100;10;1000;1000;0.9;122;0;9;instances/DSJR500.5.col;500;58862;greedy
43;19947166;100;10;1000;1000;0.9;122;0;9;instances/DSJR500.5.col;500;58862;greedy
43;17479309;100;10;1000;1000;0.9;122;0;9;instances/DSJR500.5.col;500;58862;greedy
43;19406811;100;10;1000;1000;0.9;122;0;9;instances/DSJR500.5.col;500;58862;greedy
43;19475678;100;10;1000;1000;0.9;122;0;9;instances/DSJR500.5.col;500;58862;greedy
43;17757263;100;10;1000;1000;0.9;122;0;9;instances/DSJR500.5.col;500;58862;greedy
43;19463755;100;10;1000;1000;0.9;122;0;9;instances/DSJR500.5.col;500;58862;greedy
43;17737312;100;10;1000;1000;0.9;122;0;9;instances/DSJR500.5.col;500;58862;greedy
43;19230411;100;10;1000;1000;0.9;122;0;9;instances/DSJR500.5.col;500;58862;greedy
43;17327443;100;10;1000;1000;0.9;122;0;9;instances/DSJR500.5.col;500;58862;greedy
43;19345445;100;10;1000;1000;0.9;122;0;9;instances/DSJR500.5.col;500;58862;greedy
43;18102592;100;10;1000;1000;0.9;122;0;9;instances/DSJR500.5.col;500;58862;greedy
43;19519062;100;10;1000;1000;0.9;122;0;9;instances/DSJR500.5.col;500;58862;greedy
43;19406428;100;10;1000;1000;0.9;122;0;9;instances/DSJR500.5.col;500;58862;greedy
43;18108620;100;10;1000;1000;0.9;122;0;9;instances/DSJR500.5.col;500;58862;greedy
43;18815131;100;10;1000;1000;0.9;122;0;9;instances/DSJR500.5.col;500;58862;greedy
43;18172070;100;10;1000;1000;0.9;122;0;9;instances/DSJR500.5.col;500;58862;greedy
43;18981648;100;10;1000;1000;0.9;122;0;9;instances/DSJR500.5.col;500;58862;greedy
43;17469161;100;10;1000;1000;0.9;122;0;9;instances/DSJR500.5.col;500;58862;greedy
43;19341655;100;10;1000;1000;0.9;122;0;9;instances/DSJR500.5.col;500;58862;greedy
43;17710546;100;10;1000;1000;0.9;122;0;9;instances/DSJR500.5.col;500;58862;greedy
43;19439471;100;10;1000;1000;0.9;122;0;9;instances/DSJR500.5.col;500;58862;greedy
43;17581440;100;10;1000;1000;0.9;122;0;9;instances/DSJR500.5.col;500;58862;greedy
43;19099326;100;10;1000;1000;0.9;122;0;9;instances/DSJR500.5.col;500;58862;greedy
43;19944774;100;10;1000;1000;0.9;122;0;9;instances/DSJR500.5.col;500;58862;greedy
43;17817016;100;10;1000;1000;0.9;122;0;9;instances/DSJR500.5.col;500;58862;greedy
43;20600955;100;10;1000;1000;0.9;122;0;9;instances/DSJR500.5.col;500;58862;greedy
43;17382682;100;10;1000;1000;0.9;122;0;9;instances/DSJR500.5.col;500;58862;greedy
43;19013351;100;10;1000;1000;0.9;122;0;9;instances/DSJR500.5.col;500;58862;greedy
43;17613830;100;10;1000;1000;0.9;122;0;9;instances/DSJR500.5.col;500;58862;greedy
43;19605398;100;10;1000;1000;0.9;122;0;9;instances/DSJR500.5.col;500;58862;greedy
43;19730649;100;10;1000;1000;0.9;122;0;9;instances/DSJR500.5.col;500;58862;greedy
43;17733264;100;10;1000;1000;0.9;122;0;9;instances/DSJR500.5.col;500;58862;greedy
43;20050557;100;10;1000;1000;0.9;122;0;9;instances/DSJR500.5.col;500;58862;greedy
43;17125950;100;10;1000;1000;0.9;122;0;9;instances/DSJR500.5.col;500;58862;greedy
43;18980756;100;10;1000;1000;0.9;122;0;9;instances/DSJR500.5.col;500;58862;greedy
43;17216886;100;10;1000;1000;0.9;122;0;9;instances/DSJR500.5.col;500;58862;greedy
43;19082735;100;10;1000;1000;0.9;122;0;9;instances/DSJR500.5.col;500;58862;greedy
43;17699307;100;10;1000;1000;0.9;122;0;9;instances/DSJR500.5.col;500;58862;greedy
43;19623123;100;10;1000;1000;0.9;122;0;9;instances/DSJR500.5.col;500;58862;greedy
43;17635730;100;10;1000;1000;0.9;122;0;9;instances/DSJR500.5.col;500;58862;greedy
43;19197790;100;10;1000;1000;0.9;122;0;9;instances/DSJR500.5.col;500;58862;greedy
43;19520189;100;10;1000;1000;0.9;122;0;9;instances/DSJR500.5.col;500;58862;greedy
43;17597718;100;10;1000;1000;0.9;122;0;9;instances/DSJR500.5.col;500;58862;greedy
43;19498619;100;10;1000;1000;0.9;122;0;9;instances/DSJR500.5.col;500;58862;greedy
43;17577357;100;10;1000;1000;0.9;122;0;9;instances/DSJR500.5.col;500;58862;greedy
401;20563554;100;10;1000;1000;0.9;122;13493;9;instances/DSJR500.5.col;500;58862;random
399;17697937;100;10;1000;1000;0.9;122;27627;9;instances/DSJR500.5.col;500;58862;random
406;19816429;100;10;1000;1000;0.9;122;21470;9;instances/DSJR500.5.col;500;58862;random
397;17381564;100;10;1000;1000;0.9;122;29790;9;instances/DSJR500.5.col;500;58862;random
393;19991545;100;10;1000;1000;0.9;122;30398;9;instances/DSJR500.5.col;500;58862;random
393;20063686;100;10;1000;1000;0.9;122;27648;9;instances/DSJR500.5.col;500;58862;random
407;18144138;100;10;1000;1000;0.9;122;20484;9;instances/DSJR500.5.col;500;58862;random
400;20290014;100;10;1000;1000;0.9;122;19175;9;instances/DSJR500.5.col;500;58862;random
402;17716880;100;10;1000;1000;0.9;122;20561;9;instances/DSJR500.5.col;500;58862;random
393;19643579;100;10;1000;1000;0.9;122;28188;9;instances/DSJR500.5.col;500;58862;random
383;99935421;100;10;1000;5000;0.9;122;143446;9;instances/DSJR500.5.col;500;58862;random
389;87011851;100;10;1000;5000;0.9;122;144854;9;instances/DSJR500.5.col;500;58862;random
385;89370210;100;10;1000;5000;0.9;122;158327;9;instances/DSJR500.5.col;500;58862;random
362;90450633;100;10;1000;5000;0.9;122;140816;9;instances/DSJR500.5.col;500;58862;random
393;90771164;100;10;1000;5000;0.9;122;140185;9;instances/DSJR500.5.col;500;58862;random
382;91424261;100;10;1000;5000;0.9;122;139426;9;instances/DSJR500.5.col;500;58862;random
394;93331091;100;10;1000;5000;0.9;122;128101;9;instances/DSJR500.5.col;500;58862;random
383;94524880;100;10;1000;5000;0.9;122;139890;9;instances/DSJR500.5.col;500;58862;random
389;89791666;100;10;1000;5000;0.9;122;138350;9;instances/DSJR500.5.col;500;58862;random
386;93505345;100;10;1000;5000;0.9;122;155089;9;instances/DSJR500.5.col;500;58862;random
379;96867048;100;10;1000;5000;0.9;122;141444;9;instances/DSJR500.5.col;500;58862;random
393;92019278;100;10;1000;5000;0.9;122;158118;9;instances/DSJR500.5.col;500;58862;random
393;95222956;100;10;1000;5000;0.9;122;143370;9;instances/DSJR500.5.col;500;58862;random
385;95227938;100;10;1000;5000;0.9;122;139944;9;instances/DSJR500.5.col;500;58862;random
393;89656692;100;10;1000;5000;0.9;122;150339;9;instances/DSJR500.5.col;500;58862;random
389;94017937;100;10;1000;5000;0.9;122;108632;9;instances/DSJR500.5.col;500;58862;random
387;97380644;100;10;1000;5000;0.9;122;144249;9;instances/DSJR500.5.col;500;58862;random
384;95335476;100;10;1000;5000;0.9;122;150488;9;instances/DSJR500.5.col;500;58862;random
385;91502713;100;10;1000;5000;0.9;122;144062;9;instances/DSJR500.5.col;500;58862;random
387;92450092;100;10;1000;5000;0.9;122;150123;9;instances/DSJR500.5.col;500;58862;random
389;95659142;100;10;1000;5000;0.9;122;112874;9;instances/DSJR500.5.col;500;58862;random
392;93635109;100;10;1000;5000;0.9;122;121935;9;instances/DSJR500.5.col;500;58862;random
373;93259905;100;10;1000;5000;0.9;122;151396;9;instances/DSJR500.5.col;500;58862;random
379;94538743;100;10;1000;5000;0.9;122;140453;9;instances/DSJR500.5.col;500;58862;random
388;90646004;100;10;1000;5000;0.9;122;134792;9;instances/DSJR500.5.col;500;58862;random
385;93946966;100;10;1000;5000;0.9;122;153811;9;instances/DSJR500.5.col;500;58862;random
385;94085576;100;10;1000;5000;0.9;122;113396;9;instances/DSJR500.5.col;500;58862;random
387;93898696;100;10;1000;5000;0.9;122;154162;9;instances/DSJR500.5.col;500;58862;random
379;93581912;100;10;1000;5000;0.9;122;142855;9;instances/DSJR500.5.col;500;58862;random
390;95613962;100;10;1000;5000;0.9;122;138539;9;instances/DSJR500.5.col;500;58862;random
