0;852;100;10;1000;1000;0.9;65;0;100;instances/fpsol2.i.1.col;496;11654;greedy
0;837;100;10;1000;1000;0.9;65;0;100;instances/fpsol2.i.1.col;496;11654;greedy
0;866;100;10;1000;1000;0.9;65;0;100;instances/fpsol2.i.1.col;496;11654;greedy
0;815;100;10;1000;1000;0.9;65;0;100;instances/fpsol2.i.1.col;496;11654;greedy
0;831;100;10;1000;1000;0.9;65;0;100;instances/fpsol2.i.1.col;496;11654;greedy
0;878;100;10;1000;1000;0.9;65;0;100;instances/fpsol2.i.1.col;496;11654;greedy
0;863;100;10;1000;1000;0.9;65;0;100;instances/fpsol2.i.1.col;496;11654;greedy
0;784;100;10;1000;1000;0.9;65;0;100;instances/fpsol2.i.1.col;496;11654;greedy
0;857;100;10;1000;1000;0.9;65;0;100;instances/fpsol2.i.1.col;496;11654;greedy
0;1122;100;10;1000;1000;0.9;65;0;100;instances/fpsol2.i.1.col;496;11654;greedy
0;1255;100;10;1000;1000;0.9;65;0;100;instances/fpsol2.i.1.col;496;11654;greedy
0;1370;100;10;1000;1000;0.9;65;0;100;instances/fpsol2.i.1.col;496;11654;greedy
0;1593;100;10;1000;1000;0.9;65;0;100;instances/fpsol2.i.1.col;496;11654;greedy
0;1389;100;10;1000;1000;0.9;65;0;100;instances/fpsol2.i.1.col;496;11654;greedy
0;1006;100;10;1000;1000;0.9;65;0;100;instances/fpsol2.i.1.col;496;11654;greedy
0;877;100;10;1000;1000;0.9;65;0;100;instances/fpsol2.i.1.col;496;11654;greedy
0;814;100;10;1000;1000;0.9;65;0;100;instances/fpsol2.i.1.col;496;11654;greedy
0;883;100;10;1000;1000;0.9;65;0;100;instances/fpsol2.i.1.col;496;11654;greedy
0;1201;100;10;1000;1000;0.9;65;0;100;instances/fpsol2.i.1.col;496;11654;greedy
0;1087;100;10;1000;1000;0.9;65;0;100;instances/fpsol2.i.1.col;496;11654;greedy
0;1226;100;10;1000;1000;0.9;65;0;100;instances/fpsol2.i.1.col;496;11654;greedy
0;1623;100;10;1000;1000;0.9;65;0;100;instances/fpsol2.i.1.col;496;11654;greedy
0;1439;100;10;1000;1000;0.9;65;0;100;instances/fpsol2.i.1.col;496;11654;greedy
0;1548;100;10;1000;1000;0.9;65;0;100;instances/fpsol2.i.1.col;496;11654;greedy
0;1367;100;10;1000;1000;0.9;65;0;100;instances/fpsol2.i.1.col;496;11654;greedy
0;1561;100;10;1000;1000;0.9;65;0;100;instances/fpsol2.i.1.col;496;11654;greedy
0;1391;100;10;1000;1000;0.9;65;0;100;instances/fpsol2.i.1.col;496;11654;greedy
0;1453;100;10;1000;1000;0.9;65;0;100;instances/fpsol2.i.1.col;496;11654;greedy
0;1371;100;10;1000;1000;0.9;65;0;100;instances/fpsol2.i.1.col;496;11654;greedy
0;1191;100;10;1000;1000;0.9;65;0;100;instances/fpsol2.i.1.col;496;11654;greedy
0;1345;100;10;1000;1000;0.9;65;0;100;instances/fpsol2.i.1.col;496;11654;greedy
0;2123;100;10;1000;1000;0.9;65;0;100;instances/fpsol2.i.1.col;496;11654;greedy
0;2017;100;10;1000;1000;0.9;65;0;100;instances/fpsol2.i.1.col;496;11654;greedy
0;2235;100;10;1000;1000;0.9;65;0;100;instances/fpsol2.i.1.col;496;11654;greedy
0;2619;100;10;1000;1000;0.9;65;0;100;instances/fpsol2.i.1.col;496;11654;greedy
0;1321;100;10;1000;1000;0.9;65;0;100;instances/fpsol2.i.1.col;496;11654;greedy
0;1620;100;10;1000;1000;0.9;65;0;100;instances/fpsol2.i.1.col;496;11654;greedy
0;1515;100;10;1000;1000;0.9;65;0;100;instances/fpsol2.i.1.col;496;11654;greedy
0;1705;100;10;1000;1000;0.9;65;0;100;instances/fpsol2.i.1.col;496;11654;greedy
0;2406;100;10;1000;1000;0.9;65;0;100;instances/fpsol2.i.1.col;496;11654;greedy
0;2067;100;10;1000;1000;0.9;65;0;100;instances/fpsol2.i.1.col;496;11654;greedy
0;2318;100;10;1000;1000;0.9;65;0;100;instances/fpsol2.i.1.col;496;11654;greedy
0;2149;100;10;1000;1000;0.9;65;0;100;instances/fpsol2.i.1.col;496;11654;greedy
0;1592;100;10;1000;1000;0.9;65;0;100;instances/fpsol2.i.1.col;496;11654;greedy
0;2347;100;10;1000;1000;0.9;65;0;100;instances/fpsol2.i.1.col;496;11654;greedy
0;2111;100;10;1000;1000;0.9;65;0;100;instances/fpsol2.i.1.col;496;11654;greedy
0;2043;100;10;1000;1000;0.9;65;0;100;instances/fpsol2.i.1.col;496;11654;greedy
0;2165;100;10;1000;1000;0.9;65;0;100;instances/fpsol2.i.1.col;496;11654;greedy
0;2067;100;10;1000;1000;0.9;65;0;100;instances/fpsol2.i.1.col;496;11654;greedy
0;1236;100;10;1000;1000;0.9;65;0;100;instances/fpsol2.i.1.col;496;11654;greedy
0;1509;100;10;1000;1000;0.9;65;0;100;instances/fpsol2.i.1.col;496;11654;greedy
0;2029;100;10;1000;1000;0.9;65;0;100;instances/fpsol2.i.1.col;496;11654;greedy
0;2118;100;10;1000;1000;0.9;65;0;100;instances/fpsol2.i.1.col;496;11654;greedy
0;2025;100;10;1000;1000;0.9;65;0;100;instances/fpsol2.i.1.col;496;11654;greedy
0;1968;100;10;1000;1000;0.9;65;0;100;instances/fpsol2.i.1.col;496;11654;greedy
0;1455;100;10;1000;1000;0.9;65;0;100;instances/fpsol2.i.1.col;496;11654;greedy
0;1889;100;10;1000;1000;0.9;65;0;100;instances/fpsol2.i.1.col;496;11654;greedy
0;2302;100;10;1000;1000;0.9;65;0;100;instances/fpsol2.i.1.col;496;11654;greedy
0;2202;100;10;1000;1000;0.9;65;0;100;instances/fpsol2.i.1.col;496;11654;greedy
0;1349;100;10;1000;1000;0.9;65;0;100;instances/fpsol2.i.1.col;496;11654;greedy
0;886;100;10;1000;1000;0.9;65;0;100;instances/fpsol2.i.1.col;496;11654;greedy
0;1078;100;10;1000;1000;0.9;65;0;100;instances/fpsol2.i.1.col;496;11654;greedy
0;1094;100;10;1000;1000;0.9;65;0;100;instances/fpsol2.i.1.col;496;11654;greedy
0;1162;100;10;1000;1000;0.9;65;0;100;instances/fpsol2.i.1.col;496;11654;greedy
0;1791;100;10;1000;1000;0.9;65;0;100;instances/fpsol2.i.1.col;496;11654;greedy
0;2102;100;10;1000;1000;0.9;65;0;100;instances/fpsol2.i.1.col;496;11654;greedy
0;1856;100;10;1000;1000;0.9;65;0;100;instances/fpsol2.i.1.col;496;11654;greedy
0;1767;100;10;1000;1000;0.9;65;0;100;instances/fpsol2.i.1.col;496;11654;greedy
0;1036;100;10;1000;1000;0.9;65;0;100;instances/fpsol2.i.1.col;496;11654;greedy
0;817;100;10;1000;1000;0.9;65;0;100;instances/fpsol2.i.1.col;496;11654;greedy
0;888;100;10;1000;1000;0.9;65;0;100;instances/fpsol2.i.1.col;496;11654;greedy
0;1183;100;10;1000;1000;0.9;65;0;100;instances/fpsol2.i.1.col;496;11654;greedy
0;1864;100;10;1000;1000;0.9;65;0;100;instances/fpsol2.i.1.col;496;11654;greedy
0;1970;100;10;1000;1000;0.9;65;0;100;instances/fpsol2.i.1.col;496;11654;greedy
0;1832;100;10;1000;1000;0.9;65;0;100;instances/fpsol2.i.1.col;496;11654;greedy
0;1214;100;10;1000;1000;0.9;65;0;100;instances/fpsol2.i.1.col;496;11654;greedy
0;1401;100;10;1000;1000;0.9;65;0;100;instances/fpsol2.i.1.col;496;11654;greedy
0;2067;100;10;1000;1000;0.9;65;0;100;instances/fpsol2.i.1.col;496;11654;greedy
0;2083;100;10;1000;1000;0.9;65;0;100;instances/fpsol2.i.1.col;496;11654;greedy
0;1993;100;10;1000;1000;0.9;65;0;100;instances/fpsol2.i.1.col;496;11654;greedy
0;1262;100;10;1000;1000;0.9;65;0;100;instances/fpsol2.i.1.col;496;11654;greedy
0;1911;100;10;1000;1000;0.9;65;0;100;instances/fpsol2.i.1.col;496;11654;greedy
0;1914;100;10;1000;1000;0.9;65;0;100;instances/fpsol2.i.1.col;496;11654;greedy
0;1847;100;10;1000;1000;0.9;65;0;100;instances/fpsol2.i.1.col;496;11654;greedy
0;1552;100;10;1000;1000;0.9;65;0;100;instances/fpsol2.i.1.col;496;11654;greedy
0;1174;100;10;1000;1000;0.9;65;0;100;instances/fpsol2.i.1.col;496;11654;greedy
0;1282;100;10;1000;1000;0.9;65;0;100;instances/fpsol2.i.1.col;496;11654;greedy
0;1221;100;10;1000;1000;0.9;65;0;100;instances/fpsol2.i.1.col;496;11654;greedy
0;1186;100;10;1000;1000;0.9;65;0;100;instances/fpsol2.i.1.col;496;11654;greedy
0;865;100;10;1000;1000;0.9;65;0;100;instances/fpsol2.i.1.col;496;11654;greedy
0;1066;100;10;1000;1000;0.9;65;0;100;instances/fpsol2.i.1.col;496;11654;greedy
0;994;100;10;1000;1000;0.9;65;0;100;instances/fpsol2.i.1.col;496;11654;greedy
0;963;100;10;1000;1000;0.9;65;0;100;instances/fpsol2.i.1.col;496;11654;greedy
0;938;100;10;1000;1000;0.9;65;0;100;instances/fpsol2.i.1.col;496;11654;greedy
0;1111;100;10;1000;1000;0.9;65;0;100;instances/fpsol2.i.1.col;496;11654;greedy
0;1478;100;10;1000;1000;0.9;65;0;100;instances/fpsol2.i.1.col;496;11654;greedy
0;1621;100;10;1000;1000;0.9;65;0;100;instances/fpsol2.i.1.col;496;11654;greedy
0;2542;100;10;1000;1000;0.9;65;0;100;instances/fpsol2.i.1.col;496;11654;greedy
0;2674;100;10;1000;1000;0.9;65;0;100;instances/fpsol2.i.1.col;496;11654;greedy
0;2177;100;10;1000;1000;0.9;65;0;100;instances/fpsol2.i.1.col;496;11654;greedy
134;2635795;100;10;1000;1000;0.9;65;23156;9;instances/fpsol2.i.1.col;496;11654;random
136;2620421;100;10;1000;1000;0.9;65;5411;9;instances/fpsol2.i.1.col;496;11654;random
138;2632297;100;10;1000;1000;0.9;65;16800;9;instances/fpsol2.i.1.col;496;11654;random
130;4995267;100;10;1000;1000;0.9;65;21204;9;instances/fpsol2.i.1.col;496;11654;random
135;2692087;100;10;1000;1000;0.9;65;19048;9;instances/fpsol2.i.1.col;496;11654;random
137;2663175;100;10;1000;1000;0.9;65;21148;9;instances/fpsol2.i.1.col;496;11654;random
136;2651331;100;10;1000;1000;0.9;65;21268;9;instances/fpsol2.i.1.col;496;11654;random
131;2595738;100;10;1000;1000;0.9;65;22319;9;instances/fpsol2.i.1.col;496;11654;random
116;2598202;100;10;1000;1000;0.9;65;18715;9;instances/fpsol2.i.1.col;496;11654;random
135;2614102;100;10;1000;1000;0.9;65;18670;9;instances/fpsol2.i.1.col;496;11654;random
129;13270265;100;10;1000;5000;0.9;65;35193;9;instances/fpsol2.i.1.col;496;11654;random
130;15113236;100;10;1000;5000;0.9;65;88510;9;instances/fpsol2.i.1.col;496;11654;random
129;13020484;100;10;1000;5000;0.9;65;14010;9;instances/fpsol2.i.1.col;496;11654;random
131;15114923;100;10;1000;5000;0.9;65;104503;9;instances/fpsol2.i.1.col;496;11654;random
133;12985108;100;10;1000;5000;0.9;65;94205;9;instances/fpsol2.i.1.col;496;11654;random
126;15246423;100;10;1000;5000;0.9;65;87005;9;instances/fpsol2.i.1.col;496;11654;random
130;13102353;100;10;1000;5000;0.9;65;116687;9;instances/fpsol2.i.1.col;496;11654;random
135;13525498;100;10;1000;5000;0.9;65;25385;9;instances/fpsol2.i.1.col;496;11654;random
126;13344577;100;10;1000;5000;0.9;65;116045;9;instances/fpsol2.i.1.col;496;11654;random
126;13543068;100;10;1000;5000;0.9;65;98637;9;instances/fpsol2.i.1.col;496;11654;random
125;17595596;100;10;1000;5000;0.9;65;117119;9;instances/fpsol2.i.1.col;496;11654;random
121;13638852;100;10;1000;5000;0.9;65;117053;9;instances/fpsol2.i.1.col;496;11654;random
128;12893619;100;10;1000;5000;0.9;65;54806;9;instances/fpsol2.i.1.col;496;11654;random
123;15484173;100;10;1000;5000;0.9;65;34557;9;instances/fpsol2.i.1.col;496;11654;random
122;12971782;100;10;1000;5000;0.9;65;92006;9;instances/fpsol2.i.1.col;496;11654;random
128;15410553;100;10;1000;5000;0.9;65;47115;9;instances/fpsol2.i.1.col;496;11654;random
130;13036142;100;10;1000;5000;0.9;65;68042;9;instances/fpsol2.i.1.col;496;11654;random
131;12842802;100;10;1000;5000;0.9;65;90077;9;instances/fpsol2.i.1.col;496;11654;random
123;15490592;100;10;1000;5000;0.9;65;102357;9;instances/fpsol2.i.1.col;496;11654;random
124;13071385;100;10;1000;5000;0.9;65;112534;9;instances/fpsol2.i.1.col;496;11654;random
131;13534127;100;10;1000;5000;0.9;65;63175;9;instances/fpsol2.i.1.col;496;11654;random
126;13429133;100;10;1000;5000;0.9;65;102072;9;instances/fpsol2.i.1.col;496;11654;random
123;15238779;100;10;1000;5000;0.9;65;106966;9;instances/fpsol2.i.1.col;496;11654;random
128;13356984;100;10;1000;5000;0.9;65;99873;9;instances/fpsol2.i.1.col;496;11654;random
124;15163960;100;10;1000;5000;0.9;65;61653;9;instances/fpsol2.i.1.col;496;11654;random
130;13394760;100;10;1000;5000;0.9;65;92930;9;instances/fpsol2.i.1.col;496;11654;random
132;13317844;100;10;1000;5000;0.9;65;23184;9;instances/fpsol2.i.1.col;496;11654;random
124;15201323;100;10;1000;5000;0.9;65;99625;9;instances/fpsol2.i.1.col;496;11654;random
131;13251283;100;10;1000;5000;0.9;65;93113;9;instances/fpsol2.i.1.col;496;11654;random
126;15632279;100;10;1000;5000;0.9;65;55026;9;instances/fpsol2.i.1.col;496;11654;random
