0;1659;100;10;1000;1000;0.9;30;0;100;instances/fpsol2.i.2.col;451;8691;greedy
0;1897;100;10;1000;1000;0.9;30;0;100;instances/fpsol2.i.2.col;451;8691;greedy
0;1254;100;10;1000;1000;0.9;30;0;100;instances/fpsol2.i.2.col;451;8691;greedy
0;861;100;10;1000;1000;0.9;30;0;100;instances/fpsol2.i.2.col;451;8691;greedy
0;795;100;10;1000;1000;0.9;30;0;100;instances/fpsol2.i.2.col;451;8691;greedy
0;1215;100;10;1000;1000;0.9;30;0;100;instances/fpsol2.i.2.col;451;8691;greedy
0;1607;100;10;1000;1000;0.9;30;0;100;instances/fpsol2.i.2.col;451;8691;greedy
0;2087;100;10;1000;1000;0.9;30;0;100;instances/fpsol2.i.2.col;451;8691;greedy
0;1397;100;10;1000;1000;0.9;30;0;100;instances/fpsol2.i.2.col;451;8691;greedy
0;1518;100;10;1000;1000;0.9;30;0;100;instances/fpsol2.i.2.col;451;8691;greedy
0;1922;100;10;1000;1000;0.9;30;0;100;instances/fpsol2.i.2.col;451;8691;greedy
0;1615;100;10;1000;1000;0.9;30;0;100;instances/fpsol2.i.2.col;451;8691;greedy
0;1326;100;10;1000;1000;0.9;30;0;100;instances/fpsol2.i.2.col;451;8691;greedy
0;972;100;10;1000;1000;0.9;30;0;100;instances/fpsol2.i.2.col;451;8691;greedy
0;1125;100;10;1000;1000;0.9;30;0;100;instances/fpsol2.i.2.col;451;8691;greedy
0;1503;100;10;1000;1000;0.9;30;0;100;instances/fpsol2.i.2.col;451;8691;greedy
0;1211;100;10;1000;1000;0.9;30;0;100;instances/fpsol2.i.2.col;451;8691;greedy
0;1007;100;10;1000;1000;0.9;30;0;100;instances/fpsol2.i.2.col;451;8691;greedy
0;817;100;10;1000;1000;0.9;30;0;100;instances/fpsol2.i.2.col;451;8691;greedy
0;719;100;10;1000;1000;0.9;30;0;100;instances/fpsol2.i.2.col;451;8691;greedy
0;707;100;10;1000;1000;0.9;30;0;100;instances/fpsol2.i.2.col;451;8691;greedy
0;912;100;10;1000;1000;0.9;30;0;100;instances/fpsol2.i.2.col;451;8691;greedy
0;1268;100;10;1000;1000;0.9;30;0;100;instances/fpsol2.i.2.col;451;8691;greedy
0;1798;100;10;1000;1000;0.9;30;0;100;instances/fpsol2.i.2.col;451;8691;greedy
0;1376;100;10;1000;1000;0.9;30;0;100;instances/fpsol2.i.2.col;451;8691;greedy
0;1613;100;10;1000;1000;0.9;30;0;100;instances/fpsol2.i.2.col;451;8691;greedy
0;1486;100;10;1000;1000;0.9;30;0;100;instances/fpsol2.i.2.col;451;8691;greedy
0;989;100;10;1000;1000;0.9;30;0;100;instances/fpsol2.i.2.col;451;8691;greedy
0;1135;100;10;1000;1000;0.9;30;0;100;instances/fpsol2.i.2.col;451;8691;greedy
0;2167;100;10;1000;1000;0.9;30;0;100;instances/fpsol2.i.2.col;451;8691;greedy
0;1622;100;10;1000;1000;0.9;30;0;100;instances/fpsol2.i.2.col;451;8691;greedy
0;1006;100;10;1000;1000;0.9;30;0;100;instances/fpsol2.i.2.col;451;8691;greedy
0;1120;100;10;1000;1000;0.9;30;0;100;instances/fpsol2.i.2.col;451;8691;greedy
0;1564;100;10;1000;1000;0.9;30;0;100;instances/fpsol2.i.2.col;451;8691;greedy
0;1737;100;10;1000;1000;0.9;30;0;100;instances/fpsol2.i.2.col;451;8691;greedy
0;1631;100;10;1000;1000;0.9;30;0;100;instances/fpsol2.i.2.col;451;8691;greedy
0;2152;100;10;1000;1000;0.9;30;0;100;instances/fpsol2.i.2.col;451;8691;greedy
0;1945;100;10;1000;1000;0.9;30;0;100;instances/fpsol2.i.2.col;451;8691;greedy
0;1878;100;10;1000;1000;0.9;30;0;100;instances/fpsol2.i.2.col;451;8691;greedy
0;1887;100;10;1000;1000;0.9;30;0;100;instances/fpsol2.i.2.col;451;8691;greedy
0;2164;100;10;1000;1000;0.9;30;0;100;instances/fpsol2.i.2.col;451;8691;greedy
0;1947;100;10;1000;1000;0.9;30;0;100;instances/fpsol2.i.2.col;451;8691;greedy
0;1940;100;10;1000;1000;0.9;30;0;100;instances/fpsol2.i.2.col;451;8691;greedy
0;1500;100;10;1000;1000;0.9;30;0;100;instances/fpsol2.i.2.col;451;8691;greedy
0;1382;100;10;1000;1000;0.9;30;0;100;instances/fpsol2.i.2.col;451;8691;greedy
0;1096;100;10;1000;1000;0.9;30;0;100;instances/fpsol2.i.2.col;451;8691;greedy
0;949;100;10;1000;1000;0.9;30;0;100;instances/fpsol2.i.2.col;451;8691;greedy
0;813;100;10;1000;1000;0.9;30;0;100;instances/fpsol2.i.2.col;451;8691;greedy
0;856;100;10;1000;1000;0.9;30;0;100;instances/fpsol2.i.2.col;451;8691;greedy
0;670;100;10;1000;1000;0.9;30;0;100;instances/fpsol2.i.2.col;451;8691;greedy
0;639;100;10;1000;1000;0.9;30;0;100;instances/fpsol2.i.2.col;451;8691;greedy
0;684;100;10;1000;1000;0.9;30;0;100;instances/fpsol2.i.2.col;451;8691;greedy
0;687;100;10;1000;1000;0.9;30;0;100;instances/fpsol2.i.2.col;451;8691;greedy
0;669;100;10;1000;1000;0.9;30;0;100;instances/fpsol2.i.2.col;451;8691;greedy
0;715;100;10;1000;1000;0.9;30;0;100;instances/fpsol2.i.2.col;451;8691;greedy
0;937;100;10;1000;1000;0.9;30;0;100;instances/fpsol2.i.2.col;451;8691;greedy
0;923;100;10;1000;1000;0.9;30;0;100;instances/fpsol2.i.2.col;451;8691;greedy
0;1170;100;10;1000;1000;0.9;30;0;100;instances/fpsol2.i.2.col;451;8691;greedy
0;1475;100;10;1000;1000;0.9;30;0;100;instances/fpsol2.i.2.col;451;8691;greedy
0;1855;100;10;1000;1000;0.9;30;0;100;instances/fpsol2.i.2.col;451;8691;greedy
0;2006;100;10;1000;1000;0.9;30;0;100;instances/fpsol2.i.2.col;451;8691;greedy
0;2301;100;10;1000;1000;0.9;30;0;100;instances/fpsol2.i.2.col;451;8691;greedy
0;2425;100;10;1000;1000;0.9;30;0;100;instances/fpsol2.i.2.col;451;8691;greedy
0;2227;100;10;1000;1000;0.9;30;0;100;instances/fpsol2.i.2.col;451;8691;greedy
0;2284;100;10;1000;1000;0.9;30;0;100;instances/fpsol2.i.2.col;451;8691;greedy
0;1592;100;10;1000;1000;0.9;30;0;100;instances/fpsol2.i.2.col;451;8691;greedy
0;1411;100;10;1000;1000;0.9;30;0;100;instances/fpsol2.i.2.col;451;8691;greedy
0;984;100;10;1000;1000;0.9;30;0;100;instances/fpsol2.i.2.col;451;8691;greedy
0;887;100;10;1000;1000;0.9;30;0;100;instances/fpsol2.i.2.col;451;8691;greedy
0;664;100;10;1000;1000;0.9;30;0;100;instances/fpsol2.i.2.col;451;8691;greedy
0;656;100;10;1000;1000;0.9;30;0;100;instances/fpsol2.i.2.col;451;8691;greedy
0;698;100;10;1000;1000;0.9;30;0;100;instances/fpsol2.i.2.col;451;8691;greedy
0;742;100;10;1000;1000;0.9;30;0;100;instances/fpsol2.i.2.col;451;8691;greedy
0;679;100;10;1000;1000;0.9;30;0;100;instances/fpsol2.i.2.col;451;8691;greedy
0;977;100;10;1000;1000;0.9;30;0;100;instances/fpsol2.i.2.col;451;8691;greedy
0;809;100;10;1000;1000;0.9;30;0;100;instances/fpsol2.i.2.col;451;8691;greedy
0;698;100;10;1000;1000;0.9;30;0;100;instances/fpsol2.i.2.col;451;8691;greedy
0;692;100;10;1000;1000;0.9;30;0;100;instances/fpsol2.i.2.col;451;8691;greedy
0;945;100;10;1000;1000;0.9;30;0;100;instances/fpsol2.i.2.col;451;8691;greedy
0;962;100;10;1000;1000;0.9;30;0;100;instances/fpsol2.i.2.col;451;8691;greedy
0;763;100;10;1000;1000;0.9;30;0;100;instances/fpsol2.i.2.col;451;8691;greedy
0;724;100;10;1000;1000;0.9;30;0;100;instances/fpsol2.i.2.col;451;8691;greedy
0;722;100;10;1000;1000;0.9;30;0;100;instances/fpsol2.i.2.col;451;8691;greedy
0;699;100;10;1000;1000;0.9;30;0;100;instances/fpsol2.i.2.col;451;8691;greedy
0;693;100;10;1000;1000;0.9;30;0;100;instances/fpsol2.i.2.col;451;8691;greedy
0;653;100;10;1000;1000;0.9;30;0;100;instances/fpsol2.i.2.col;451;8691;greedy
0;652;100;10;1000;1000;0.9;30;0;100;instances/fpsol2.i.2.col;451;8691;greedy
0;664;100;10;1000;1000;0.9;30;0;100;instances/fpsol2.i.2.col;451;8691;greedy
0;688;100;10;1000;1000;0.9;30;0;100;instances/fpsol2.i.2.col;451;8691;greedy
0;739;100;10;1000;1000;0.9;30;0;100;instances/fpsol2.i.2.col;451;8691;greedy
0;728;100;10;1000;1000;0.9;30;0;100;instances/fpsol2.i.2.col;451;8691;greedy
0;677;100;10;1000;1000;0.9;30;0;100;instances/fpsol2.i.2.col;451;8691;greedy
0;665;100;10;1000;1000;0.9;30;0;100;instances/fpsol2.i.2.col;451;8691;greedy
0;804;100;10;1000;1000;0.9;30;0;100;instances/fpsol2.i.2.col;451;8691;greedy
0;685;100;10;1000;1000;0.9;30;0;100;instances/fpsol2.i.2.col;451;8691;greedy
0;888;100;10;1000;1000;0.9;30;0;100;instances/fpsol2.i.2.col;451;8691;greedy
0;874;100;10;1000;1000;0.9;30;0;100;instances/fpsol2.i.2.col;451;8691;greedy
0;682;100;10;1000;1000;0.9;30;0;100;instances/fpsol2.i.2.col;451;8691;greedy
0;630;100;10;1000;1000;0.9;30;0;100;instances/fpsol2.i.2.col;451;8691;greedy
0;835;100;10;1000;1000;0.9;30;0;100;instances/fpsol2.i.2.col;451;8691;greedy
227;2393910;100;10;1000;1000;0.9;30;23072;9;instances/fpsol2.i.2.col;451;8691;random
231;2352644;100;10;1000;1000;0.9;30;11314;9;instances/fpsol2.i.2.col;451;8691;random
221;2380577;100;10;1000;1000;0.9;30;13199;9;instances/fpsol2.i.2.col;451;8691;random
220;2374782;100;10;1000;1000;0.9;30;17172;9;instances/fpsol2.i.2.col;451;8691;random
225;2382423;100;10;1000;1000;0.9;30;15236;9;instances/fpsol2.i.2.col;451;8691;random
228;2346627;100;10;1000;1000;0.9;30;25128;9;instances/fpsol2.i.2.col;451;8691;random
223;4745311;100;10;1000;1000;0.9;30;23667;9;instances/fpsol2.i.2.col;451;8691;random
224;2378881;100;10;1000;1000;0.9;30;24961;9;instances/fpsol2.i.2.col;451;8691;random
209;2375804;100;10;1000;1000;0.9;30;25535;9;instances/fpsol2.i.2.col;451;8691;random
214;2379533;100;10;1000;1000;0.9;30;25978;9;instances/fpsol2.i.2.col;451;8691;random
220;13878649;100;10;1000;5000;0.9;30;114570;9;instances/fpsol2.i.2.col;451;8691;random
207;11881390;100;10;1000;5000;0.9;30;116904;9;instances/fpsol2.i.2.col;451;8691;random
208;11777883;100;10;1000;5000;0.9;30;123071;9;instances/fpsol2.i.2.col;451;8691;random
207;14072842;100;10;1000;5000;0.9;30;114769;9;instances/fpsol2.i.2.col;451;8691;random
205;11589644;100;10;1000;5000;0.9;30;120678;9;instances/fpsol2.i.2.col;451;8691;random
205;12068960;100;10;1000;5000;0.9;30;124211;9;instances/fpsol2.i.2.col;451;8691;random
216;14191289;100;10;1000;5000;0.9;30;86426;9;instances/fpsol2.i.2.col;451;8691;random
217;11779514;100;10;1000;5000;0.9;30;126645;9;instances/fpsol2.i.2.col;451;8691;random
209;14342539;100;10;1000;5000;0.9;30;116691;9;instances/fpsol2.i.2.col;451;8691;random
212;11933400;100;10;1000;5000;0.9;30;120202;9;instances/fpsol2.i.2.col;451;8691;random
217;11753527;100;10;1000;5000;0.9;30;72724;9;instances/fpsol2.i.2.col;451;8691;random
207;14525928;100;10;1000;5000;0.9;30;102652;9;instances/fpsol2.i.2.col;451;8691;random
204;11649322;100;10;1000;5000;0.9;30;124944;9;instances/fpsol2.i.2.col;451;8691;random
215;11625907;100;10;1000;5000;0.9;30;125065;9;instances/fpsol2.i.2.col;451;8691;random
211;14351108;100;10;1000;5000;0.9;30;65017;9;instances/fpsol2.i.2.col;451;8691;random
209;11957774;100;10;1000;5000;0.9;30;104068;9;instances/fpsol2.i.2.col;451;8691;random
211;14322167;100;10;1000;5000;0.9;30;131648;9;instances/fpsol2.i.2.col;451;8691;random
214;12073278;100;10;1000;5000;0.9;30;118420;9;instances/fpsol2.i.2.col;451;8691;random
213;11992943;100;10;1000;5000;0.9;30;28948;9;instances/fpsol2.i.2.col;451;8691;random
215;13922908;100;10;1000;5000;0.9;30;128337;9;instances/fpsol2.i.2.col;451;8691;random
217;12112372;100;10;1000;5000;0.9;30;115912;9;instances/fpsol2.i.2.col;451;8691;random
215;11982568;100;10;1000;5000;0.9;30;120605;9;instances/fpsol2.i.2.col;451;8691;random
206;14283373;100;10;1000;5000;0.9;30;111156;9;instances/fpsol2.i.2.col;451;8691;random
217;11742167;100;10;1000;5000;0.9;30;106691;9;instances/fpsol2.i.2.col;451;8691;random
208;14134896;100;10;1000;5000;0.9;30;118302;9;instances/fpsol2.i.2.col;451;8691;random
213;12114277;100;10;1000;5000;0.9;30;1519;9;instances/fpsol2.i.2.col;451;8691;random
220;11867157;100;10;1000;5000;0.9;30;130732;9;instances/fpsol2.i.2.col;451;8691;random
211;14202326;100;10;1000;5000;0.9;30;116371;9;instances/fpsol2.i.2.col;451;8691;random
209;11863301;100;10;1000;5000;0.9;30;115209;9;instances/fpsol2.i.2.col;451;8691;random
222;12330220;100;10;1000;5000;0.9;30;78285;9;instances/fpsol2.i.2.col;451;8691;random
