0;1108;100;10;1000;1000;0.9;30;0;100;instances/fpsol2.i.3.col;425;8688;greedy
0;1025;100;10;1000;1000;0.9;30;0;100;instances/fpsol2.i.3.col;425;8688;greedy
0;946;100;10;1000;1000;0.9;30;0;100;instances/fpsol2.i.3.col;425;8688;greedy
0;845;100;10;1000;1000;0.9;30;0;100;instances/fpsol2.i.3.col;425;8688;greedy
0;1146;100;10;1000;1000;0.9;30;0;100;instances/fpsol2.i.3.col;425;8688;greedy
0;1448;100;10;1000;1000;0.9;30;0;100;instances/fpsol2.i.3.col;425;8688;greedy
0;1880;100;10;1000;1000;0.9;30;0;100;instances/fpsol2.i.3.col;425;8688;greedy
0;1864;100;10;1000;1000;0.9;30;0;100;instances/fpsol2.i.3.col;425;8688;greedy
0;1787;100;10;1000;1000;0.9;30;0;100;instances/fpsol2.i.3.col;425;8688;greedy
0;1308;100;10;1000;1000;0.9;30;0;100;instances/fpsol2.i.3.col;425;8688;greedy
0;1047;100;10;1000;1000;0.9;30;0;100;instances/fpsol2.i.3.col;425;8688;greedy
0;1383;100;10;1000;1000;0.9;30;0;100;instances/fpsol2.i.3.col;425;8688;greedy
0;1857;100;10;1000;1000;0.9;30;0;100;instances/fpsol2.i.3.col;425;8688;greedy
0;1395;100;10;1000;1000;0.9;30;0;100;instances/fpsol2.i.3.col;425;8688;greedy
0;1250;100;10;1000;1000;0.9;30;0;100;instances/fpsol2.i.3.col;425;8688;greedy
0;2129;100;10;1000;1000;0.9;30;0;100;instances/fpsol2.i.3.col;425;8688;greedy
0;801;100;10;1000;1000;0.9;30;0;100;instances/fpsol2.i.3.col;425;8688;greedy
0;952;100;10;1000;1000;0.9;30;0;100;instances/fpsol2.i.3.col;425;8688;greedy
0;991;100;10;1000;1000;0.9;30;0;100;instances/fpsol2.i.3.col;425;8688;greedy
0;793;100;10;1000;1000;0.9;30;0;100;instances/fpsol2.i.3.col;425;8688;greedy
0;853;100;10;1000;1000;0.9;30;0;100;instances/fpsol2.i.3.col;425;8688;greedy
0;993;100;10;1000;1000;0.9;30;0;100;instances/fpsol2.i.3.col;425;8688;greedy
0;927;100;10;1000;1000;0.9;30;0;100;instances/fpsol2.i.3.col;425;8688;greedy
0;1227;100;10;1000;1000;0.9;30;0;100;instances/fpsol2.i.3.col;425;8688;greedy
0;1340;100;10;1000;1000;0.9;30;0;100;instances/fpsol2.i.3.col;425;8688;greedy
0;1608;100;10;1000;1000;0.9;30;0;100;instances/fpsol2.i.3.col;425;8688;greedy
0;1716;100;10;1000;1000;0.9;30;0;100;instances/fpsol2.i.3.col;425;8688;greedy
0;2138;100;10;1000;1000;0.9;30;0;100;instances/fpsol2.i.3.col;425;8688;greedy
0;1373;100;10;1000;1000;0.9;30;0;100;instances/fpsol2.i.3.col;425;8688;greedy
0;910;100;10;1000;1000;0.9;30;0;100;instances/fpsol2.i.3.col;425;8688;greedy
0;875;100;10;1000;1000;0.9;30;0;100;instances/fpsol2.i.3.col;425;8688;greedy
0;1417;100;10;1000;1000;0.9;30;0;100;instances/fpsol2.i.3.col;425;8688;greedy
0;2215;100;10;1000;1000;0.9;30;0;100;instances/fpsol2.i.3.col;425;8688;greedy
0;2673;100;10;1000;1000;0.9;30;0;100;instances/fpsol2.i.3.col;425;8688;greedy
0;2602;100;10;1000;1000;0.9;30;0;100;instances/fpsol2.i.3.col;425;8688;greedy
0;2433;100;10;1000;1000;0.9;30;0;100;instances/fpsol2.i.3.col;425;8688;greedy
0;2250;100;10;1000;1000;0.9;30;0;100;instances/fpsol2.i.3.col;425;8688;greedy
0;1331;100;10;1000;1000;0.9;30;0;100;instances/fpsol2.i.3.col;425;8688;greedy
0;1492;100;10;1000;1000;0.9;30;0;100;instances/fpsol2.i.3.col;425;8688;greedy
0;2255;100;10;1000;1000;0.9;30;0;100;instances/fpsol2.i.3.col;425;8688;greedy
0;1868;100;10;1000;1000;0.9;30;0;100;instances/fpsol2.i.3.col;425;8688;greedy
0;2214;100;10;1000;1000;0.9;30;0;100;instances/fpsol2.i.3.col;425;8688;greedy
0;1870;100;10;1000;1000;0.9;30;0;100;instances/fpsol2.i.3.col;425;8688;greedy
0;2739;100;10;1000;1000;0.9;30;0;100;instances/fpsol2.i.3.col;425;8688;greedy
0;2396;100;10;1000;1000;0.9;30;0;100;instances/fpsol2.i.3.col;425;8688;greedy
0;1504;100;10;1000;1000;0.9;30;0;100;instances/fpsol2.i.3.col;425;8688;greedy
0;2250;100;10;1000;1000;0.9;30;0;100;instances/fpsol2.i.3.col;425;8688;greedy
0;1433;100;10;1000;1000;0.9;30;0;100;instances/fpsol2.i.3.col;425;8688;greedy
0;1727;100;10;1000;1000;0.9;30;0;100;instances/fpsol2.i.3.col;425;8688;greedy
0;2250;100;10;1000;1000;0.9;30;0;100;instances/fpsol2.i.3.col;425;8688;greedy
0;1657;100;10;1000;1000;0.9;30;0;100;instances/fpsol2.i.3.col;425;8688;greedy
0;1066;100;10;1000;1000;0.9;30;0;100;instances/fpsol2.i.3.col;425;8688;greedy
0;1224;100;10;1000;1000;0.9;30;0;100;instances/fpsol2.i.3.col;425;8688;greedy
0;1982;100;10;1000;1000;0.9;30;0;100;instances/fpsol2.i.3.col;425;8688;greedy
0;3146;100;10;1000;1000;0.9;30;0;100;instances/fpsol2.i.3.col;425;8688;greedy
0;2726;100;10;1000;1000;0.9;30;0;100;instances/fpsol2.i.3.col;425;8688;greedy
0;2540;100;10;1000;1000;0.9;30;0;100;instances/fpsol2.i.3.col;425;8688;greedy
0;2899;100;10;1000;1000;0.9;30;0;100;instances/fpsol2.i.3.col;425;8688;greedy
0;2441;100;10;1000;1000;0.9;30;0;100;instances/fpsol2.i.3.col;425;8688;greedy
0;2017;100;10;1000;1000;0.9;30;0;100;instances/fpsol2.i.3.col;425;8688;greedy
0;1444;100;10;1000;1000;0.9;30;0;100;instances/fpsol2.i.3.col;425;8688;greedy
0;1697;100;10;1000;1000;0.9;30;0;100;instances/fpsol2.i.3.col;425;8688;greedy
0;1988;100;10;1000;1000;0.9;30;0;100;instances/fpsol2.i.3.col;425;8688;greedy
0;2479;100;10;1000;1000;0.9;30;0;100;instances/fpsol2.i.3.col;425;8688;greedy
0;2890;100;10;1000;1000;0.9;30;0;100;instances/fpsol2.i.3.col;425;8688;greedy
0;1705;100;10;1000;1000;0.9;30;0;100;instances/fpsol2.i.3.col;425;8688;greedy
0;1882;100;10;1000;1000;0.9;30;0;100;instances/fpsol2.i.3.col;425;8688;greedy
0;1438;100;10;1000;1000;0.9;30;0;100;instances/fpsol2.i.3.col;425;8688;greedy
0;1758;100;10;1000;1000;0.9;30;0;100;instances/fpsol2.i.3.col;425;8688;greedy
0;2096;100;10;1000;1000;0.9;30;0;100;instances/fpsol2.i.3.col;425;8688;greedy
0;2060;100;10;1000;1000;0.9;30;0;100;instances/fpsol2.i.3.col;425;8688;greedy
0;2440;100;10;1000;1000;0.9;30;0;100;instances/fpsol2.i.3.col;425;8688;greedy
0;2054;100;10;1000;1000;0.9;30;0;100;instances/fpsol2.i.3.col;425;8688;greedy
0;2186;100;10;1000;1000;0.9;30;0;100;instances/fpsol2.i.3.col;425;8688;greedy
0;2109;100;10;1000;1000;0.9;30;0;100;instances/fpsol2.i.3.col;425;8688;greedy
0;2321;100;10;1000;1000;0.9;30;0;100;instances/fpsol2.i.3.col;425;8688;greedy
0;1427;100;10;1000;1000;0.9;30;0;100;instances/fpsol2.i.3.col;425;8688;greedy
0;932;100;10;1000;1000;0.9;30;0;100;instances/fpsol2.i.3.col;425;8688;greedy
0;1035;100;10;1000;1000;0.9;30;0;100;instances/fpsol2.i.3.col;425;8688;greedy
0;1537;100;10;1000;1000;0.9;30;0;100;instances/fpsol2.i.3.col;425;8688;greedy
0;2193;100;10;1000;1000;0.9;30;0;100;instances/fpsol2.i.3.col;425;8688;greedy
0;2163;100;10;1000;1000;0.9;30;0;100;instances/fpsol2.i.3.col;425;8688;greedy
0;2138;100;10;1000;1000;0.9;30;0;100;instances/fpsol2.i.3.col;425;8688;greedy
0;1846;100;10;1000;1000;0.9;30;0;100;instances/fpsol2.i.3.col;425;8688;greedy
0;1318;100;10;1000;1000;0.9;30;0;100;instances/fpsol2.i.3.col;425;8688;greedy
0;1381;100;10;1000;1000;0.9;30;0;100;instances/fpsol2.i.3.col;425;8688;greedy
0;1428;100;10;1000;1000;0.9;30;0;100;instances/fpsol2.i.3.col;425;8688;greedy
0;1333;100;10;1000;1000;0.9;30;0;100;instances/fpsol2.i.3.col;425;8688;greedy
0;947;100;10;1000;1000;0.9;30;0;100;instances/fpsol2.i.3.col;425;8688;greedy
0;1266;100;10;1000;1000;0.9;30;0;100;instances/fpsol2.i.3.col;425;8688;greedy
0;916;100;10;1000;1000;0.9;30;0;100;instances/fpsol2.i.3.col;425;8688;greedy
0;724;100;10;1000;1000;0.9;30;0;100;instances/fpsol2.i.3.col;425;8688;greedy
0;693;100;10;1000;1000;0.9;30;0;100;instances/fpsol2.i.3.col;425;8688;greedy
0;1393;100;10;1000;1000;0.9;30;0;100;instances/fpsol2.i.3.col;425;8688;greedy
0;1214;100;10;1000;1000;0.9;30;0;100;instances/fpsol2.i.3.col;425;8688;greedy
0;1329;100;10;1000;1000;0.9;30;0;100;instances/fpsol2.i.3.col;425;8688;greedy
0;1448;100;10;1000;1000;0.9;30;0;100;instances/fpsol2.i.3.col;425;8688;greedy
0;1582;100;10;1000;1000;0.9;30;0;100;instances/fpsol2.i.3.col;425;8688;greedy
0;1826;100;10;1000;1000;0.9;30;0;100;instances/fpsol2.i.3.col;425;8688;greedy
0;1767;100;10;1000;1000;0.9;30;0;100;instances/fpsol2.i.3.col;425;8688;greedy
212;2415584;100;10;1000;1000;0.9;30;16605;9;instances/fpsol2.i.3.col;425;8688;random
205;2390457;100;10;1000;1000;0.9;30;27208;9;instances/fpsol2.i.3.col;425;8688;random
217;2432441;100;10;1000;1000;0.9;30;12503;9;instances/fpsol2.i.3.col;425;8688;random
216;2445109;100;10;1000;1000;0.9;30;26585;9;instances/fpsol2.i.3.col;425;8688;random
224;2432146;100;10;1000;1000;0.9;30;20205;9;instances/fpsol2.i.3.col;425;8688;random
228;2495841;100;10;1000;1000;0.9;30;13927;9;instances/fpsol2.i.3.col;425;8688;random
216;2376546;100;10;1000;1000;0.9;30;24352;9;instances/fpsol2.i.3.col;425;8688;random
225;2400062;100;10;1000;1000;0.9;30;22492;9;instances/fpsol2.i.3.col;425;8688;random
213;2435084;100;10;1000;1000;0.9;30;23019;9;instances/fpsol2.i.3.col;425;8688;random
225;4757480;100;10;1000;1000;0.9;30;26026;9;instances/fpsol2.i.3.col;425;8688;random
204;12154792;100;10;1000;5000;0.9;30;101611;9;instances/fpsol2.i.3.col;425;8688;random
212;12298383;100;10;1000;5000;0.9;30;135928;9;instances/fpsol2.i.3.col;425;8688;random
208;14219615;100;10;1000;5000;0.9;30;125838;9;instances/fpsol2.i.3.col;425;8688;random
215;12122330;100;10;1000;5000;0.9;30;116959;9;instances/fpsol2.i.3.col;425;8688;random
211;14144592;100;10;1000;5000;0.9;30;90180;9;instances/fpsol2.i.3.col;425;8688;random
205;12257615;100;10;1000;5000;0.9;30;125002;9;instances/fpsol2.i.3.col;425;8688;random
209;12146346;100;10;1000;5000;0.9;30;132791;9;instances/fpsol2.i.3.col;425;8688;random
206;14171348;100;10;1000;5000;0.9;30;120866;9;instances/fpsol2.i.3.col;425;8688;random
218;12173273;100;10;1000;5000;0.9;30;70307;9;instances/fpsol2.i.3.col;425;8688;random
198;12202493;100;10;1000;5000;0.9;30;135776;9;instances/fpsol2.i.3.col;425;8688;random
195;14303533;100;10;1000;5000;0.9;30;132806;9;instances/fpsol2.i.3.col;425;8688;random
212;12127439;100;10;1000;5000;0.9;30;121705;9;instances/fpsol2.i.3.col;425;8688;random
216;14164043;100;10;1000;5000;0.9;30;131567;9;instances/fpsol2.i.3.col;425;8688;random
205;12092525;100;10;1000;5000;0.9;30;120954;9;instances/fpsol2.i.3.col;425;8688;random
198;11993995;100;10;1000;5000;0.9;30;129762;9;instances/fpsol2.i.3.col;425;8688;random
215;14069635;100;10;1000;5000;0.9;30;68351;9;instances/fpsol2.i.3.col;425;8688;random
206;12156656;100;10;1000;5000;0.9;30;117536;9;instances/fpsol2.i.3.col;425;8688;random
224;12237663;100;10;1000;5000;0.9;30;134339;9;instances/fpsol2.i.3.col;425;8688;random
211;14409849;100;10;1000;5000;0.9;30;105986;9;instances/fpsol2.i.3.col;425;8688;random
197;12081551;100;10;1000;5000;0.9;30;91862;9;instances/fpsol2.i.3.col;425;8688;random
213;14344176;100;10;1000;5000;0.9;30;93686;9;instances/fpsol2.i.3.col;425;8688;random
208;12233982;100;10;1000;5000;0.9;30;118425;9;instances/fpsol2.i.3.col;425;8688;random
216;14507582;100;10;1000;5000;0.9;30;132082;9;instances/fpsol2.i.3.col;425;8688;random
211;12232022;100;10;1000;5000;0.9;30;124555;9;instances/fpsol2.i.3.col;425;8688;random
217;12468242;100;10;1000;5000;0.9;30;121728;9;instances/fpsol2.i.3.col;425;8688;random
211;14207908;100;10;1000;5000;0.9;30;112380;9;instances/fpsol2.i.3.col;425;8688;random
213;12045843;100;10;1000;5000;0.9;30;99069;9;instances/fpsol2.i.3.col;425;8688;random
205;14331032;100;10;1000;5000;0.9;30;119593;9;instances/fpsol2.i.3.col;425;8688;random
206;12126089;100;10;1000;5000;0.9;30;120134;9;instances/fpsol2.i.3.col;425;8688;random
213;12206419;100;10;1000;5000;0.9;30;116826;9;instances/fpsol2.i.3.col;425;8688;random
