0;312;100;10;1000;1000;0.9;9;0;100;instances/games120.col;120;1276;greedy
0;286;100;10;1000;1000;0.9;9;0;100;instances/games120.col;120;1276;greedy
0;278;100;10;1000;1000;0.9;9;0;100;instances/games120.col;120;1276;greedy
0;331;100;10;1000;1000;0.9;9;0;100;instances/games120.col;120;1276;greedy
0;292;100;10;1000;1000;0.9;9;0;100;instances/games120.col;120;1276;greedy
0;271;100;10;1000;1000;0.9;9;0;100;instances/games120.col;120;1276;greedy
0;302;100;10;1000;1000;0.9;9;0;100;instances/games120.col;120;1276;greedy
0;270;100;10;1000;1000;0.9;9;0;100;instances/games120.col;120;1276;greedy
0;310;100;10;1000;1000;0.9;9;0;100;instances/games120.col;120;1276;greedy
0;313;100;10;1000;1000;0.9;9;0;100;instances/games120.col;120;1276;greedy
0;263;100;10;1000;1000;0.9;9;0;100;instances/games120.col;120;1276;greedy
0;284;100;10;1000;1000;0.9;9;0;100;instances/games120.col;120;1276;greedy
0;322;100;10;1000;1000;0.9;9;0;100;instances/games120.col;120;1276;greedy
0;285;100;10;1000;1000;0.9;9;0;100;instances/games120.col;120;1276;greedy
0;310;100;10;1000;1000;0.9;9;0;100;instances/games120.col;120;1276;greedy
0;303;100;10;1000;1000;0.9;9;0;100;instances/games120.col;120;1276;greedy
0;298;100;10;1000;1000;0.9;9;0;100;instances/games120.col;120;1276;greedy
0;265;100;10;1000;1000;0.9;9;0;100;instances/games120.col;120;1276;greedy
0;259;100;10;1000;1000;0.9;9;0;100;instances/games120.col;120;1276;greedy
0;269;100;10;1000;1000;0.9;9;0;100;instances/games120.col;120;1276;greedy
0;262;100;10;1000;1000;0.9;9;0;100;instances/games120.col;120;1276;greedy
0;271;100;10;1000;1000;0.9;9;0;100;instances/games120.col;120;1276;greedy
0;239;100;10;1000;1000;0.9;9;0;100;instances/games120.col;120;1276;greedy
0;243;100;10;1000;1000;0.9;9;0;100;instances/games120.col;120;1276;greedy
0;228;100;10;1000;1000;0.9;9;0;100;instances/games120.col;120;1276;greedy
0;247;100;10;1000;1000;0.9;9;0;100;instances/games120.col;120;1276;greedy
0;265;100;10;1000;1000;0.9;9;0;100;instances/games120.col;120;1276;greedy
0;182;100;10;1000;1000;0.9;9;0;100;instances/games120.col;120;1276;greedy
0;192;100;10;1000;1000;0.9;9;0;100;instances/games120.col;120;1276;greedy
0;202;100;10;1000;1000;0.9;9;0;100;instances/games120.col;120;1276;greedy
0;237;100;10;1000;1000;0.9;9;0;100;instances/games120.col;120;1276;greedy
0;223;100;10;1000;1000;0.9;9;0;100;instances/games120.col;120;1276;greedy
0;248;100;10;1000;1000;0.9;9;0;100;instances/games120.col;120;1276;greedy
0;248;100;10;1000;1000;0.9;9;0;100;instances/games120.col;120;1276;greedy
0;245;100;10;1000;1000;0.9;9;0;100;instances/games120.col;120;1276;greedy
0;209;100;10;1000;1000;0.9;9;0;100;instances/games120.col;120;1276;greedy
0;267;100;10;1000;1000;0.9;9;0;100;instances/games120.col;120;1276;greedy
0;276;100;10;1000;1000;0.9;9;0;100;instances/games120.col;120;1276;greedy
0;302;100;10;1000;1000;0.9;9;0;100;instances/games120.col;120;1276;greedy
0;270;100;10;1000;1000;0.9;9;0;100;instances/games120.col;120;1276;greedy
0;320;100;10;1000;1000;0.9;9;0;100;instances/games120.col;120;1276;greedy
0;298;100;10;1000;1000;0.9;9;0;100;instances/games120.col;120;1276;greedy
0;282;100;10;1000;1000;0.9;9;0;100;instances/games120.col;120;1276;greedy
0;318;100;10;1000;1000;0.9;9;0;100;instances/games120.col;120;1276;greedy
0;273;100;10;1000;1000;0.9;9;0;100;instances/games120.col;120;1276;greedy
0;289;100;10;1000;1000;0.9;9;0;100;instances/games120.col;120;1276;greedy
0;273;100;10;1000;1000;0.9;9;0;100;instances/games120.col;120;1276;greedy
0;258;100;10;1000;1000;0.9;9;0;100;instances/games120.col;120;1276;greedy
0;287;100;10;1000;1000;0.9;9;0;100;instances/games120.col;120;1276;greedy
0;292;100;10;1000;1000;0.9;9;0;100;instances/games120.col;120;1276;greedy
0;271;100;10;1000;1000;0.9;9;0;100;instances/games120.col;120;1276;greedy
0;286;100;10;1000;1000;0.9;9;0;100;instances/games120.col;120;1276;greedy
0;294;100;10;1000;1000;0.9;9;0;100;instances/games120.col;120;1276;greedy
0;298;100;10;1000;1000;0.9;9;0;100;instances/games120.col;120;1276;greedy
0;320;100;10;1000;1000;0.9;9;0;100;instances/games120.col;120;1276;greedy
0;272;100;10;1000;1000;0.9;9;0;100;instances/games120.col;120;1276;greedy
0;302;100;10;1000;1000;0.9;9;0;100;instances/games120.col;120;1276;greedy
0;327;100;10;1000;1000;0.9;9;0;100;instances/games120.col;120;1276;greedy
0;286;100;10;1000;1000;0.9;9;0;100;instances/games120.col;120;1276;greedy
0;323;100;10;1000;1000;0.9;9;0;100;instances/games120.col;120;1276;greedy
0;330;100;10;1000;1000;0.9;9;0;100;instances/games120.col;120;1276;greedy
0;288;100;10;1000;1000;0.9;9;0;100;instances/games120.col;120;1276;greedy
0;348;100;10;1000;1000;0.9;9;0;100;instances/games120.col;120;1276;greedy
0;298;100;10;1000;1000;0.9;9;0;100;instances/games120.col;120;1276;greedy
0;300;100;10;1000;1000;0.9;9;0;100;instances/games120.col;120;1276;greedy
0;348;100;10;1000;1000;0.9;9;0;100;instances/games120.col;120;1276;greedy
0;289;100;10;1000;1000;0.9;9;0;100;instances/games120.col;120;1276;greedy
0;383;100;10;1000;1000;0.9;9;0;100;instances/games120.col;120;1276;greedy
0;324;100;10;1000;1000;0.9;9;0;100;instances/games120.col;120;1276;greedy
0;339;100;10;1000;1000;0.9;9;0;100;instances/games120.col;120;1276;greedy
0;329;100;10;1000;1000;0.9;9;0;100;instances/games120.col;120;1276;greedy
0;293;100;10;1000;1000;0.9;9;0;100;instances/games120.col;120;1276;greedy
0;398;100;10;1000;1000;0.9;9;0;100;instances/games120.col;120;1276;greedy
0;321;100;10;1000;1000;0.9;9;0;100;instances/games120.col;120;1276;greedy
0;299;100;10;1000;1000;0.9;9;0;100;instances/games120.col;120;1276;greedy
0;388;100;10;1000;1000;0.9;9;0;100;instances/games120.col;120;1276;greedy
0;365;100;10;1000;1000;0.9;9;0;100;instances/games120.col;120;1276;greedy
0;288;100;10;1000;1000;0.9;9;0;100;instances/games120.col;120;1276;greedy
0;294;100;10;1000;1000;0.9;9;0;100;instances/games120.col;120;1276;greedy
0;294;100;10;1000;1000;0.9;9;0;100;instances/games120.col;120;1276;greedy
0;222;100;10;1000;1000;0.9;9;0;100;instances/games120.col;120;1276;greedy
0;214;100;10;1000;1000;0.9;9;0;100;instances/games120.col;120;1276;greedy
0;169;100;10;1000;1000;0.9;9;0;100;instances/games120.col;120;1276;greedy
0;261;100;10;1000;1000;0.9;9;0;100;instances/games120.col;120;1276;greedy
0;153;100;10;1000;1000;0.9;9;0;100;instances/games120.col;120;1276;greedy
0;168;100;10;1000;1000;0.9;9;0;100;instances/games120.col;120;1276;greedy
0;215;100;10;1000;1000;0.9;9;0;100;instances/games120.col;120;1276;greedy
0;193;100;10;1000;1000;0.9;9;0;100;instances/games120.col;120;1276;greedy
0;199;100;10;1000;1000;0.9;9;0;100;instances/games120.col;120;1276;greedy
0;188;100;10;1000;1000;0.9;9;0;100;instances/games120.col;120;1276;greedy
0;219;100;10;1000;1000;0.9;9;0;100;instances/games120.col;120;1276;greedy
0;210;100;10;1000;1000;0.9;9;0;100;instances/games120.col;120;1276;greedy
0;215;100;10;1000;1000;0.9;9;0;100;instances/games120.col;120;1276;greedy
0;279;100;10;1000;1000;0.9;9;0;100;instances/games120.col;120;1276;greedy
0;244;100;10;1000;1000;0.9;9;0;100;instances/games120.col;120;1276;greedy
0;278;100;10;1000;1000;0.9;9;0;100;instances/games120.col;120;1276;greedy
0;304;100;10;1000;1000;0.9;9;0;100;instances/games120.col;120;1276;greedy
0;299;100;10;1000;1000;0.9;9;0;100;instances/games120.col;120;1276;greedy
0;288;100;10;1000;1000;0.9;9;0;100;instances/games120.col;120;1276;greedy
0;301;100;10;1000;1000;0.9;9;0;100;instances/games120.col;120;1276;greedy
74;479292;100;10;1000;1000;0.9;9;26130;9;instances/games120.col;120;1276;random
74;474719;100;10;1000;1000;0.9;9;12932;9;instances/games120.col;120;1276;random
76;473515;100;10;1000;1000;0.9;9;26709;9;instances/games120.col;120;1276;random
72;479965;100;10;1000;1000;0.9;9;15003;9;instances/games120.col;120;1276;random
70;483442;100;10;1000;1000;0.9;9;29257;9;instances/games120.col;120;1276;random
70;475102;100;10;1000;1000;0.9;9;17967;9;instances/games120.col;120;1276;random
66;481603;100;10;1000;1000;0.9;9;30271;9;instances/games120.col;120;1276;random
68;476229;100;10;1000;1000;0.9;9;30141;9;instances/games120.col;120;1276;random
70;478378;100;10;1000;1000;0.9;9;30349;9;instances/games120.col;120;1276;random
68;476258;100;10;1000;1000;0.9;9;28905;9;instances/games120.col;120;1276;random
70;2604317;100;10;1000;5000;0.9;9;115771;9;instances/games120.col;120;1276;random
62;2585263;100;10;1000;5000;0.9;9;139711;9;instances/games120.col;120;1276;random
60;2596845;100;10;1000;5000;0.9;9;151601;9;instances/games120.col;120;1276;random
68;2594355;100;10;1000;5000;0.9;9;143550;9;instances/games120.col;120;1276;random
56;2569974;100;10;1000;5000;0.9;9;145832;9;instances/games120.col;120;1276;random
64;2587770;100;10;1000;5000;0.9;9;141376;9;instances/games120.col;120;1276;random
68;2592627;100;10;1000;5000;0.9;9;107198;9;instances/games120.col;120;1276;random
62;2573344;100;10;1000;5000;0.9;9;142334;9;instances/games120.col;120;1276;random
68;2613131;100;10;1000;5000;0.9;9;139413;9;instances/games120.col;120;1276;random
68;2580567;100;10;1000;5000;0.9;9;98147;9;instances/games120.col;120;1276;random
64;2594097;100;10;1000;5000;0.9;9;140197;9;instances/games120.col;120;1276;random
66;2566513;100;10;1000;5000;0.9;9;150731;9;instances/games120.col;120;1276;random
56;2589800;100;10;1000;5000;0.9;9;143710;9;instances/games120.col;120;1276;random
66;2633372;100;10;1000;5000;0.9;9;134502;9;instances/games120.col;120;1276;random
66;2613579;100;10;1000;5000;0.9;9;24309;9;instances/games120.col;120;1276;random
68;2615432;100;10;1000;5000;0.9;9;36604;9;instances/games120.col;120;1276;random
54;2581010;100;10;1000;5000;0.9;9;81326;9;instances/games120.col;120;1276;random
70;2593998;100;10;1000;5000;0.9;9;134822;9;instances/games120.col;120;1276;random
64;2587735;100;10;1000;5000;0.9;9;129657;9;instances/games120.col;120;1276;random
70;2664966;100;10;1000;5000;0.9;9;148195;9;instances/games120.col;120;1276;random
62;2497897;100;10;1000;5000;0.9;9;148026;9;instances/games120.col;120;1276;random
70;2490627;100;10;1000;5000;0.9;9;111993;9;instances/games120.col;120;1276;random
66;2482531;100;10;1000;5000;0.9;9;147536;9;instances/games120.col;120;1276;random
64;2459796;100;10;1000;5000;0.9;9;84749;9;instances/games120.col;120;1276;random
66;2496361;100;10;1000;5000;0.9;9;150205;9;instances/games120.col;120;1276;random
66;2466931;100;10;1000;5000;0.9;9;12773;9;instances/games120.col;120;1276;random
64;2528320;100;10;1000;5000;0.9;9;144554;9;instances/games120.col;120;1276;random
66;4219060;100;10;1000;5000;0.9;9;89649;9;instances/games120.col;120;1276;random
64;2485661;100;10;1000;5000;0.9;9;127964;9;instances/games120.col;120;1276;random
68;2459157;100;10;1000;5000;0.9;9;142504;9;instances/games120.col;120;1276;random
