8;998906;100;10;1000;1000;0.9;13;0;9;instances/homer.col;561;3258;greedy
8;1000019;100;10;1000;1000;0.9;13;0;9;instances/homer.col;561;3258;greedy
8;996178;100;10;1000;1000;0.9;13;0;9;instances/homer.col;561;3258;greedy
8;976560;100;10;1000;1000;0.9;13;0;9;instances/homer.col;561;3258;greedy
8;983412;100;10;1000;1000;0.9;13;0;9;instances/homer.col;561;3258;greedy
8;986935;100;10;1000;1000;0.9;13;0;9;instances/homer.col;561;3258;greedy
8;997697;100;10;1000;1000;0.9;13;0;9;instances/homer.col;561;3258;greedy
8;987898;100;10;1000;1000;0.9;13;0;9;instances/homer.col;561;3258;greedy
8;1016269;100;10;1000;1000;0.9;13;0;9;instances/homer.col;561;3258;greedy
8;976393;100;10;1000;1000;0.9;13;0;9;instances/homer.col;561;3258;greedy
8;993244;100;10;1000;1000;0.9;13;0;9;instances/homer.col;561;3258;greedy
8;1013569;100;10;1000;1000;0.9;13;0;9;instances/homer.col;561;3258;greedy
8;984121;100;10;1000;1000;0.9;13;0;9;instances/homer.col;561;3258;greedy
8;1004454;100;10;1000;1000;0.9;13;0;9;instances/homer.col;561;3258;greedy
8;999249;100;10;1000;1000;0.9;13;0;9;instances/homer.col;561;3258;greedy
8;984977;100;10;1000;1000;0.9;13;0;9;instances/homer.col;561;3258;greedy
8;998610;100;10;1000;1000;0.9;13;0;9;instances/homer.col;561;3258;greedy
8;986917;100;10;1000;1000;0.9;13;0;9;instances/homer.col;561;3258;greedy
8;999955;100;10;1000;1000;0.9;13;0;9;instances/homer.col;561;3258;greedy
8;985794;100;10;1000;1000;0.9;13;0;9;instances/homer.col;561;3258;greedy
8;984521;100;10;1000;1000;0.9;13;0;9;instances/homer.col;561;3258;greedy
8;982695;100;10;1000;1000;0.9;13;0;9;instances/homer.col;561;3258;greedy
8;978443;100;10;1000;1000;0.9;13;0;9;instances/homer.col;561;3258;greedy
8;1009390;100;10;1000;1000;0.9;13;0;9;instances/homer.col;561;3258;greedy
8;2637944;100;10;1000;1000;0.9;13;0;9;instances/homer.col;561;3258;greedy
8;1022963;100;10;1000;1000;0.9;13;0;9;instances/homer.col;561;3258;greedy
8;1010722;100;10;1000;1000;0.9;13;0;9;instances/homer.col;561;3258;greedy
8;1012348;100;10;1000;1000;0.9;13;0;9;instances/homer.col;561;3258;greedy
8;971571;100;10;1000;1000;0.9;13;0;9;instances/homer.col;561;3258;greedy
8;1007427;100;10;1000;1000;0.9;13;0;9;instances/homer.col;561;3258;greedy
8;1001472;100;10;1000;1000;0.9;13;0;9;instances/homer.col;561;3258;greedy
8;987979;100;10;1000;1000;0.9;13;0;9;instances/homer.col;561;3258;greedy
8;988447;100;10;1000;1000;0.9;13;0;9;instances/homer.col;561;3258;greedy
8;993425;100;10;1000;1000;0.9;13;0;9;instances/homer.col;561;3258;greedy
8;999260;100;10;1000;1000;0.9;13;0;9;instances/homer.col;561;3258;greedy
8;987541;100;10;1000;1000;0.9;13;0;9;instances/homer.col;561;3258;greedy
8;997294;100;10;1000;1000;0.9;13;0;9;instances/homer.col;561;3258;greedy
8;985458;100;10;1000;1000;0.9;13;0;9;instances/homer.col;561;3258;greedy
8;1029021;100;10;1000;1000;0.9;13;0;9;instances/homer.col;561;3258;greedy
8;978845;100;10;1000;1000;0.9;13;0;9;instances/homer.col;561;3258;greedy
8;997106;100;10;1000;1000;0.9;13;0;9;instances/homer.col;561;3258;greedy
8;998539;100;10;1000;1000;0.9;13;0;9;instances/homer.col;561;3258;greedy
8;993966;100;10;1000;1000;0.9;13;0;9;instances/homer.col;561;3258;greedy
8;980751;100;10;1000;1000;0.9;13;0;9;instances/homer.col;561;3258;greedy
8;970238;100;10;1000;1000;0.9;13;0;9;instances/homer.col;561;3258;greedy
8;987071;100;10;1000;1000;0.9;13;0;9;instances/homer.col;561;3258;greedy
8;965227;100;10;1000;1000;0.9;13;0;9;instances/homer.col;561;3258;greedy
8;980295;100;10;1000;1000;0.9;13;0;9;instances/homer.col;561;3258;greedy
8;995783;100;10;1000;1000;0.9;13;0;9;instances/homer.col;561;3258;greedy
8;984983;100;10;1000;1000;0.9;13;0;9;instances/homer.col;561;3258;greedy
8;1000971;100;10;1000;1000;0.9;13;0;9;instances/homer.col;561;3258;greedy
8;986590;100;10;1000;1000;0.9;13;0;9;instances/homer.col;561;3258;greedy
8;1018801;100;10;1000;1000;0.9;13;0;9;instances/homer.col;561;3258;greedy
8;1000188;100;10;1000;1000;0.9;13;0;9;instances/homer.col;561;3258;greedy
8;1008992;100;10;1000;1000;0.9;13;0;9;instances/homer.col;561;3258;greedy
8;987330;100;10;1000;1000;0.9;13;0;9;instances/homer.col;561;3258;greedy
8;2697428;100;10;1000;1000;0.9;13;0;9;instances/homer.col;561;3258;greedy
8;1001248;100;10;1000;1000;0.9;13;0;9;instances/homer.col;561;3258;greedy
8;990333;100;10;1000;1000;0.9;13;0;9;instances/homer.col;561;3258;greedy
8;1029755;100;10;1000;1000;0.9;13;0;9;instances/homer.col;561;3258;greedy
8;994783;100;10;1000;1000;0.9;13;0;9;instances/homer.col;561;3258;greedy
8;1022454;100;10;1000;1000;0.9;13;0;9;instances/homer.col;561;3258;greedy
8;1013583;100;10;1000;1000;0.9;13;0;9;instances/homer.col;561;3258;greedy
8;999536;100;10;1000;1000;0.9;13;0;9;instances/homer.col;561;3258;greedy
8;991251;100;10;1000;1000;0.9;13;0;9;instances/homer.col;561;3258;greedy
8;982194;100;10;1000;1000;0.9;13;0;9;instances/homer.col;561;3258;greedy
8;991960;100;10;1000;1000;0.9;13;0;9;instances/homer.col;561;3258;greedy
8;963843;100;10;1000;1000;0.9;13;0;9;instances/homer.col;561;3258;greedy
8;1010519;100;10;1000;1000;0.9;13;0;9;instances/homer.col;561;3258;greedy
8;973157;100;10;1000;1000;0.9;13;0;9;instances/homer.col;561;3258;greedy
8;991901;100;10;1000;1000;0.9;13;0;9;instances/homer.col;561;3258;greedy
8;956610;100;10;1000;1000;0.9;13;0;9;instances/homer.col;561;3258;greedy
8;979628;100;10;1000;1000;0.9;13;0;9;instances/homer.col;561;3258;greedy
8;977222;100;10;1000;1000;0.9;13;0;9;instances/homer.col;561;3258;greedy
8;988081;100;10;1000;1000;0.9;13;0;9;instances/homer.col;561;3258;greedy
8;979580;100;10;1000;1000;0.9;13;0;9;instances/homer.col;561;3258;greedy
8;980007;100;10;1000;1000;0.9;13;0;9;instances/homer.col;561;3258;greedy
8;1008009;100;10;1000;1000;0.9;13;0;9;instances/homer.col;561;3258;greedy
8;1004601;100;10;1000;1000;0.9;13;0;9;instances/homer.col;561;3258;greedy
8;975337;100;10;1000;1000;0.9;13;0;9;instances/homer.col;561;3258;greedy
8;983603;100;10;1000;1000;0.9;13;0;9;instances/homer.col;561;3258;greedy
8;997846;100;10;1000;1000;0.9;13;0;9;instances/homer.col;561;3258;greedy
8;993164;100;10;1000;1000;0.9;13;0;9;instances/homer.col;561;3258;greedy
8;982113;100;10;1000;1000;0.9;13;0;9;instances/homer.col;561;3258;greedy
8;983095;100;10;1000;1000;0.9;13;0;9;instances/homer.col;561;3258;greedy
8;996407;100;10;1000;1000;0.9;13;0;9;instances/homer.col;561;3258;greedy
8;1003758;100;10;1000;1000;0.9;13;0;9;instances/homer.col;561;3258;greedy
8;989306;100;10;1000;1000;0.9;13;0;9;instances/homer.col;561;3258;greedy
8;985271;100;10;1000;1000;0.9;13;0;9;instances/homer.col;561;3258;greedy
8;2745305;100;10;1000;1000;0.9;13;0;9;instances/homer.col;561;3258;greedy
8;1007139;100;10;1000;1000;0.9;13;0;9;instances/homer.col;561;3258;greedy
8;1018811;100;10;1000;1000;0.9;13;0;9;instances/homer.col;561;3258;greedy
8;1020917;100;10;1000;1000;0.9;13;0;9;instances/homer.col;561;3258;greedy
8;1040232;100;10;1000;1000;0.9;13;0;9;instances/homer.col;561;3258;greedy
8;1010830;100;10;1000;1000;0.9;13;0;9;instances/homer.col;561;3258;greedy
8;978071;100;10;1000;1000;0.9;13;0;9;instances/homer.col;561;3258;greedy
8;987578;100;10;1000;1000;0.9;13;0;9;instances/homer.col;561;3258;greedy
8;1024207;100;10;1000;1000;0.9;13;0;9;instances/homer.col;561;3258;greedy
8;971446;100;10;1000;1000;0.9;13;0;9;instances/homer.col;561;3258;greedy
8;975399;100;10;1000;1000;0.9;13;0;9;instances/homer.col;561;3258;greedy
168;978447;100;10;1000;1000;0.9;13;15922;9;instances/homer.col;561;3258;random
156;963790;100;10;1000;1000;0.9;13;11980;9;instances/homer.col;561;3258;random
152;957838;100;10;1000;1000;0.9;13;19625;9;instances/homer.col;561;3258;random
158;965448;100;10;1000;1000;0.9;13;20194;9;instances/homer.col;561;3258;random
162;3155838;100;10;1000;1000;0.9;13;21886;9;instances/homer.col;561;3258;random
144;953312;100;10;1000;1000;0.9;13;19853;9;instances/homer.col;561;3258;random
164;962016;100;10;1000;1000;0.9;13;10596;9;instances/homer.col;561;3258;random
160;981298;100;10;1000;1000;0.9;13;13595;9;instances/homer.col;561;3258;random
150;989974;100;10;1000;1000;0.9;13;21830;9;instances/homer.col;561;3258;random
160;987383;100;10;1000;1000;0.9;13;19246;9;instances/homer.col;561;3258;random
156;5231377;100;10;1000;5000;0.9;13;85364;9;instances/homer.col;561;3258;random
148;5245661;100;10;1000;5000;0.9;13;107447;9;instances/homer.col;561;3258;random
138;5253483;100;10;1000;5000;0.9;13;95400;9;instances/homer.col;561;3258;random
154;5206905;100;10;1000;5000;0.9;13;88897;9;instances/homer.col;561;3258;random
148;5198445;100;10;1000;5000;0.9;13;96676;9;instances/homer.col;561;3258;random
150;5233640;100;10;1000;5000;0.9;13;113903;9;instances/homer.col;561;3258;random
146;5181790;100;10;1000;5000;0.9;13;81515;9;instances/homer.col;561;3258;random
158;5259547;100;10;1000;5000;0.9;13;113721;9;instances/homer.col;561;3258;random
138;5253969;100;10;1000;5000;0.9;13;106324;9;instances/homer.col;561;3258;random
158;5186391;100;10;1000;5000;0.9;13;114982;9;instances/homer.col;561;3258;random
144;5232539;100;10;1000;5000;0.9;13;100658;9;instances/homer.col;561;3258;random
150;5239656;100;10;1000;5000;0.9;13;101375;9;instances/homer.col;561;3258;random
158;5301117;100;10;1000;5000;0.9;13;51297;9;instances/homer.col;561;3258;random
138;5299912;100;10;1000;5000;0.9;13;91318;9;instances/homer.col;561;3258;random
144;5263651;100;10;1000;5000;0.9;13;98614;9;instances/homer.col;561;3258;random
142;5235320;100;10;1000;5000;0.9;13;78859;9;instances/homer.col;561;3258;random
154;5224538;100;10;1000;5000;0.9;13;85508;9;instances/homer.col;561;3258;random
130;5192174;100;10;1000;5000;0.9;13;97549;9;instances/homer.col;561;3258;random
126;5169650;100;10;1000;5000;0.9;13;111537;9;instances/homer.col;561;3258;random
164;5190303;100;10;1000;5000;0.9;13;98419;9;instances/homer.col;561;3258;random
146;4959390;100;10;1000;5000;0.9;13;108850;9;instances/homer.col;561;3258;random
156;4933766;100;10;1000;5000;0.9;13;94541;9;instances/homer.col;561;3258;random
152;4920946;100;10;1000;5000;0.9;13;95509;9;instances/homer.col;561;3258;random
152;4949753;100;10;1000;5000;0.9;13;111907;9;instances/homer.col;561;3258;random
160;6667411;100;10;1000;5000;0.9;13;115446;9;instances/homer.col;561;3258;random
130;4952609;100;10;1000;5000;0.9;13;46530;9;instances/homer.col;561;3258;random
150;5009049;100;10;1000;5000;0.9;13;74566;9;instances/homer.col;561;3258;random
150;4970359;100;10;1000;5000;0.9;13;41467;9;instances/homer.col;561;3258;random
154;4929587;100;10;1000;5000;0.9;13;91992;9;instances/homer.col;561;3258;random
158;4964530;100;10;1000;5000;0.9;13;6333;9;instances/homer.col;561;3258;random
