0;2734;100;10;1000;1000;0.9;54;0;100;instances/inithx.i.1.col;864;18707;greedy
0;3386;100;10;1000;1000;0.9;54;0;100;instances/inithx.i.1.col;864;18707;greedy
0;2722;100;10;1000;1000;0.9;54;0;100;instances/inithx.i.1.col;864;18707;greedy
0;3440;100;10;1000;1000;0.9;54;0;100;instances/inithx.i.1.col;864;18707;greedy
0;3687;100;10;1000;1000;0.9;54;0;100;instances/inithx.i.1.col;864;18707;greedy
0;3900;100;10;1000;1000;0.9;54;0;100;instances/inithx.i.1.col;864;18707;greedy
0;2098;100;10;1000;1000;0.9;54;0;100;instances/inithx.i.1.col;864;18707;greedy
0;1703;100;10;1000;1000;0.9;54;0;100;instances/inithx.i.1.col;864;18707;greedy
0;1986;100;10;1000;1000;0.9;54;0;100;instances/inithx.i.1.col;864;18707;greedy
0;3060;100;10;1000;1000;0.9;54;0;100;instances/inithx.i.1.col;864;18707;greedy
0;2835;100;10;1000;1000;0.9;54;0;100;instances/inithx.i.1.col;864;18707;greedy
0;3372;100;10;1000;1000;0.9;54;0;100;instances/inithx.i.1.col;864;18707;greedy
0;4151;100;10;1000;1000;0.9;54;0;100;instances/inithx.i.1.col;864;18707;greedy
0;4796;100;10;1000;1000;0.9;54;0;100;instances/inithx.i.1.col;864;18707;greedy
0;4406;100;10;1000;1000;0.9;54;0;100;instances/inithx.i.1.col;864;18707;greedy
0;4432;100;10;1000;1000;0.9;54;0;100;instances/inithx.i.1.col;864;18707;greedy
0;1896;100;10;1000;1000;0.9;54;0;100;instances/inithx.i.1.col;864;18707;greedy
0;1440;100;10;1000;1000;0.9;54;0;100;instances/inithx.i.1.col;864;18707;greedy
0;1833;100;10;1000;1000;0.9;54;0;100;instances/inithx.i.1.col;864;18707;greedy
0;5793;100;10;1000;1000;0.9;54;0;100;instances/inithx.i.1.col;864;18707;greedy
0;1471;100;10;1000;1000;0.9;54;0;100;instances/inithx.i.1.col;864;18707;greedy
0;1421;100;10;1000;1000;0.9;54;0;100;instances/inithx.i.1.col;864;18707;greedy
0;1387;100;10;1000;1000;0.9;54;0;100;instances/inithx.i.1.col;864;18707;greedy
0;2069;100;10;1000;1000;0.9;54;0;100;instances/inithx.i.1.col;864;18707;greedy
0;1493;100;10;1000;1000;0.9;54;0;100;instances/inithx.i.1.col;864;18707;greedy
0;1377;100;10;1000;1000;0.9;54;0;100;instances/inithx.i.1.col;864;18707;greedy
0;1365;100;10;1000;1000;0.9;54;0;100;instances/inithx.i.1.col;864;18707;greedy
0;1401;100;10;1000;1000;0.9;54;0;100;instances/inithx.i.1.col;864;18707;greedy
0;1447;100;10;1000;1000;0.9;54;0;100;instances/inithx.i.1.col;864;18707;greedy
0;2726;100;10;1000;1000;0.9;54;0;100;instances/inithx.i.1.col;864;18707;greedy
0;1652;100;10;1000;1000;0.9;54;0;100;instances/inithx.i.1.col;864;18707;greedy
0;1385;100;10;1000;1000;0.9;54;0;100;instances/inithx.i.1.col;864;18707;greedy
0;1568;100;10;1000;1000;0.9;54;0;100;instances/inithx.i.1.col;864;18707;greedy
0;1428;100;10;1000;1000;0.9;54;0;100;instances/inithx.i.1.col;864;18707;greedy
0;1579;100;10;1000;1000;0.9;54;0;100;instances/inithx.i.1.col;864;18707;greedy
0;2596;100;10;1000;1000;0.9;54;0;100;instances/inithx.i.1.col;864;18707;greedy
0;2312;100;10;1000;1000;0.9;54;0;100;instances/inithx.i.1.col;864;18707;greedy
0;3161;100;10;1000;1000;0.9;54;0;100;instances/inithx.i.1.col;864;18707;greedy
0;3834;100;10;1000;1000;0.9;54;0;100;instances/inithx.i.1.col;864;18707;greedy
0;3213;100;10;1000;1000;0.9;54;0;100;instances/inithx.i.1.col;864;18707;greedy
0;2820;100;10;1000;1000;0.9;54;0;100;instances/inithx.i.1.col;864;18707;greedy
0;1903;100;10;1000;1000;0.9;54;0;100;instances/inithx.i.1.col;864;18707;greedy
0;1406;100;10;1000;1000;0.9;54;0;100;instances/inithx.i.1.col;864;18707;greedy
0;1540;100;10;1000;1000;0.9;54;0;100;instances/inithx.i.1.col;864;18707;greedy
0;2776;100;10;1000;1000;0.9;54;0;100;instances/inithx.i.1.col;864;18707;greedy
0;2538;100;10;1000;1000;0.9;54;0;100;instances/inithx.i.1.col;864;18707;greedy
0;3502;100;10;1000;1000;0.9;54;0;100;instances/inithx.i.1.col;864;18707;greedy
0;3576;100;10;1000;1000;0.9;54;0;100;instances/inithx.i.1.col;864;18707;greedy
0;1857;100;10;1000;1000;0.9;54;0;100;instances/inithx.i.1.col;864;18707;greedy
0;2794;100;10;1000;1000;0.9;54;0;100;instances/inithx.i.1.col;864;18707;greedy
0;2392;100;10;1000;1000;0.9;54;0;100;instances/inithx.i.1.col;864;18707;greedy
0;3287;100;10;1000;1000;0.9;54;0;100;instances/inithx.i.1.col;864;18707;greedy
0;2146;100;10;1000;1000;0.9;54;0;100;instances/inithx.i.1.col;864;18707;greedy
0;2913;100;10;1000;1000;0.9;54;0;100;instances/inithx.i.1.col;864;18707;greedy
0;2467;100;10;1000;1000;0.9;54;0;100;instances/inithx.i.1.col;864;18707;greedy
0;3099;100;10;1000;1000;0.9;54;0;100;instances/inithx.i.1.col;864;18707;greedy
0;3663;100;10;1000;1000;0.9;54;0;100;instances/inithx.i.1.col;864;18707;greedy
0;2475;100;10;1000;1000;0.9;54;0;100;instances/inithx.i.1.col;864;18707;greedy
0;3515;100;10;1000;1000;0.9;54;0;100;instances/inithx.i.1.col;864;18707;greedy
0;3379;100;10;1000;1000;0.9;54;0;100;instances/inithx.i.1.col;864;18707;greedy
0;2715;100;10;1000;1000;0.9;54;0;100;instances/inithx.i.1.col;864;18707;greedy
0;3578;100;10;1000;1000;0.9;54;0;100;instances/inithx.i.1.col;864;18707;greedy
0;2108;100;10;1000;1000;0.9;54;0;100;instances/inithx.i.1.col;864;18707;greedy
0;2739;100;10;1000;1000;0.9;54;0;100;instances/inithx.i.1.col;864;18707;greedy
0;3646;100;10;1000;1000;0.9;54;0;100;instances/inithx.i.1.col;864;18707;greedy
0;3521;100;10;1000;1000;0.9;54;0;100;instances/inithx.i.1.col;864;18707;greedy
0;3783;100;10;1000;1000;0.9;54;0;100;instances/inithx.i.1.col;864;18707;greedy
0;2991;100;10;1000;1000;0.9;54;0;100;instances/inithx.i.1.col;864;18707;greedy
0;1698;100;10;1000;1000;0.9;54;0;100;instances/inithx.i.1.col;864;18707;greedy
0;2386;100;10;1000;1000;0.9;54;0;100;instances/inithx.i.1.col;864;18707;greedy
0;3214;100;10;1000;1000;0.9;54;0;100;instances/inithx.i.1.col;864;18707;greedy
0;3281;100;10;1000;1000;0.9;54;0;100;instances/inithx.i.1.col;864;18707;greedy
0;3633;100;10;1000;1000;0.9;54;0;100;instances/inithx.i.1.col;864;18707;greedy
0;3963;100;10;1000;1000;0.9;54;0;100;instances/inithx.i.1.col;864;18707;greedy
0;2756;100;10;1000;1000;0.9;54;0;100;instances/inithx.i.1.col;864;18707;greedy
0;2283;100;10;1000;1000;0.9;54;0;100;instances/inithx.i.1.col;864;18707;greedy
0;4218;100;10;1000;1000;0.9;54;0;100;instances/inithx.i.1.col;864;18707;greedy
0;3701;100;10;1000;1000;0.9;54;0;100;instances/inithx.i.1.col;864;18707;greedy
0;1897;100;10;1000;1000;0.9;54;0;100;instances/inithx.i.1.col;864;18707;greedy
0;2814;100;10;1000;1000;0.9;54;0;100;instances/inithx.i.1.col;864;18707;greedy
0;1691;100;10;1000;1000;0.9;54;0;100;instances/inithx.i.1.col;864;18707;greedy
0;2434;100;10;1000;1000;0.9;54;0;100;instances/inithx.i.1.col;864;18707;greedy
0;2493;100;10;1000;1000;0.9;54;0;100;instances/inithx.i.1.col;864;18707;greedy
0;3580;100;10;1000;1000;0.9;54;0;100;instances/inithx.i.1.col;864;18707;greedy
0;1557;100;10;1000;1000;0.9;54;0;100;instances/inithx.i.1.col;864;18707;greedy
0;1762;100;10;1000;1000;0.9;54;0;100;instances/inithx.i.1.col;864;18707;greedy
0;2476;100;10;1000;1000;0.9;54;0;100;instances/inithx.i.1.col;864;18707;greedy
0;2670;100;10;1000;1000;0.9;54;0;100;instances/inithx.i.1.col;864;18707;greedy
0;1551;100;10;1000;1000;0.9;54;0;100;instances/inithx.i.1.col;864;18707;greedy
0;1855;100;10;1000;1000;0.9;54;0;100;instances/inithx.i.1.col;864;18707;greedy
0;3237;100;10;1000;1000;0.9;54;0;100;instances/inithx.i.1.col;864;18707;greedy
0;3646;100;10;1000;1000;0.9;54;0;100;instances/inithx.i.1.col;864;18707;greedy
0;2899;100;10;1000;1000;0.9;54;0;100;instances/inithx.i.1.col;864;18707;greedy
0;1502;100;10;1000;1000;0.9;54;0;100;instances/inithx.i.1.col;864;18707;greedy
0;1431;100;10;1000;1000;0.9;54;0;100;instances/inithx.i.1.col;864;18707;greedy
0;1443;100;10;1000;1000;0.9;54;0;100;instances/inithx.i.1.col;864;18707;greedy
0;1482;100;10;1000;1000;0.9;54;0;100;instances/inithx.i.1.col;864;18707;greedy
0;1851;100;10;1000;1000;0.9;54;0;100;instances/inithx.i.1.col;864;18707;greedy
0;1547;100;10;1000;1000;0.9;54;0;100;instances/inithx.i.1.col;864;18707;greedy
0;1424;100;10;1000;1000;0.9;54;0;100;instances/inithx.i.1.col;864;18707;greedy
287;4397070;100;10;1000;1000;0.9;54;11751;9;instances/inithx.i.1.col;864;18707;random
271;4400574;100;10;1000;1000;0.9;54;18926;9;instances/inithx.i.1.col;864;18707;random
259;4387968;100;10;1000;1000;0.9;54;16892;9;instances/inithx.i.1.col;864;18707;random
272;4374939;100;10;1000;1000;0.9;54;7586;9;instances/inithx.i.1.col;864;18707;random
277;4341097;100;10;1000;1000;0.9;54;21123;9;instances/inithx.i.1.col;864;18707;random
275;4341672;100;10;1000;1000;0.9;54;17620;9;instances/inithx.i.1.col;864;18707;random
273;4288174;100;10;1000;1000;0.9;54;20645;9;instances/inithx.i.1.col;864;18707;random
279;6757865;100;10;1000;1000;0.9;54;23650;9;instances/inithx.i.1.col;864;18707;random
277;4329197;100;10;1000;1000;0.9;54;18379;9;instances/inithx.i.1.col;864;18707;random
274;4386751;100;10;1000;1000;0.9;54;22467;9;instances/inithx.i.1.col;864;18707;random
266;23976887;100;10;1000;5000;0.9;54;115899;9;instances/inithx.i.1.col;864;18707;random
264;23843249;100;10;1000;5000;0.9;54;118978;9;instances/inithx.i.1.col;864;18707;random
273;21934391;100;10;1000;5000;0.9;54;108571;9;instances/inithx.i.1.col;864;18707;random
277;23996921;100;10;1000;5000;0.9;54;18295;9;instances/inithx.i.1.col;864;18707;random
261;23964171;100;10;1000;5000;0.9;54;101599;9;instances/inithx.i.1.col;864;18707;random
243;21883324;100;10;1000;5000;0.9;54;113377;9;instances/inithx.i.1.col;864;18707;random
272;23523391;100;10;1000;5000;0.9;54;117603;9;instances/inithx.i.1.col;864;18707;random
277;24303751;100;10;1000;5000;0.9;54;48321;9;instances/inithx.i.1.col;864;18707;random
267;21607864;100;10;1000;5000;0.9;54;26548;9;instances/inithx.i.1.col;864;18707;random
274;24097158;100;10;1000;5000;0.9;54;103889;9;instances/inithx.i.1.col;864;18707;random
278;23896538;100;10;1000;5000;0.9;54;86211;9;instances/inithx.i.1.col;864;18707;random
273;21684254;100;10;1000;5000;0.9;54;105658;9;instances/inithx.i.1.col;864;18707;random
265;23921708;100;10;1000;5000;0.9;54;103547;9;instances/inithx.i.1.col;864;18707;random
269;24450115;100;10;1000;5000;0.9;54;35581;9;instances/inithx.i.1.col;864;18707;random
262;21356279;100;10;1000;5000;0.9;54;119085;9;instances/inithx.i.1.col;864;18707;random
256;24101222;100;10;1000;5000;0.9;54;116846;9;instances/inithx.i.1.col;864;18707;random
266;24480145;100;10;1000;5000;0.9;54;67914;9;instances/inithx.i.1.col;864;18707;random
272;21840233;100;10;1000;5000;0.9;54;117446;9;instances/inithx.i.1.col;864;18707;random
266;24707142;100;10;1000;5000;0.9;54;113555;9;instances/inithx.i.1.col;864;18707;random
274;24692906;100;10;1000;5000;0.9;54;83167;9;instances/inithx.i.1.col;864;18707;random
254;24076539;100;10;1000;5000;0.9;54;117674;9;instances/inithx.i.1.col;864;18707;random
271;24425244;100;10;1000;5000;0.9;54;102443;9;instances/inithx.i.1.col;864;18707;random
261;22115820;100;10;1000;5000;0.9;54;115309;9;instances/inithx.i.1.col;864;18707;random
271;24059212;100;10;1000;5000;0.9;54;114159;9;instances/inithx.i.1.col;864;18707;random
272;24018276;100;10;1000;5000;0.9;54;118495;9;instances/inithx.i.1.col;864;18707;random
260;22329856;100;10;1000;5000;0.9;54;117965;9;instances/inithx.i.1.col;864;18707;random
261;24057715;100;10;1000;5000;0.9;54;111569;9;instances/inithx.i.1.col;864;18707;random
278;23922996;100;10;1000;5000;0.9;54;119148;9;instances/inithx.i.1.col;864;18707;random
271;24062673;100;10;1000;5000;0.9;54;106501;9;instances/inithx.i.1.col;864;18707;random
270;22289250;100;10;1000;5000;0.9;54;113549;9;instances/inithx.i.1.col;864;18707;random
