0;1230;100;10;1000;1000;0.9;31;0;100;instances/inithx.i.3.col;621;13969;greedy
0;1804;100;10;1000;1000;0.9;31;0;100;instances/inithx.i.3.col;621;13969;greedy
0;1220;100;10;1000;1000;0.9;31;0;100;instances/inithx.i.3.col;621;13969;greedy
0;1054;100;10;1000;1000;0.9;31;0;100;instances/inithx.i.3.col;621;13969;greedy
0;1048;100;10;1000;1000;0.9;31;0;100;instances/inithx.i.3.col;621;13969;greedy
0;1093;100;10;1000;1000;0.9;31;0;100;instances/inithx.i.3.col;621;13969;greedy
0;1041;100;10;1000;1000;0.9;31;0;100;instances/inithx.i.3.col;621;13969;greedy
0;1044;100;10;1000;1000;0.9;31;0;100;instances/inithx.i.3.col;621;13969;greedy
0;1012;100;10;1000;1000;0.9;31;0;100;instances/inithx.i.3.col;621;13969;greedy
0;1109;100;10;1000;1000;0.9;31;0;100;instances/inithx.i.3.col;621;13969;greedy
0;1052;100;10;1000;1000;0.9;31;0;100;instances/inithx.i.3.col;621;13969;greedy
0;1069;100;10;1000;1000;0.9;31;0;100;instances/inithx.i.3.col;621;13969;greedy
0;1059;100;10;1000;1000;0.9;31;0;100;instances/inithx.i.3.col;621;13969;greedy
0;1104;100;10;1000;1000;0.9;31;0;100;instances/inithx.i.3.col;621;13969;greedy
0;1125;100;10;1000;1000;0.9;31;0;100;instances/inithx.i.3.col;621;13969;greedy
0;1118;100;10;1000;1000;0.9;31;0;100;instances/inithx.i.3.col;621;13969;greedy
0;1061;100;10;1000;1000;0.9;31;0;100;instances/inithx.i.3.col;621;13969;greedy
0;1038;100;10;1000;1000;0.9;31;0;100;instances/inithx.i.3.col;621;13969;greedy
0;1144;100;10;1000;1000;0.9;31;0;100;instances/inithx.i.3.col;621;13969;greedy
0;1018;100;10;1000;1000;0.9;31;0;100;instances/inithx.i.3.col;621;13969;greedy
0;996;100;10;1000;1000;0.9;31;0;100;instances/inithx.i.3.col;621;13969;greedy
0;1088;100;10;1000;1000;0.9;31;0;100;instances/inithx.i.3.col;621;13969;greedy
0;1056;100;10;1000;1000;0.9;31;0;100;instances/inithx.i.3.col;621;13969;greedy
0;1063;100;10;1000;1000;0.9;31;0;100;instances/inithx.i.3.col;621;13969;greedy
0;1071;100;10;1000;1000;0.9;31;0;100;instances/inithx.i.3.col;621;13969;greedy
0;1148;100;10;1000;1000;0.9;31;0;100;instances/inithx.i.3.col;621;13969;greedy
0;1221;100;10;1000;1000;0.9;31;0;100;instances/inithx.i.3.col;621;13969;greedy
0;1007;100;10;1000;1000;0.9;31;0;100;instances/inithx.i.3.col;621;13969;greedy
0;990;100;10;1000;1000;0.9;31;0;100;instances/inithx.i.3.col;621;13969;greedy
0;1051;100;10;1000;1000;0.9;31;0;100;instances/inithx.i.3.col;621;13969;greedy
0;1173;100;10;1000;1000;0.9;31;0;100;instances/inithx.i.3.col;621;13969;greedy
0;1000;100;10;1000;1000;0.9;31;0;100;instances/inithx.i.3.col;621;13969;greedy
0;1067;100;10;1000;1000;0.9;31;0;100;instances/inithx.i.3.col;621;13969;greedy
0;1237;100;10;1000;1000;0.9;31;0;100;instances/inithx.i.3.col;621;13969;greedy
0;1107;100;10;1000;1000;0.9;31;0;100;instances/inithx.i.3.col;621;13969;greedy
0;1434;100;10;1000;1000;0.9;31;0;100;instances/inithx.i.3.col;621;13969;greedy
0;1821;100;10;1000;1000;0.9;31;0;100;instances/inithx.i.3.col;621;13969;greedy
0;1319;100;10;1000;1000;0.9;31;0;100;instances/inithx.i.3.col;621;13969;greedy
0;1426;100;10;1000;1000;0.9;31;0;100;instances/inithx.i.3.col;621;13969;greedy
0;1457;100;10;1000;1000;0.9;31;0;100;instances/inithx.i.3.col;621;13969;greedy
0;1172;100;10;1000;1000;0.9;31;0;100;instances/inithx.i.3.col;621;13969;greedy
0;1104;100;10;1000;1000;0.9;31;0;100;instances/inithx.i.3.col;621;13969;greedy
0;1132;100;10;1000;1000;0.9;31;0;100;instances/inithx.i.3.col;621;13969;greedy
0;1065;100;10;1000;1000;0.9;31;0;100;instances/inithx.i.3.col;621;13969;greedy
0;1124;100;10;1000;1000;0.9;31;0;100;instances/inithx.i.3.col;621;13969;greedy
0;1109;100;10;1000;1000;0.9;31;0;100;instances/inithx.i.3.col;621;13969;greedy
0;1124;100;10;1000;1000;0.9;31;0;100;instances/inithx.i.3.col;621;13969;greedy
0;1307;100;10;1000;1000;0.9;31;0;100;instances/inithx.i.3.col;621;13969;greedy
0;1544;100;10;1000;1000;0.9;31;0;100;instances/inithx.i.3.col;621;13969;greedy
0;1580;100;10;1000;1000;0.9;31;0;100;instances/inithx.i.3.col;621;13969;greedy
0;2164;100;10;1000;1000;0.9;31;0;100;instances/inithx.i.3.col;621;13969;greedy
0;2038;100;10;1000;1000;0.9;31;0;100;instances/inithx.i.3.col;621;13969;greedy
0;2300;100;10;1000;1000;0.9;31;0;100;instances/inithx.i.3.col;621;13969;greedy
0;1390;100;10;1000;1000;0.9;31;0;100;instances/inithx.i.3.col;621;13969;greedy
0;1024;100;10;1000;1000;0.9;31;0;100;instances/inithx.i.3.col;621;13969;greedy
0;1094;100;10;1000;1000;0.9;31;0;100;instances/inithx.i.3.col;621;13969;greedy
0;1022;100;10;1000;1000;0.9;31;0;100;instances/inithx.i.3.col;621;13969;greedy
0;1050;100;10;1000;1000;0.9;31;0;100;instances/inithx.i.3.col;621;13969;greedy
0;1399;100;10;1000;1000;0.9;31;0;100;instances/inithx.i.3.col;621;13969;greedy
0;1176;100;10;1000;1000;0.9;31;0;100;instances/inithx.i.3.col;621;13969;greedy
0;1116;100;10;1000;1000;0.9;31;0;100;instances/inithx.i.3.col;621;13969;greedy
0;1501;100;10;1000;1000;0.9;31;0;100;instances/inithx.i.3.col;621;13969;greedy
0;1055;100;10;1000;1000;0.9;31;0;100;instances/inithx.i.3.col;621;13969;greedy
0;1215;100;10;1000;1000;0.9;31;0;100;instances/inithx.i.3.col;621;13969;greedy
0;1310;100;10;1000;1000;0.9;31;0;100;instances/inithx.i.3.col;621;13969;greedy
0;1831;100;10;1000;1000;0.9;31;0;100;instances/inithx.i.3.col;621;13969;greedy
0;2045;100;10;1000;1000;0.9;31;0;100;instances/inithx.i.3.col;621;13969;greedy
0;2789;100;10;1000;1000;0.9;31;0;100;instances/inithx.i.3.col;621;13969;greedy
0;2737;100;10;1000;1000;0.9;31;0;100;instances/inithx.i.3.col;621;13969;greedy
0;2272;100;10;1000;1000;0.9;31;0;100;instances/inithx.i.3.col;621;13969;greedy
0;1435;100;10;1000;1000;0.9;31;0;100;instances/inithx.i.3.col;621;13969;greedy
0;1141;100;10;1000;1000;0.9;31;0;100;instances/inithx.i.3.col;621;13969;greedy
0;1176;100;10;1000;1000;0.9;31;0;100;instances/inithx.i.3.col;621;13969;greedy
0;1138;100;10;1000;1000;0.9;31;0;100;instances/inithx.i.3.col;621;13969;greedy
0;1385;100;10;1000;1000;0.9;31;0;100;instances/inithx.i.3.col;621;13969;greedy
0;1737;100;10;1000;1000;0.9;31;0;100;instances/inithx.i.3.col;621;13969;greedy
0;1624;100;10;1000;1000;0.9;31;0;100;instances/inithx.i.3.col;621;13969;greedy
0;1614;100;10;1000;1000;0.9;31;0;100;instances/inithx.i.3.col;621;13969;greedy
0;1771;100;10;1000;1000;0.9;31;0;100;instances/inithx.i.3.col;621;13969;greedy
0;1731;100;10;1000;1000;0.9;31;0;100;instances/inithx.i.3.col;621;13969;greedy
0;1990;100;10;1000;1000;0.9;31;0;100;instances/inithx.i.3.col;621;13969;greedy
0;1613;100;10;1000;1000;0.9;31;0;100;instances/inithx.i.3.col;621;13969;greedy
0;2358;100;10;1000;1000;0.9;31;0;100;instances/inithx.i.3.col;621;13969;greedy
0;2540;100;10;1000;1000;0.9;31;0;100;instances/inithx.i.3.col;621;13969;greedy
0;2748;100;10;1000;1000;0.9;31;0;100;instances/inithx.i.3.col;621;13969;greedy
0;2616;100;10;1000;1000;0.9;31;0;100;instances/inithx.i.3.col;621;13969;greedy
0;3302;100;10;1000;1000;0.9;31;0;100;instances/inithx.i.3.col;621;13969;greedy
0;2608;100;10;1000;1000;0.9;31;0;100;instances/inithx.i.3.col;621;13969;greedy
0;2615;100;10;1000;1000;0.9;31;0;100;instances/inithx.i.3.col;621;13969;greedy
0;2897;100;10;1000;1000;0.9;31;0;100;instances/inithx.i.3.col;621;13969;greedy
0;2556;100;10;1000;1000;0.9;31;0;100;instances/inithx.i.3.col;621;13969;greedy
0;2738;100;10;1000;1000;0.9;31;0;100;instances/inithx.i.3.col;621;13969;greedy
0;2551;100;10;1000;1000;0.9;31;0;100;instances/inithx.i.3.col;621;13969;greedy
0;2884;100;10;1000;1000;0.9;31;0;100;instances/inithx.i.3.col;621;13969;greedy
0;3133;100;10;1000;1000;0.9;31;0;100;instances/inithx.i.3.col;621;13969;greedy
0;2208;100;10;1000;1000;0.9;31;0;100;instances/inithx.i.3.col;621;13969;greedy
0;2192;100;10;1000;1000;0.9;31;0;100;instances/inithx.i.3.col;621;13969;greedy
0;3139;100;10;1000;1000;0.9;31;0;100;instances/inithx.i.3.col;621;13969;greedy
0;2835;100;10;1000;1000;0.9;31;0;100;instances/inithx.i.3.col;621;13969;greedy
0;2949;100;10;1000;1000;0.9;31;0;100;instances/inithx.i.3.col;621;13969;greedy
358;3889133;100;10;1000;1000;0.9;31;27119;9;instances/inithx.i.3.col;621;13969;random
355;3901388;100;10;1000;1000;0.9;31;25212;9;instances/inithx.i.3.col;621;13969;random
353;3909699;100;10;1000;1000;0.9;31;23839;9;instances/inithx.i.3.col;621;13969;random
344;6231976;100;10;1000;1000;0.9;31;16232;9;instances/inithx.i.3.col;621;13969;random
356;3969022;100;10;1000;1000;0.9;31;25804;9;instances/inithx.i.3.col;621;13969;random
367;3907442;100;10;1000;1000;0.9;31;2552;9;instances/inithx.i.3.col;621;13969;random
372;3909299;100;10;1000;1000;0.9;31;24813;9;instances/inithx.i.3.col;621;13969;random
363;3901665;100;10;1000;1000;0.9;31;22121;9;instances/inithx.i.3.col;621;13969;random
356;3880711;100;10;1000;1000;0.9;31;18147;9;instances/inithx.i.3.col;621;13969;random
366;3929262;100;10;1000;1000;0.9;31;27759;9;instances/inithx.i.3.col;621;13969;random
345;21738264;100;10;1000;5000;0.9;31;136361;9;instances/inithx.i.3.col;621;13969;random
348;20013936;100;10;1000;5000;0.9;31;118900;9;instances/inithx.i.3.col;621;13969;random
345;21883356;100;10;1000;5000;0.9;31;91701;9;instances/inithx.i.3.col;621;13969;random
347;21757943;100;10;1000;5000;0.9;31;129770;9;instances/inithx.i.3.col;621;13969;random
343;20194834;100;10;1000;5000;0.9;31;10565;9;instances/inithx.i.3.col;621;13969;random
335;21332790;100;10;1000;5000;0.9;31;138075;9;instances/inithx.i.3.col;621;13969;random
354;20120050;100;10;1000;5000;0.9;31;92541;9;instances/inithx.i.3.col;621;13969;random
339;23086961;100;10;1000;5000;0.9;31;122966;9;instances/inithx.i.3.col;621;13969;random
338;21642456;100;10;1000;5000;0.9;31;134350;9;instances/inithx.i.3.col;621;13969;random
355;20321720;100;10;1000;5000;0.9;31;112367;9;instances/inithx.i.3.col;621;13969;random
357;21604899;100;10;1000;5000;0.9;31;125113;9;instances/inithx.i.3.col;621;13969;random
351;21517141;100;10;1000;5000;0.9;31;135115;9;instances/inithx.i.3.col;621;13969;random
361;20241520;100;10;1000;5000;0.9;31;128238;9;instances/inithx.i.3.col;621;13969;random
343;21385570;100;10;1000;5000;0.9;31;133429;9;instances/inithx.i.3.col;621;13969;random
347;21372652;100;10;1000;5000;0.9;31;65104;9;instances/inithx.i.3.col;621;13969;random
324;20266886;100;10;1000;5000;0.9;31;134815;9;instances/inithx.i.3.col;621;13969;random
353;21606206;100;10;1000;5000;0.9;31;100358;9;instances/inithx.i.3.col;621;13969;random
352;20179968;100;10;1000;5000;0.9;31;122487;9;instances/inithx.i.3.col;621;13969;random
346;21658051;100;10;1000;5000;0.9;31;90243;9;instances/inithx.i.3.col;621;13969;random
349;21565168;100;10;1000;5000;0.9;31;120566;9;instances/inithx.i.3.col;621;13969;random
354;21728960;100;10;1000;5000;0.9;31;135271;9;instances/inithx.i.3.col;621;13969;random
349;21647017;100;10;1000;5000;0.9;31;67075;9;instances/inithx.i.3.col;621;13969;random
351;19856745;100;10;1000;5000;0.9;31;134627;9;instances/inithx.i.3.col;621;13969;random
346;21960517;100;10;1000;5000;0.9;31;133321;9;instances/inithx.i.3.col;621;13969;random
341;21576316;100;10;1000;5000;0.9;31;86701;9;instances/inithx.i.3.col;621;13969;random
351;19991422;100;10;1000;5000;0.9;31;126560;9;instances/inithx.i.3.col;621;13969;random
343;21648237;100;10;1000;5000;0.9;31;137103;9;instances/inithx.i.3.col;621;13969;random
351;19955027;100;10;1000;5000;0.9;31;134868;9;instances/inithx.i.3.col;621;13969;random
353;21850743;100;10;1000;5000;0.9;31;104288;9;instances/inithx.i.3.col;621;13969;random
347;21848812;100;10;1000;5000;0.9;31;123632;9;instances/inithx.i.3.col;621;13969;random
