0;1156;100;10;1000;1000;0.9;31;0;100;instances/inithx.i.2.col;645;13979;greedy
0;1078;100;10;1000;1000;0.9;31;0;100;instances/inithx.i.2.col;645;13979;greedy
0;1093;100;10;1000;1000;0.9;31;0;100;instances/inithx.i.2.col;645;13979;greedy
0;1328;100;10;1000;1000;0.9;31;0;100;instances/inithx.i.2.col;645;13979;greedy
0;1436;100;10;1000;1000;0.9;31;0;100;instances/inithx.i.2.col;645;13979;greedy
0;1360;100;10;1000;1000;0.9;31;0;100;instances/inithx.i.2.col;645;13979;greedy
0;1560;100;10;1000;1000;0.9;31;0;100;instances/inithx.i.2.col;645;13979;greedy
0;2200;100;10;1000;1000;0.9;31;0;100;instances/inithx.i.2.col;645;13979;greedy
0;2185;100;10;1000;1000;0.9;31;0;100;instances/inithx.i.2.col;645;13979;greedy
0;3153;100;10;1000;1000;0.9;31;0;100;instances/inithx.i.2.col;645;13979;greedy
0;2466;100;10;1000;1000;0.9;31;0;100;instances/inithx.i.2.col;645;13979;greedy
0;2931;100;10;1000;1000;0.9;31;0;100;instances/inithx.i.2.col;645;13979;greedy
0;2868;100;10;1000;1000;0.9;31;0;100;instances/inithx.i.2.col;645;13979;greedy
0;3417;100;10;1000;1000;0.9;31;0;100;instances/inithx.i.2.col;645;13979;greedy
0;3124;100;10;1000;1000;0.9;31;0;100;instances/inithx.i.2.col;645;13979;greedy
0;3137;100;10;1000;1000;0.9;31;0;100;instances/inithx.i.2.col;645;13979;greedy
0;2796;100;10;1000;1000;0.9;31;0;100;instances/inithx.i.2.col;645;13979;greedy
0;2492;100;10;1000;1000;0.9;31;0;100;instances/inithx.i.2.col;645;13979;greedy
0;3018;100;10;1000;1000;0.9;31;0;100;instances/inithx.i.2.col;645;13979;greedy
0;3218;100;10;1000;1000;0.9;31;0;100;instances/inithx.i.2.col;645;13979;greedy
0;3062;100;10;1000;1000;0.9;31;0;100;instances/inithx.i.2.col;645;13979;greedy
0;2734;100;10;1000;1000;0.9;31;0;100;instances/inithx.i.2.col;645;13979;greedy
0;3296;100;10;1000;1000;0.9;31;0;100;instances/inithx.i.2.col;645;13979;greedy
0;2932;100;10;1000;1000;0.9;31;0;100;instances/inithx.i.2.col;645;13979;greedy
0;2933;100;10;1000;1000;0.9;31;0;100;instances/inithx.i.2.col;645;13979;greedy
0;2763;100;10;1000;1000;0.9;31;0;100;instances/inithx.i.2.col;645;13979;greedy
0;3248;100;10;1000;1000;0.9;31;0;100;instances/inithx.i.2.col;645;13979;greedy
0;1974;100;10;1000;1000;0.9;31;0;100;instances/inithx.i.2.col;645;13979;greedy
0;2728;100;10;1000;1000;0.9;31;0;100;instances/inithx.i.2.col;645;13979;greedy
0;3108;100;10;1000;1000;0.9;31;0;100;instances/inithx.i.2.col;645;13979;greedy
0;2898;100;10;1000;1000;0.9;31;0;100;instances/inithx.i.2.col;645;13979;greedy
0;2911;100;10;1000;1000;0.9;31;0;100;instances/inithx.i.2.col;645;13979;greedy
0;2800;100;10;1000;1000;0.9;31;0;100;instances/inithx.i.2.col;645;13979;greedy
0;2948;100;10;1000;1000;0.9;31;0;100;instances/inithx.i.2.col;645;13979;greedy
0;1743;100;10;1000;1000;0.9;31;0;100;instances/inithx.i.2.col;645;13979;greedy
0;1049;100;10;1000;1000;0.9;31;0;100;instances/inithx.i.2.col;645;13979;greedy
0;1127;100;10;1000;1000;0.9;31;0;100;instances/inithx.i.2.col;645;13979;greedy
0;2168;100;10;1000;1000;0.9;31;0;100;instances/inithx.i.2.col;645;13979;greedy
0;3387;100;10;1000;1000;0.9;31;0;100;instances/inithx.i.2.col;645;13979;greedy
0;2221;100;10;1000;1000;0.9;31;0;100;instances/inithx.i.2.col;645;13979;greedy
0;1431;100;10;1000;1000;0.9;31;0;100;instances/inithx.i.2.col;645;13979;greedy
0;1435;100;10;1000;1000;0.9;31;0;100;instances/inithx.i.2.col;645;13979;greedy
0;2134;100;10;1000;1000;0.9;31;0;100;instances/inithx.i.2.col;645;13979;greedy
0;2636;100;10;1000;1000;0.9;31;0;100;instances/inithx.i.2.col;645;13979;greedy
0;1890;100;10;1000;1000;0.9;31;0;100;instances/inithx.i.2.col;645;13979;greedy
0;1745;100;10;1000;1000;0.9;31;0;100;instances/inithx.i.2.col;645;13979;greedy
0;2724;100;10;1000;1000;0.9;31;0;100;instances/inithx.i.2.col;645;13979;greedy
0;2776;100;10;1000;1000;0.9;31;0;100;instances/inithx.i.2.col;645;13979;greedy
0;2781;100;10;1000;1000;0.9;31;0;100;instances/inithx.i.2.col;645;13979;greedy
0;1858;100;10;1000;1000;0.9;31;0;100;instances/inithx.i.2.col;645;13979;greedy
0;2160;100;10;1000;1000;0.9;31;0;100;instances/inithx.i.2.col;645;13979;greedy
0;2698;100;10;1000;1000;0.9;31;0;100;instances/inithx.i.2.col;645;13979;greedy
0;2605;100;10;1000;1000;0.9;31;0;100;instances/inithx.i.2.col;645;13979;greedy
0;2860;100;10;1000;1000;0.9;31;0;100;instances/inithx.i.2.col;645;13979;greedy
0;1721;100;10;1000;1000;0.9;31;0;100;instances/inithx.i.2.col;645;13979;greedy
0;2152;100;10;1000;1000;0.9;31;0;100;instances/inithx.i.2.col;645;13979;greedy
0;3156;100;10;1000;1000;0.9;31;0;100;instances/inithx.i.2.col;645;13979;greedy
0;1847;100;10;1000;1000;0.9;31;0;100;instances/inithx.i.2.col;645;13979;greedy
0;2236;100;10;1000;1000;0.9;31;0;100;instances/inithx.i.2.col;645;13979;greedy
0;2227;100;10;1000;1000;0.9;31;0;100;instances/inithx.i.2.col;645;13979;greedy
0;1957;100;10;1000;1000;0.9;31;0;100;instances/inithx.i.2.col;645;13979;greedy
0;2244;100;10;1000;1000;0.9;31;0;100;instances/inithx.i.2.col;645;13979;greedy
0;2774;100;10;1000;1000;0.9;31;0;100;instances/inithx.i.2.col;645;13979;greedy
0;1631;100;10;1000;1000;0.9;31;0;100;instances/inithx.i.2.col;645;13979;greedy
0;2455;100;10;1000;1000;0.9;31;0;100;instances/inithx.i.2.col;645;13979;greedy
0;1460;100;10;1000;1000;0.9;31;0;100;instances/inithx.i.2.col;645;13979;greedy
0;1062;100;10;1000;1000;0.9;31;0;100;instances/inithx.i.2.col;645;13979;greedy
0;1163;100;10;1000;1000;0.9;31;0;100;instances/inithx.i.2.col;645;13979;greedy
0;2003;100;10;1000;1000;0.9;31;0;100;instances/inithx.i.2.col;645;13979;greedy
0;1815;100;10;1000;1000;0.9;31;0;100;instances/inithx.i.2.col;645;13979;greedy
0;2296;100;10;1000;1000;0.9;31;0;100;instances/inithx.i.2.col;645;13979;greedy
0;2795;100;10;1000;1000;0.9;31;0;100;instances/inithx.i.2.col;645;13979;greedy
0;2805;100;10;1000;1000;0.9;31;0;100;instances/inithx.i.2.col;645;13979;greedy
0;1571;100;10;1000;1000;0.9;31;0;100;instances/inithx.i.2.col;645;13979;greedy
0;1077;100;10;1000;1000;0.9;31;0;100;instances/inithx.i.2.col;645;13979;greedy
0;1076;100;10;1000;1000;0.9;31;0;100;instances/inithx.i.2.col;645;13979;greedy
0;1049;100;10;1000;1000;0.9;31;0;100;instances/inithx.i.2.col;645;13979;greedy
0;1014;100;10;1000;1000;0.9;31;0;100;instances/inithx.i.2.col;645;13979;greedy
0;1207;100;10;1000;1000;0.9;31;0;100;instances/inithx.i.2.col;645;13979;greedy
0;1844;100;10;1000;1000;0.9;31;0;100;instances/inithx.i.2.col;645;13979;greedy
0;1573;100;10;1000;1000;0.9;31;0;100;instances/inithx.i.2.col;645;13979;greedy
0;1276;100;10;1000;1000;0.9;31;0;100;instances/inithx.i.2.col;645;13979;greedy
0;1070;100;10;1000;1000;0.9;31;0;100;instances/inithx.i.2.col;645;13979;greedy
0;1073;100;10;1000;1000;0.9;31;0;100;instances/inithx.i.2.col;645;13979;greedy
0;1090;100;10;1000;1000;0.9;31;0;100;instances/inithx.i.2.col;645;13979;greedy
0;1219;100;10;1000;1000;0.9;31;0;100;instances/inithx.i.2.col;645;13979;greedy
0;1065;100;10;1000;1000;0.9;31;0;100;instances/inithx.i.2.col;645;13979;greedy
0;1148;100;10;1000;1000;0.9;31;0;100;instances/inithx.i.2.col;645;13979;greedy
0;1504;100;10;1000;1000;0.9;31;0;100;instances/inithx.i.2.col;645;13979;greedy
0;1398;100;10;1000;1000;0.9;31;0;100;instances/inithx.i.2.col;645;13979;greedy
0;1586;100;10;1000;1000;0.9;31;0;100;instances/inithx.i.2.col;645;13979;greedy
0;2053;100;10;1000;1000;0.9;31;0;100;instances/inithx.i.2.col;645;13979;greedy
0;2222;100;10;1000;1000;0.9;31;0;100;instances/inithx.i.2.col;645;13979;greedy
0;2664;100;10;1000;1000;0.9;31;0;100;instances/inithx.i.2.col;645;13979;greedy
0;2659;100;10;1000;1000;0.9;31;0;100;instances/inithx.i.2.col;645;13979;greedy
0;2539;100;10;1000;1000;0.9;31;0;100;instances/inithx.i.2.col;645;13979;greedy
0;2981;100;10;1000;1000;0.9;31;0;100;instances/inithx.i.2.col;645;13979;greedy
0;2024;100;10;1000;1000;0.9;31;0;100;instances/inithx.i.2.col;645;13979;greedy
0;1192;100;10;1000;1000;0.9;31;0;100;instances/inithx.i.2.col;645;13979;greedy
0;1181;100;10;1000;1000;0.9;31;0;100;instances/inithx.i.2.col;645;13979;greedy
335;3821428;100;10;1000;1000;0.9;31;25614;9;instances/inithx.i.2.col;645;13979;random
371;3857508;100;10;1000;1000;0.9;31;19943;9;instances/inithx.i.2.col;645;13979;random
363;3870448;100;10;1000;1000;0.9;31;22316;9;instances/inithx.i.2.col;645;13979;random
360;3801975;100;10;1000;1000;0.9;31;26949;9;instances/inithx.i.2.col;645;13979;random
363;3876205;100;10;1000;1000;0.9;31;27558;9;instances/inithx.i.2.col;645;13979;random
362;6217434;100;10;1000;1000;0.9;31;27239;9;instances/inithx.i.2.col;645;13979;random
354;3899103;100;10;1000;1000;0.9;31;26132;9;instances/inithx.i.2.col;645;13979;random
372;3873571;100;10;1000;1000;0.9;31;24372;9;instances/inithx.i.2.col;645;13979;random
364;3857910;100;10;1000;1000;0.9;31;11416;9;instances/inithx.i.2.col;645;13979;random
372;3915848;100;10;1000;1000;0.9;31;27410;9;instances/inithx.i.2.col;645;13979;random
356;18933107;100;10;1000;5000;0.9;31;3530;9;instances/inithx.i.2.col;645;13979;random
358;22259393;100;10;1000;5000;0.9;31;134464;9;instances/inithx.i.2.col;645;13979;random
349;29917577;100;10;1000;5000;0.9;31;131073;9;instances/inithx.i.2.col;645;13979;random
325;37819101;100;10;1000;5000;0.9;31;127171;9;instances/inithx.i.2.col;645;13979;random
344;37469283;100;10;1000;5000;0.9;31;109916;9;instances/inithx.i.2.col;645;13979;random
337;37400075;100;10;1000;5000;0.9;31;131297;9;instances/inithx.i.2.col;645;13979;random
355;38291993;100;10;1000;5000;0.9;31;130611;9;instances/inithx.i.2.col;645;13979;random
338;37153699;100;10;1000;5000;0.9;31;135620;9;instances/inithx.i.2.col;645;13979;random
348;38026338;100;10;1000;5000;0.9;31;117811;9;instances/inithx.i.2.col;645;13979;random
338;37858125;100;10;1000;5000;0.9;31;104372;9;instances/inithx.i.2.col;645;13979;random
345;39917208;100;10;1000;5000;0.9;31;125834;9;instances/inithx.i.2.col;645;13979;random
343;37512150;100;10;1000;5000;0.9;31;133010;9;instances/inithx.i.2.col;645;13979;random
347;37514224;100;10;1000;5000;0.9;31;128934;9;instances/inithx.i.2.col;645;13979;random
358;37769149;100;10;1000;5000;0.9;31;124933;9;instances/inithx.i.2.col;645;13979;random
340;20791508;100;10;1000;5000;0.9;31;131071;9;instances/inithx.i.2.col;645;13979;random
347;18797964;100;10;1000;5000;0.9;31;123923;9;instances/inithx.i.2.col;645;13979;random
353;20836353;100;10;1000;5000;0.9;31;102026;9;instances/inithx.i.2.col;645;13979;random
356;18684611;100;10;1000;5000;0.9;31;133933;9;instances/inithx.i.2.col;645;13979;random
356;20891416;100;10;1000;5000;0.9;31;108628;9;instances/inithx.i.2.col;645;13979;random
339;21159283;100;10;1000;5000;0.9;31;105262;9;instances/inithx.i.2.col;645;13979;random
352;21545990;100;10;1000;5000;0.9;31;124320;9;instances/inithx.i.2.col;645;13979;random
340;19978292;100;10;1000;5000;0.9;31;112612;9;instances/inithx.i.2.col;645;13979;random
337;21491126;100;10;1000;5000;0.9;31;135800;9;instances/inithx.i.2.col;645;13979;random
345;21497321;100;10;1000;5000;0.9;31;122182;9;instances/inithx.i.2.col;645;13979;random
342;20117772;100;10;1000;5000;0.9;31;133530;9;instances/inithx.i.2.col;645;13979;random
350;21933558;100;10;1000;5000;0.9;31;126984;9;instances/inithx.i.2.col;645;13979;random
346;21671819;100;10;1000;5000;0.9;31;134219;9;instances/inithx.i.2.col;645;13979;random
346;19871865;100;10;1000;5000;0.9;31;133729;9;instances/inithx.i.2.col;645;13979;random
353;21491944;100;10;1000;5000;0.9;31;134329;9;instances/inithx.i.2.col;645;13979;random
341;19825823;100;10;1000;5000;0.9;31;110267;9;instances/inithx.i.2.col;645;13979;random
