340;6214038;100;10;1000;1000;0.9;15;0;9;instances/le450_15c.col;450;16680;greedy
340;6251246;100;10;1000;1000;0.9;15;0;9;instances/le450_15c.col;450;16680;greedy
340;6307549;100;10;1000;1000;0.9;15;0;9;instances/le450_15c.col;450;16680;greedy
340;7864140;100;10;1000;1000;0.9;15;0;9;instances/le450_15c.col;450;16680;greedy
340;6175593;100;10;1000;1000;0.9;15;0;9;instances/le450_15c.col;450;16680;greedy
340;6149832;100;10;1000;1000;0.9;15;0;9;instances/le450_15c.col;450;16680;greedy
340;6167588;100;10;1000;1000;0.9;15;0;9;instances/le450_15c.col;450;16680;greedy
340;6177439;100;10;1000;1000;0.9;15;0;9;instances/le450_15c.col;450;16680;greedy
340;7761767;100;10;1000;1000;0.9;15;0;9;instances/le450_15c.col;450;16680;greedy
340;6098753;100;10;1000;1000;0.9;15;0;9;instances/le450_15c.col;450;16680;greedy
340;6151084;100;10;1000;1000;0.9;15;0;9;instances/le450_15c.col;450;16680;greedy
340;6180929;100;10;1000;1000;0.9;15;0;9;instances/le450_15c.col;450;16680;greedy
340;6174049;100;10;1000;1000;0.9;15;0;9;instances/le450_15c.col;450;16680;greedy
340;6186867;100;10;1000;1000;0.9;15;0;9;instances/le450_15c.col;450;16680;greedy
340;7886356;100;10;1000;1000;0.9;15;0;9;instances/le450_15c.col;450;16680;greedy
340;6151355;100;10;1000;1000;0.9;15;0;9;instances/le450_15c.col;450;16680;greedy
340;6225744;100;10;1000;1000;0.9;15;0;9;instances/le450_15c.col;450;16680;greedy
340;6191374;100;10;1000;1000;0.9;15;0;9;instances/le450_15c.col;450;16680;greedy
340;6210546;100;10;1000;1000;0.9;15;0;9;instances/le450_15c.col;450;16680;greedy
340;7765408;100;10;1000;1000;0.9;15;0;9;instances/le450_15c.col;450;16680;greedy
340;6219802;100;10;1000;1000;0.9;15;0;9;instances/le450_15c.col;450;16680;greedy
340;6239033;100;10;1000;1000;0.9;15;0;9;instances/le450_15c.col;450;16680;greedy
340;6220974;100;10;1000;1000;0.9;15;0;9;instances/le450_15c.col;450;16680;greedy
340;6203472;100;10;1000;1000;0.9;15;0;9;instances/le450_15c.col;450;16680;greedy
339;7864138;100;10;1000;1000;0.9;15;0;9;instances/le450_15c.col;450;16680;greedy
340;6281175;100;10;1000;1000;0.9;15;0;9;instances/le450_15c.col;450;16680;greedy
340;6173026;100;10;1000;1000;0.9;15;0;9;instances/le450_15c.col;450;16680;greedy
340;6123472;100;10;1000;1000;0.9;15;0;9;instances/le450_15c.col;450;16680;greedy
340;6116929;100;10;1000;1000;0.9;15;0;9;instances/le450_15c.col;450;16680;greedy
340;7738354;100;10;1000;1000;0.9;15;0;9;instances/le450_15c.col;450;16680;greedy
340;6152678;100;10;1000;1000;0.9;15;0;9;instances/le450_15c.col;450;16680;greedy
340;6134554;100;10;1000;1000;0.9;15;0;9;instances/le450_15c.col;450;16680;greedy
340;6120252;100;10;1000;1000;0.9;15;0;9;instances/le450_15c.col;450;16680;greedy
339;6134414;100;10;1000;1000;0.9;15;0;9;instances/le450_15c.col;450;16680;greedy
340;7809624;100;10;1000;1000;0.9;15;0;9;instances/le450_15c.col;450;16680;greedy
340;6224150;100;10;1000;1000;0.9;15;0;9;instances/le450_15c.col;450;16680;greedy
340;6077545;100;10;1000;1000;0.9;15;0;9;instances/le450_15c.col;450;16680;greedy
340;5997846;100;10;1000;1000;0.9;15;0;9;instances/le450_15c.col;450;16680;greedy
340;6090452;100;10;1000;1000;0.9;15;0;9;instances/le450_15c.col;450;16680;greedy
340;6218495;100;10;1000;1000;0.9;15;0;9;instances/le450_15c.col;450;16680;greedy
340;8184553;100;10;1000;1000;0.9;15;0;9;instances/le450_15c.col;450;16680;greedy
340;6310693;100;10;1000;1000;0.9;15;0;9;instances/le450_15c.col;450;16680;greedy
340;6105710;100;10;1000;1000;0.9;15;0;9;instances/le450_15c.col;450;16680;greedy
340;6119426;100;10;1000;1000;0.9;15;0;9;instances/le450_15c.col;450;16680;greedy
340;6182756;100;10;1000;1000;0.9;15;0;9;instances/le450_15c.col;450;16680;greedy
340;7642004;100;10;1000;1000;0.9;15;0;9;instances/le450_15c.col;450;16680;greedy
339;6148269;100;10;1000;1000;0.9;15;0;9;instances/le450_15c.col;450;16680;greedy
340;6157405;100;10;1000;1000;0.9;15;0;9;instances/le450_15c.col;450;16680;greedy
340;6199927;100;10;1000;1000;0.9;15;0;9;instances/le450_15c.col;450;16680;greedy
340;6165274;100;10;1000;1000;0.9;15;0;9;instances/le450_15c.col;450;16680;greedy
340;7827875;100;10;1000;1000;0.9;15;0;9;instances/le450_15c.col;450;16680;greedy
340;6156669;100;10;1000;1000;0.9;15;0;9;instances/le450_15c.col;450;16680;greedy
340;6170452;100;10;1000;1000;0.9;15;0;9;instances/le450_15c.col;450;16680;greedy
340;6207295;100;10;1000;1000;0.9;15;0;9;instances/le450_15c.col;450;16680;greedy
340;6178045;100;10;1000;1000;0.9;15;0;9;instances/le450_15c.col;450;16680;greedy
337;7799034;100;10;1000;1000;0.9;15;0;9;instances/le450_15c.col;450;16680;greedy
340;6261857;100;10;1000;1000;0.9;15;0;9;instances/le450_15c.col;450;16680;greedy
340;6219082;100;10;1000;1000;0.9;15;0;9;instances/le450_15c.col;450;16680;greedy
340;6194645;100;10;1000;1000;0.9;15;0;9;instances/le450_15c.col;450;16680;greedy
340;6179410;100;10;1000;1000;0.9;15;0;9;instances/le450_15c.col;450;16680;greedy
340;6193127;100;10;1000;1000;0.9;15;0;9;instances/le450_15c.col;450;16680;greedy
340;7904703;100;10;1000;1000;0.9;15;0;9;instances/le450_15c.col;450;16680;greedy
340;6230919;100;10;1000;1000;0.9;15;0;9;instances/le450_15c.col;450;16680;greedy
340;6190292;100;10;1000;1000;0.9;15;0;9;instances/le450_15c.col;450;16680;greedy
340;6163819;100;10;1000;1000;0.9;15;0;9;instances/le450_15c.col;450;16680;greedy
340;6139803;100;10;1000;1000;0.9;15;0;9;instances/le450_15c.col;450;16680;greedy
340;7781014;100;10;1000;1000;0.9;15;0;9;instances/le450_15c.col;450;16680;greedy
340;6170912;100;10;1000;1000;0.9;15;0;9;instances/le450_15c.col;450;16680;greedy
340;6119585;100;10;1000;1000;0.9;15;0;9;instances/le450_15c.col;450;16680;greedy
340;6189107;100;10;1000;1000;0.9;15;0;9;instances/le450_15c.col;450;16680;greedy
340;6132234;100;10;1000;1000;0.9;15;0;9;instances/le450_15c.col;450;16680;greedy
340;7899434;100;10;1000;1000;0.9;15;0;9;instances/le450_15c.col;450;16680;greedy
340;6227898;100;10;1000;1000;0.9;15;0;9;instances/le450_15c.col;450;16680;greedy
340;6206154;100;10;1000;1000;0.9;15;0;9;instances/le450_15c.col;450;16680;greedy
340;6164929;100;10;1000;1000;0.9;15;0;9;instances/le450_15c.col;450;16680;greedy
340;6244607;100;10;1000;1000;0.9;15;0;9;instances/le450_15c.col;450;16680;greedy
340;7851712;100;10;1000;1000;0.9;15;0;9;instances/le450_15c.col;450;16680;greedy
340;6208878;100;10;1000;1000;0.9;15;0;9;instances/le450_15c.col;450;16680;greedy
340;6240548;100;10;1000;1000;0.9;15;0;9;instances/le450_15c.col;450;16680;greedy
340;6194434;100;10;1000;1000;0.9;15;0;9;instances/le450_15c.col;450;16680;greedy
340;6285509;100;10;1000;1000;0.9;15;0;9;instances/le450_15c.col;450;16680;greedy
340;7888561;100;10;1000;1000;0.9;15;0;9;instances/le450_15c.col;450;16680;greedy
340;6144751;100;10;1000;1000;0.9;15;0;9;instances/le450_15c.col;450;16680;greedy
340;6195476;100;10;1000;1000;0.9;15;0;9;instances/le450_15c.col;450;16680;greedy
340;6207211;100;10;1000;1000;0.9;15;0;9;instances/le450_15c.col;450;16680;greedy
340;6178447;100;10;1000;1000;0.9;15;0;9;instances/le450_15c.col;450;16680;greedy
340;6258068;100;10;1000;1000;0.9;15;0;9;instances/le450_15c.col;450;16680;greedy
338;7821504;100;10;1000;1000;0.9;15;0;9;instances/le450_15c.col;450;16680;greedy
340;6211577;100;10;1000;1000;0.9;15;0;9;instances/le450_15c.col;450;16680;greedy
340;6141817;100;10;1000;1000;0.9;15;0;9;instances/le450_15c.col;450;16680;greedy
340;6198564;100;10;1000;1000;0.9;15;0;9;instances/le450_15c.col;450;16680;greedy
340;6157412;100;10;1000;1000;0.9;15;0;9;instances/le450_15c.col;450;16680;greedy
340;8065908;100;10;1000;1000;0.9;15;0;9;instances/le450_15c.col;450;16680;greedy
340;6265103;100;10;1000;1000;0.9;15;0;9;instances/le450_15c.col;450;16680;greedy
340;6054734;100;10;1000;1000;0.9;15;0;9;instances/le450_15c.col;450;16680;greedy
340;6239550;100;10;1000;1000;0.9;15;0;9;instances/le450_15c.col;450;16680;greedy
340;6152732;100;10;1000;1000;0.9;15;0;9;instances/le450_15c.col;450;16680;greedy
340;7933235;100;10;1000;1000;0.9;15;0;9;instances/le450_15c.col;450;16680;greedy
340;6378404;100;10;1000;1000;0.9;15;0;9;instances/le450_15c.col;450;16680;greedy
340;6129830;100;10;1000;1000;0.9;15;0;9;instances/le450_15c.col;450;16680;greedy
911;6040542;100;10;1000;1000;0.9;15;26473;9;instances/le450_15c.col;450;16680;random
911;6115190;100;10;1000;1000;0.9;15;34102;9;instances/le450_15c.col;450;16680;random
891;8512347;100;10;1000;1000;0.9;15;32380;9;instances/le450_15c.col;450;16680;random
907;6111674;100;10;1000;1000;0.9;15;30975;9;instances/le450_15c.col;450;16680;random
908;5919378;100;10;1000;1000;0.9;15;32817;9;instances/le450_15c.col;450;16680;random
897;5986345;100;10;1000;1000;0.9;15;33579;9;instances/le450_15c.col;450;16680;random
891;6121923;100;10;1000;1000;0.9;15;33466;9;instances/le450_15c.col;450;16680;random
900;8627602;100;10;1000;1000;0.9;15;28710;9;instances/le450_15c.col;450;16680;random
890;6273621;100;10;1000;1000;0.9;15;32905;9;instances/le450_15c.col;450;16680;random
904;6029981;100;10;1000;1000;0.9;15;34266;9;instances/le450_15c.col;450;16680;random
873;32587925;100;10;1000;5000;0.9;15;126773;9;instances/le450_15c.col;450;16680;random
885;32499854;100;10;1000;5000;0.9;15;155598;9;instances/le450_15c.col;450;16680;random
880;32746431;100;10;1000;5000;0.9;15;162540;9;instances/le450_15c.col;450;16680;random
895;32642262;100;10;1000;5000;0.9;15;169147;9;instances/le450_15c.col;450;16680;random
878;32561975;100;10;1000;5000;0.9;15;171740;9;instances/le450_15c.col;450;16680;random
889;32567788;100;10;1000;5000;0.9;15;160700;9;instances/le450_15c.col;450;16680;random
872;32660735;100;10;1000;5000;0.9;15;163476;9;instances/le450_15c.col;450;16680;random
888;32380205;100;10;1000;5000;0.9;15;158516;9;instances/le450_15c.col;450;16680;random
872;32535439;100;10;1000;5000;0.9;15;160391;9;instances/le450_15c.col;450;16680;random
878;32774130;100;10;1000;5000;0.9;15;158362;9;instances/le450_15c.col;450;16680;random
898;32516993;100;10;1000;5000;0.9;15;143596;9;instances/le450_15c.col;450;16680;random
884;32422924;100;10;1000;5000;0.9;15;167001;9;instances/le450_15c.col;450;16680;random
876;32663300;100;10;1000;5000;0.9;15;170858;9;instances/le450_15c.col;450;16680;random
894;32863772;100;10;1000;5000;0.9;15;158621;9;instances/le450_15c.col;450;16680;random
871;32697891;100;10;1000;5000;0.9;15;170554;9;instances/le450_15c.col;450;16680;random
880;32625683;100;10;1000;5000;0.9;15;151269;9;instances/le450_15c.col;450;16680;random
895;32785720;100;10;1000;5000;0.9;15;171631;9;instances/le450_15c.col;450;16680;random
875;32449776;100;10;1000;5000;0.9;15;137900;9;instances/le450_15c.col;450;16680;random
883;32505592;100;10;1000;5000;0.9;15;161753;9;instances/le450_15c.col;450;16680;random
887;32657476;100;10;1000;5000;0.9;15;170482;9;instances/le450_15c.col;450;16680;random
877;32995367;100;10;1000;5000;0.9;15;171871;9;instances/le450_15c.col;450;16680;random
868;32934508;100;10;1000;5000;0.9;15;150848;9;instances/le450_15c.col;450;16680;random
867;32897322;100;10;1000;5000;0.9;15;168540;9;instances/le450_15c.col;450;16680;random
902;32826128;100;10;1000;5000;0.9;15;168504;9;instances/le450_15c.col;450;16680;random
888;32708936;100;10;1000;5000;0.9;15;148831;9;instances/le450_15c.col;450;16680;random
896;32710995;100;10;1000;5000;0.9;15;121617;9;instances/le450_15c.col;450;16680;random
885;32775709;100;10;1000;5000;0.9;15;163391;9;instances/le450_15c.col;450;16680;random
890;31204943;100;10;1000;5000;0.9;15;139021;9;instances/le450_15c.col;450;16680;random
892;32956529;100;10;1000;5000;0.9;15;169402;9;instances/le450_15c.col;450;16680;random
867;32797124;100;10;1000;5000;0.9;15;155134;9;instances/le450_15c.col;450;16680;random
