77;2828419;100;10;1000;1000;0.9;15;0;9;instances/le450_15b.col;450;8169;greedy
77;2900584;100;10;1000;1000;0.9;15;0;9;instances/le450_15b.col;450;8169;greedy
77;2837212;100;10;1000;1000;0.9;15;0;9;instances/le450_15b.col;450;8169;greedy
77;2890813;100;10;1000;1000;0.9;15;0;9;instances/le450_15b.col;450;8169;greedy
77;2866245;100;10;1000;1000;0.9;15;0;9;instances/le450_15b.col;450;8169;greedy
77;2895990;100;10;1000;1000;0.9;15;0;9;instances/le450_15b.col;450;8169;greedy
77;2986771;100;10;1000;1000;0.9;15;0;9;instances/le450_15b.col;450;8169;greedy
77;2934743;100;10;1000;1000;0.9;15;0;9;instances/le450_15b.col;450;8169;greedy
77;4805063;100;10;1000;1000;0.9;15;0;9;instances/le450_15b.col;450;8169;greedy
77;2973328;100;10;1000;1000;0.9;15;0;9;instances/le450_15b.col;450;8169;greedy
77;2885687;100;10;1000;1000;0.9;15;0;9;instances/le450_15b.col;450;8169;greedy
77;2822946;100;10;1000;1000;0.9;15;0;9;instances/le450_15b.col;450;8169;greedy
77;2813319;100;10;1000;1000;0.9;15;0;9;instances/le450_15b.col;450;8169;greedy
77;2866052;100;10;1000;1000;0.9;15;0;9;instances/le450_15b.col;450;8169;greedy
77;2876364;100;10;1000;1000;0.9;15;0;9;instances/le450_15b.col;450;8169;greedy
77;2904695;100;10;1000;1000;0.9;15;0;9;instances/le450_15b.col;450;8169;greedy
77;2947215;100;10;1000;1000;0.9;15;0;9;instances/le450_15b.col;450;8169;greedy
77;2933504;100;10;1000;1000;0.9;15;0;9;instances/le450_15b.col;450;8169;greedy
77;2941055;100;10;1000;1000;0.9;15;0;9;instances/le450_15b.col;450;8169;greedy
77;4775462;100;10;1000;1000;0.9;15;0;9;instances/le450_15b.col;450;8169;greedy
77;2970605;100;10;1000;1000;0.9;15;0;9;instances/le450_15b.col;450;8169;greedy
77;2875422;100;10;1000;1000;0.9;15;0;9;instances/le450_15b.col;450;8169;greedy
77;2791865;100;10;1000;1000;0.9;15;0;9;instances/le450_15b.col;450;8169;greedy
77;2753624;100;10;1000;1000;0.9;15;0;9;instances/le450_15b.col;450;8169;greedy
77;2818141;100;10;1000;1000;0.9;15;0;9;instances/le450_15b.col;450;8169;greedy
77;2901016;100;10;1000;1000;0.9;15;0;9;instances/le450_15b.col;450;8169;greedy
77;2940666;100;10;1000;1000;0.9;15;0;9;instances/le450_15b.col;450;8169;greedy
77;2979869;100;10;1000;1000;0.9;15;0;9;instances/le450_15b.col;450;8169;greedy
76;3005815;100;10;1000;1000;0.9;15;1;9;instances/le450_15b.col;450;8169;greedy
77;3003898;100;10;1000;1000;0.9;15;0;9;instances/le450_15b.col;450;8169;greedy
77;4810120;100;10;1000;1000;0.9;15;0;9;instances/le450_15b.col;450;8169;greedy
77;3112867;100;10;1000;1000;0.9;15;0;9;instances/le450_15b.col;450;8169;greedy
77;3028939;100;10;1000;1000;0.9;15;0;9;instances/le450_15b.col;450;8169;greedy
77;3048595;100;10;1000;1000;0.9;15;0;9;instances/le450_15b.col;450;8169;greedy
77;2792106;100;10;1000;1000;0.9;15;0;9;instances/le450_15b.col;450;8169;greedy
77;2960415;100;10;1000;1000;0.9;15;0;9;instances/le450_15b.col;450;8169;greedy
77;2988381;100;10;1000;1000;0.9;15;0;9;instances/le450_15b.col;450;8169;greedy
77;2937742;100;10;1000;1000;0.9;15;0;9;instances/le450_15b.col;450;8169;greedy
77;2969042;100;10;1000;1000;0.9;15;0;9;instances/le450_15b.col;450;8169;greedy
77;2934673;100;10;1000;1000;0.9;15;0;9;instances/le450_15b.col;450;8169;greedy
77;2901872;100;10;1000;1000;0.9;15;0;9;instances/le450_15b.col;450;8169;greedy
77;4858467;100;10;1000;1000;0.9;15;0;9;instances/le450_15b.col;450;8169;greedy
77;2943894;100;10;1000;1000;0.9;15;0;9;instances/le450_15b.col;450;8169;greedy
77;2885017;100;10;1000;1000;0.9;15;0;9;instances/le450_15b.col;450;8169;greedy
77;2915208;100;10;1000;1000;0.9;15;0;9;instances/le450_15b.col;450;8169;greedy
77;2929105;100;10;1000;1000;0.9;15;0;9;instances/le450_15b.col;450;8169;greedy
77;2897427;100;10;1000;1000;0.9;15;0;9;instances/le450_15b.col;450;8169;greedy
77;2905375;100;10;1000;1000;0.9;15;0;9;instances/le450_15b.col;450;8169;greedy
77;2885139;100;10;1000;1000;0.9;15;0;9;instances/le450_15b.col;450;8169;greedy
77;2918764;100;10;1000;1000;0.9;15;0;9;instances/le450_15b.col;450;8169;greedy
73;2887648;100;10;1000;1000;0.9;15;0;9;instances/le450_15b.col;450;8169;greedy
77;2932345;100;10;1000;1000;0.9;15;0;9;instances/le450_15b.col;450;8169;greedy
77;4607656;100;10;1000;1000;0.9;15;0;9;instances/le450_15b.col;450;8169;greedy
77;2902482;100;10;1000;1000;0.9;15;0;9;instances/le450_15b.col;450;8169;greedy
77;2936098;100;10;1000;1000;0.9;15;0;9;instances/le450_15b.col;450;8169;greedy
77;2886610;100;10;1000;1000;0.9;15;0;9;instances/le450_15b.col;450;8169;greedy
77;2928778;100;10;1000;1000;0.9;15;0;9;instances/le450_15b.col;450;8169;greedy
77;2961450;100;10;1000;1000;0.9;15;0;9;instances/le450_15b.col;450;8169;greedy
77;2894103;100;10;1000;1000;0.9;15;0;9;instances/le450_15b.col;450;8169;greedy
77;2936936;100;10;1000;1000;0.9;15;0;9;instances/le450_15b.col;450;8169;greedy
77;2906465;100;10;1000;1000;0.9;15;0;9;instances/le450_15b.col;450;8169;greedy
75;2880860;100;10;1000;1000;0.9;15;1;9;instances/le450_15b.col;450;8169;greedy
77;2891208;100;10;1000;1000;0.9;15;0;9;instances/le450_15b.col;450;8169;greedy
77;4553668;100;10;1000;1000;0.9;15;0;9;instances/le450_15b.col;450;8169;greedy
77;2900468;100;10;1000;1000;0.9;15;0;9;instances/le450_15b.col;450;8169;greedy
77;2853735;100;10;1000;1000;0.9;15;0;9;instances/le450_15b.col;450;8169;greedy
77;2887656;100;10;1000;1000;0.9;15;0;9;instances/le450_15b.col;450;8169;greedy
77;2892852;100;10;1000;1000;0.9;15;0;9;instances/le450_15b.col;450;8169;greedy
77;2968286;100;10;1000;1000;0.9;15;0;9;instances/le450_15b.col;450;8169;greedy
77;2916709;100;10;1000;1000;0.9;15;0;9;instances/le450_15b.col;450;8169;greedy
77;2905954;100;10;1000;1000;0.9;15;0;9;instances/le450_15b.col;450;8169;greedy
77;2897619;100;10;1000;1000;0.9;15;0;9;instances/le450_15b.col;450;8169;greedy
77;2878328;100;10;1000;1000;0.9;15;0;9;instances/le450_15b.col;450;8169;greedy
77;2884319;100;10;1000;1000;0.9;15;0;9;instances/le450_15b.col;450;8169;greedy
77;4604912;100;10;1000;1000;0.9;15;0;9;instances/le450_15b.col;450;8169;greedy
77;2907524;100;10;1000;1000;0.9;15;0;9;instances/le450_15b.col;450;8169;greedy
77;2897460;100;10;1000;1000;0.9;15;0;9;instances/le450_15b.col;450;8169;greedy
76;2913912;100;10;1000;1000;0.9;15;1;9;instances/le450_15b.col;450;8169;greedy
77;2907010;100;10;1000;1000;0.9;15;0;9;instances/le450_15b.col;450;8169;greedy
77;2911895;100;10;1000;1000;0.9;15;0;9;instances/le450_15b.col;450;8169;greedy
77;2888571;100;10;1000;1000;0.9;15;0;9;instances/le450_15b.col;450;8169;greedy
77;2901223;100;10;1000;1000;0.9;15;0;9;instances/le450_15b.col;450;8169;greedy
77;2907984;100;10;1000;1000;0.9;15;0;9;instances/le450_15b.col;450;8169;greedy
77;2900104;100;10;1000;1000;0.9;15;0;9;instances/le450_15b.col;450;8169;greedy
77;2886326;100;10;1000;1000;0.9;15;0;9;instances/le450_15b.col;450;8169;greedy
77;4530311;100;10;1000;1000;0.9;15;0;9;instances/le450_15b.col;450;8169;greedy
77;2876267;100;10;1000;1000;0.9;15;0;9;instances/le450_15b.col;450;8169;greedy
77;2923076;100;10;1000;1000;0.9;15;0;9;instances/le450_15b.col;450;8169;greedy
77;2888923;100;10;1000;1000;0.9;15;0;9;instances/le450_15b.col;450;8169;greedy
77;2896529;100;10;1000;1000;0.9;15;0;9;instances/le450_15b.col;450;8169;greedy
77;2881170;100;10;1000;1000;0.9;15;0;9;instances/le450_15b.col;450;8169;greedy
77;2909658;100;10;1000;1000;0.9;15;0;9;instances/le450_15b.col;450;8169;greedy
77;2896718;100;10;1000;1000;0.9;15;0;9;instances/le450_15b.col;450;8169;greedy
77;2912284;100;10;1000;1000;0.9;15;0;9;instances/le450_15b.col;450;8169;greedy
77;2925659;100;10;1000;1000;0.9;15;0;9;instances/le450_15b.col;450;8169;greedy
76;2878731;100;10;1000;1000;0.9;15;0;9;instances/le450_15b.col;450;8169;greedy
77;4579518;100;10;1000;1000;0.9;15;0;9;instances/le450_15b.col;450;8169;greedy
77;2904792;100;10;1000;1000;0.9;15;0;9;instances/le450_15b.col;450;8169;greedy
77;2897154;100;10;1000;1000;0.9;15;0;9;instances/le450_15b.col;450;8169;greedy
75;2899989;100;10;1000;1000;0.9;15;0;9;instances/le450_15b.col;450;8169;greedy
413;2848273;100;10;1000;1000;0.9;15;30507;9;instances/le450_15b.col;450;8169;random
422;2855891;100;10;1000;1000;0.9;15;31303;9;instances/le450_15b.col;450;8169;random
429;2875600;100;10;1000;1000;0.9;15;31836;9;instances/le450_15b.col;450;8169;random
428;5271786;100;10;1000;1000;0.9;15;27332;9;instances/le450_15b.col;450;8169;random
428;2890877;100;10;1000;1000;0.9;15;28849;9;instances/le450_15b.col;450;8169;random
420;2967205;100;10;1000;1000;0.9;15;30707;9;instances/le450_15b.col;450;8169;random
435;2845898;100;10;1000;1000;0.9;15;25896;9;instances/le450_15b.col;450;8169;random
430;2773287;100;10;1000;1000;0.9;15;27064;9;instances/le450_15b.col;450;8169;random
430;2764642;100;10;1000;1000;0.9;15;30804;9;instances/le450_15b.col;450;8169;random
409;2856274;100;10;1000;1000;0.9;15;29157;9;instances/le450_15b.col;450;8169;random
398;15128755;100;10;1000;5000;0.9;15;129806;9;instances/le450_15b.col;450;8169;random
408;15551276;100;10;1000;5000;0.9;15;151958;9;instances/le450_15b.col;450;8169;random
414;15358437;100;10;1000;5000;0.9;15;143318;9;instances/le450_15b.col;450;8169;random
422;15682483;100;10;1000;5000;0.9;15;136595;9;instances/le450_15b.col;450;8169;random
422;15351428;100;10;1000;5000;0.9;15;147254;9;instances/le450_15b.col;450;8169;random
411;15303239;100;10;1000;5000;0.9;15;110668;9;instances/le450_15b.col;450;8169;random
411;14960074;100;10;1000;5000;0.9;15;117539;9;instances/le450_15b.col;450;8169;random
419;15733257;100;10;1000;5000;0.9;15;119558;9;instances/le450_15b.col;450;8169;random
415;15439324;100;10;1000;5000;0.9;15;147977;9;instances/le450_15b.col;450;8169;random
404;15347184;100;10;1000;5000;0.9;15;144504;9;instances/le450_15b.col;450;8169;random
415;15263852;100;10;1000;5000;0.9;15;157194;9;instances/le450_15b.col;450;8169;random
421;15417772;100;10;1000;5000;0.9;15;53868;9;instances/le450_15b.col;450;8169;random
416;15331948;100;10;1000;5000;0.9;15;138273;9;instances/le450_15b.col;450;8169;random
412;15365741;100;10;1000;5000;0.9;15;117750;9;instances/le450_15b.col;450;8169;random
409;15424302;100;10;1000;5000;0.9;15;154669;9;instances/le450_15b.col;450;8169;random
400;15329979;100;10;1000;5000;0.9;15;127508;9;instances/le450_15b.col;450;8169;random
418;15429643;100;10;1000;5000;0.9;15;150673;9;instances/le450_15b.col;450;8169;random
407;15409438;100;10;1000;5000;0.9;15;131840;9;instances/le450_15b.col;450;8169;random
403;15509032;100;10;1000;5000;0.9;15;151873;9;instances/le450_15b.col;450;8169;random
412;15502839;100;10;1000;5000;0.9;15;146752;9;instances/le450_15b.col;450;8169;random
405;16419433;100;10;1000;5000;0.9;15;152305;9;instances/le450_15b.col;450;8169;random
408;14674760;100;10;1000;5000;0.9;15;156011;9;instances/le450_15b.col;450;8169;random
415;16363501;100;10;1000;5000;0.9;15;131756;9;instances/le450_15b.col;450;8169;random
406;14687002;100;10;1000;5000;0.9;15;156841;9;instances/le450_15b.col;450;8169;random
416;14679654;100;10;1000;5000;0.9;15;143659;9;instances/le450_15b.col;450;8169;random
420;16447743;100;10;1000;5000;0.9;15;145245;9;instances/le450_15b.col;450;8169;random
394;14581800;100;10;1000;5000;0.9;15;142510;9;instances/le450_15b.col;450;8169;random
419;16432782;100;10;1000;5000;0.9;15;139527;9;instances/le450_15b.col;450;8169;random
417;14432151;100;10;1000;5000;0.9;15;156056;9;instances/le450_15b.col;450;8169;random
397;16445087;100;10;1000;5000;0.9;15;58826;9;instances/le450_15b.col;450;8169;random
