8;2546706;100;10;1000;1000;0.9;25;0;9;instances/le450_25a.col;450;8260;greedy
8;2613044;100;10;1000;1000;0.9;25;0;9;instances/le450_25a.col;450;8260;greedy
8;2565336;100;10;1000;1000;0.9;25;0;9;instances/le450_25a.col;450;8260;greedy
8;4238791;100;10;1000;1000;0.9;25;0;9;instances/le450_25a.col;450;8260;greedy
8;2563679;100;10;1000;1000;0.9;25;0;9;instances/le450_25a.col;450;8260;greedy
8;2548266;100;10;1000;1000;0.9;25;0;9;instances/le450_25a.col;450;8260;greedy
8;2564150;100;10;1000;1000;0.9;25;0;9;instances/le450_25a.col;450;8260;greedy
8;2529153;100;10;1000;1000;0.9;25;0;9;instances/le450_25a.col;450;8260;greedy
8;2535708;100;10;1000;1000;0.9;25;0;9;instances/le450_25a.col;450;8260;greedy
8;2571470;100;10;1000;1000;0.9;25;0;9;instances/le450_25a.col;450;8260;greedy
8;2577104;100;10;1000;1000;0.9;25;0;9;instances/le450_25a.col;450;8260;greedy
8;2552190;100;10;1000;1000;0.9;25;0;9;instances/le450_25a.col;450;8260;greedy
8;2553337;100;10;1000;1000;0.9;25;0;9;instances/le450_25a.col;450;8260;greedy
8;2539447;100;10;1000;1000;0.9;25;0;9;instances/le450_25a.col;450;8260;greedy
8;2574425;100;10;1000;1000;0.9;25;0;9;instances/le450_25a.col;450;8260;greedy
8;2503016;100;10;1000;1000;0.9;25;0;9;instances/le450_25a.col;450;8260;greedy
8;4215741;100;10;1000;1000;0.9;25;0;9;instances/le450_25a.col;450;8260;greedy
8;2556221;100;10;1000;1000;0.9;25;0;9;instances/le450_25a.col;450;8260;greedy
8;2558538;100;10;1000;1000;0.9;25;0;9;instances/le450_25a.col;450;8260;greedy
8;2545451;100;10;1000;1000;0.9;25;0;9;instances/le450_25a.col;450;8260;greedy
8;2556895;100;10;1000;1000;0.9;25;0;9;instances/le450_25a.col;450;8260;greedy
8;2569070;100;10;1000;1000;0.9;25;0;9;instances/le450_25a.col;450;8260;greedy
8;2536540;100;10;1000;1000;0.9;25;0;9;instances/le450_25a.col;450;8260;greedy
8;2559692;100;10;1000;1000;0.9;25;0;9;instances/le450_25a.col;450;8260;greedy
8;2518204;100;10;1000;1000;0.9;25;0;9;instances/le450_25a.col;450;8260;greedy
8;2541983;100;10;1000;1000;0.9;25;0;9;instances/le450_25a.col;450;8260;greedy
8;2528032;100;10;1000;1000;0.9;25;0;9;instances/le450_25a.col;450;8260;greedy
8;2541824;100;10;1000;1000;0.9;25;0;9;instances/le450_25a.col;450;8260;greedy
8;4214288;100;10;1000;1000;0.9;25;0;9;instances/le450_25a.col;450;8260;greedy
8;2564539;100;10;1000;1000;0.9;25;0;9;instances/le450_25a.col;450;8260;greedy
8;2536318;100;10;1000;1000;0.9;25;0;9;instances/le450_25a.col;450;8260;greedy
8;2530266;100;10;1000;1000;0.9;25;0;9;instances/le450_25a.col;450;8260;greedy
8;2568940;100;10;1000;1000;0.9;25;0;9;instances/le450_25a.col;450;8260;greedy
8;2551625;100;10;1000;1000;0.9;25;0;9;instances/le450_25a.col;450;8260;greedy
8;2519679;100;10;1000;1000;0.9;25;0;9;instances/le450_25a.col;450;8260;greedy
8;2538743;100;10;1000;1000;0.9;25;0;9;instances/le450_25a.col;450;8260;greedy
8;2524267;100;10;1000;1000;0.9;25;0;9;instances/le450_25a.col;450;8260;greedy
8;2555411;100;10;1000;1000;0.9;25;0;9;instances/le450_25a.col;450;8260;greedy
8;2532075;100;10;1000;1000;0.9;25;0;9;instances/le450_25a.col;450;8260;greedy
8;2534231;100;10;1000;1000;0.9;25;0;9;instances/le450_25a.col;450;8260;greedy
8;2567221;100;10;1000;1000;0.9;25;0;9;instances/le450_25a.col;450;8260;greedy
8;4233447;100;10;1000;1000;0.9;25;0;9;instances/le450_25a.col;450;8260;greedy
8;2532865;100;10;1000;1000;0.9;25;0;9;instances/le450_25a.col;450;8260;greedy
8;2539618;100;10;1000;1000;0.9;25;0;9;instances/le450_25a.col;450;8260;greedy
8;2588090;100;10;1000;1000;0.9;25;0;9;instances/le450_25a.col;450;8260;greedy
8;2571377;100;10;1000;1000;0.9;25;0;9;instances/le450_25a.col;450;8260;greedy
8;2562674;100;10;1000;1000;0.9;25;0;9;instances/le450_25a.col;450;8260;greedy
8;2550839;100;10;1000;1000;0.9;25;0;9;instances/le450_25a.col;450;8260;greedy
8;2569775;100;10;1000;1000;0.9;25;0;9;instances/le450_25a.col;450;8260;greedy
8;2534665;100;10;1000;1000;0.9;25;0;9;instances/le450_25a.col;450;8260;greedy
8;2545114;100;10;1000;1000;0.9;25;0;9;instances/le450_25a.col;450;8260;greedy
8;2535162;100;10;1000;1000;0.9;25;0;9;instances/le450_25a.col;450;8260;greedy
8;2552634;100;10;1000;1000;0.9;25;0;9;instances/le450_25a.col;450;8260;greedy
8;2551717;100;10;1000;1000;0.9;25;0;9;instances/le450_25a.col;450;8260;greedy
8;4277135;100;10;1000;1000;0.9;25;0;9;instances/le450_25a.col;450;8260;greedy
8;2563966;100;10;1000;1000;0.9;25;0;9;instances/le450_25a.col;450;8260;greedy
8;2562355;100;10;1000;1000;0.9;25;0;9;instances/le450_25a.col;450;8260;greedy
8;2522431;100;10;1000;1000;0.9;25;0;9;instances/le450_25a.col;450;8260;greedy
8;2546420;100;10;1000;1000;0.9;25;0;9;instances/le450_25a.col;450;8260;greedy
8;2533200;100;10;1000;1000;0.9;25;0;9;instances/le450_25a.col;450;8260;greedy
8;2561120;100;10;1000;1000;0.9;25;0;9;instances/le450_25a.col;450;8260;greedy
8;2561258;100;10;1000;1000;0.9;25;0;9;instances/le450_25a.col;450;8260;greedy
8;2539012;100;10;1000;1000;0.9;25;0;9;instances/le450_25a.col;450;8260;greedy
8;2568577;100;10;1000;1000;0.9;25;0;9;instances/le450_25a.col;450;8260;greedy
8;2552922;100;10;1000;1000;0.9;25;0;9;instances/le450_25a.col;450;8260;greedy
8;2527083;100;10;1000;1000;0.9;25;0;9;instances/le450_25a.col;450;8260;greedy
8;4209713;100;10;1000;1000;0.9;25;0;9;instances/le450_25a.col;450;8260;greedy
7;2558065;100;10;1000;1000;0.9;25;1;9;instances/le450_25a.col;450;8260;greedy
8;2550321;100;10;1000;1000;0.9;25;0;9;instances/le450_25a.col;450;8260;greedy
8;2571062;100;10;1000;1000;0.9;25;0;9;instances/le450_25a.col;450;8260;greedy
8;2532777;100;10;1000;1000;0.9;25;0;9;instances/le450_25a.col;450;8260;greedy
8;2549760;100;10;1000;1000;0.9;25;0;9;instances/le450_25a.col;450;8260;greedy
8;2532561;100;10;1000;1000;0.9;25;0;9;instances/le450_25a.col;450;8260;greedy
8;2570696;100;10;1000;1000;0.9;25;0;9;instances/le450_25a.col;450;8260;greedy
8;2523069;100;10;1000;1000;0.9;25;0;9;instances/le450_25a.col;450;8260;greedy
8;2520606;100;10;1000;1000;0.9;25;0;9;instances/le450_25a.col;450;8260;greedy
8;2550032;100;10;1000;1000;0.9;25;0;9;instances/le450_25a.col;450;8260;greedy
8;2533085;100;10;1000;1000;0.9;25;0;9;instances/le450_25a.col;450;8260;greedy
8;2571764;100;10;1000;1000;0.9;25;0;9;instances/le450_25a.col;450;8260;greedy
8;4234282;100;10;1000;1000;0.9;25;0;9;instances/le450_25a.col;450;8260;greedy
8;2538288;100;10;1000;1000;0.9;25;0;9;instances/le450_25a.col;450;8260;greedy
8;2566425;100;10;1000;1000;0.9;25;0;9;instances/le450_25a.col;450;8260;greedy
8;2502456;100;10;1000;1000;0.9;25;0;9;instances/le450_25a.col;450;8260;greedy
8;2537506;100;10;1000;1000;0.9;25;0;9;instances/le450_25a.col;450;8260;greedy
8;2552627;100;10;1000;1000;0.9;25;0;9;instances/le450_25a.col;450;8260;greedy
8;2556450;100;10;1000;1000;0.9;25;0;9;instances/le450_25a.col;450;8260;greedy
8;2566103;100;10;1000;1000;0.9;25;0;9;instances/le450_25a.col;450;8260;greedy
8;2518610;100;10;1000;1000;0.9;25;0;9;instances/le450_25a.col;450;8260;greedy
8;2543385;100;10;1000;1000;0.9;25;0;9;instances/le450_25a.col;450;8260;greedy
8;2509232;100;10;1000;1000;0.9;25;0;9;instances/le450_25a.col;450;8260;greedy
8;2536814;100;10;1000;1000;0.9;25;0;9;instances/le450_25a.col;450;8260;greedy
8;2558200;100;10;1000;1000;0.9;25;0;9;instances/le450_25a.col;450;8260;greedy
8;4271672;100;10;1000;1000;0.9;25;0;9;instances/le450_25a.col;450;8260;greedy
8;2534515;100;10;1000;1000;0.9;25;0;9;instances/le450_25a.col;450;8260;greedy
8;2560384;100;10;1000;1000;0.9;25;0;9;instances/le450_25a.col;450;8260;greedy
8;2559706;100;10;1000;1000;0.9;25;0;9;instances/le450_25a.col;450;8260;greedy
8;2536767;100;10;1000;1000;0.9;25;0;9;instances/le450_25a.col;450;8260;greedy
8;2524896;100;10;1000;1000;0.9;25;0;9;instances/le450_25a.col;450;8260;greedy
8;2542748;100;10;1000;1000;0.9;25;0;9;instances/le450_25a.col;450;8260;greedy
8;2530068;100;10;1000;1000;0.9;25;0;9;instances/le450_25a.col;450;8260;greedy
247;2460916;100;10;1000;1000;0.9;25;19157;9;instances/le450_25a.col;450;8260;random
250;2492014;100;10;1000;1000;0.9;25;18697;9;instances/le450_25a.col;450;8260;random
244;2497820;100;10;1000;1000;0.9;25;23054;9;instances/le450_25a.col;450;8260;random
251;2520805;100;10;1000;1000;0.9;25;21407;9;instances/le450_25a.col;450;8260;random
265;2533610;100;10;1000;1000;0.9;25;3308;9;instances/le450_25a.col;450;8260;random
245;2506563;100;10;1000;1000;0.9;25;27725;9;instances/le450_25a.col;450;8260;random
238;2518828;100;10;1000;1000;0.9;25;27338;9;instances/le450_25a.col;450;8260;random
256;4745251;100;10;1000;1000;0.9;25;18245;9;instances/le450_25a.col;450;8260;random
258;2627977;100;10;1000;1000;0.9;25;18795;9;instances/le450_25a.col;450;8260;random
248;2630739;100;10;1000;1000;0.9;25;16707;9;instances/le450_25a.col;450;8260;random
233;13440348;100;10;1000;5000;0.9;25;142015;9;instances/le450_25a.col;450;8260;random
251;13521877;100;10;1000;5000;0.9;25;100706;9;instances/le450_25a.col;450;8260;random
246;13347777;100;10;1000;5000;0.9;25;102025;9;instances/le450_25a.col;450;8260;random
250;13510914;100;10;1000;5000;0.9;25;143042;9;instances/le450_25a.col;450;8260;random
239;13645586;100;10;1000;5000;0.9;25;143709;9;instances/le450_25a.col;450;8260;random
244;14085785;100;10;1000;5000;0.9;25;140465;9;instances/le450_25a.col;450;8260;random
241;13729620;100;10;1000;5000;0.9;25;135625;9;instances/le450_25a.col;450;8260;random
239;13556031;100;10;1000;5000;0.9;25;125092;9;instances/le450_25a.col;450;8260;random
249;13530924;100;10;1000;5000;0.9;25;109836;9;instances/le450_25a.col;450;8260;random
243;13482469;100;10;1000;5000;0.9;25;112033;9;instances/le450_25a.col;450;8260;random
244;13545509;100;10;1000;5000;0.9;25;114367;9;instances/le450_25a.col;450;8260;random
246;13465913;100;10;1000;5000;0.9;25;139653;9;instances/le450_25a.col;450;8260;random
241;13185419;100;10;1000;5000;0.9;25;141869;9;instances/le450_25a.col;450;8260;random
244;13276103;100;10;1000;5000;0.9;25;134965;9;instances/le450_25a.col;450;8260;random
244;13431302;100;10;1000;5000;0.9;25;136328;9;instances/le450_25a.col;450;8260;random
248;13385832;100;10;1000;5000;0.9;25;140389;9;instances/le450_25a.col;450;8260;random
253;13406835;100;10;1000;5000;0.9;25;136701;9;instances/le450_25a.col;450;8260;random
244;13486608;100;10;1000;5000;0.9;25;70210;9;instances/le450_25a.col;450;8260;random
258;13496067;100;10;1000;5000;0.9;25;140219;9;instances/le450_25a.col;450;8260;random
245;13504717;100;10;1000;5000;0.9;25;108439;9;instances/le450_25a.col;450;8260;random
245;14594763;100;10;1000;5000;0.9;25;132394;9;instances/le450_25a.col;450;8260;random
245;12842857;100;10;1000;5000;0.9;25;64800;9;instances/le450_25a.col;450;8260;random
243;12793690;100;10;1000;5000;0.9;25;114888;9;instances/le450_25a.col;450;8260;random
249;14557333;100;10;1000;5000;0.9;25;143767;9;instances/le450_25a.col;450;8260;random
249;12983184;100;10;1000;5000;0.9;25;98629;9;instances/le450_25a.col;450;8260;random
245;14503274;100;10;1000;5000;0.9;25;100140;9;instances/le450_25a.col;450;8260;random
242;12927996;100;10;1000;5000;0.9;25;109189;9;instances/le450_25a.col;450;8260;random
242;13045764;100;10;1000;5000;0.9;25;138596;9;instances/le450_25a.col;450;8260;random
248;14647302;100;10;1000;5000;0.9;25;40122;9;instances/le450_25a.col;450;8260;random
251;12852631;100;10;1000;5000;0.9;25;141447;9;instances/le450_25a.col;450;8260;random
