456;2706016;100;10;1000;1000;0.9;5;0;9;instances/le450_5b.col;450;5734;greedy
455;2839247;100;10;1000;1000;0.9;5;0;9;instances/le450_5b.col;450;5734;greedy
456;4555598;100;10;1000;1000;0.9;5;0;9;instances/le450_5b.col;450;5734;greedy
456;2814897;100;10;1000;1000;0.9;5;0;9;instances/le450_5b.col;450;5734;greedy
456;2725774;100;10;1000;1000;0.9;5;0;9;instances/le450_5b.col;450;5734;greedy
456;2676162;100;10;1000;1000;0.9;5;0;9;instances/le450_5b.col;450;5734;greedy
456;2622683;100;10;1000;1000;0.9;5;0;9;instances/le450_5b.col;450;5734;greedy
454;2661943;100;10;1000;1000;0.9;5;3;9;instances/le450_5b.col;450;5734;greedy
452;2561076;100;10;1000;1000;0.9;5;3;9;instances/le450_5b.col;450;5734;greedy
456;2540076;100;10;1000;1000;0.9;5;0;9;instances/le450_5b.col;450;5734;greedy
456;2604117;100;10;1000;1000;0.9;5;0;9;instances/le450_5b.col;450;5734;greedy
456;2683487;100;10;1000;1000;0.9;5;0;9;instances/le450_5b.col;450;5734;greedy
456;2695942;100;10;1000;1000;0.9;5;0;9;instances/le450_5b.col;450;5734;greedy
456;2676928;100;10;1000;1000;0.9;5;0;9;instances/le450_5b.col;450;5734;greedy
454;4687074;100;10;1000;1000;0.9;5;3;9;instances/le450_5b.col;450;5734;greedy
453;2732373;100;10;1000;1000;0.9;5;0;9;instances/le450_5b.col;450;5734;greedy
456;2712681;100;10;1000;1000;0.9;5;0;9;instances/le450_5b.col;450;5734;greedy
456;2600482;100;10;1000;1000;0.9;5;0;9;instances/le450_5b.col;450;5734;greedy
449;2525832;100;10;1000;1000;0.9;5;6;9;instances/le450_5b.col;450;5734;greedy
456;2577446;100;10;1000;1000;0.9;5;0;9;instances/le450_5b.col;450;5734;greedy
456;2684707;100;10;1000;1000;0.9;5;0;9;instances/le450_5b.col;450;5734;greedy
456;2743614;100;10;1000;1000;0.9;5;0;9;instances/le450_5b.col;450;5734;greedy
453;2666389;100;10;1000;1000;0.9;5;1;9;instances/le450_5b.col;450;5734;greedy
456;2701288;100;10;1000;1000;0.9;5;0;9;instances/le450_5b.col;450;5734;greedy
456;2752577;100;10;1000;1000;0.9;5;0;9;instances/le450_5b.col;450;5734;greedy
456;2697523;100;10;1000;1000;0.9;5;0;9;instances/le450_5b.col;450;5734;greedy
447;4731900;100;10;1000;1000;0.9;5;2;9;instances/le450_5b.col;450;5734;greedy
454;2775153;100;10;1000;1000;0.9;5;0;9;instances/le450_5b.col;450;5734;greedy
456;2709553;100;10;1000;1000;0.9;5;0;9;instances/le450_5b.col;450;5734;greedy
456;2603219;100;10;1000;1000;0.9;5;0;9;instances/le450_5b.col;450;5734;greedy
455;2593428;100;10;1000;1000;0.9;5;4;9;instances/le450_5b.col;450;5734;greedy
454;2622343;100;10;1000;1000;0.9;5;0;9;instances/le450_5b.col;450;5734;greedy
456;2626036;100;10;1000;1000;0.9;5;0;9;instances/le450_5b.col;450;5734;greedy
456;2592241;100;10;1000;1000;0.9;5;0;9;instances/le450_5b.col;450;5734;greedy
456;2604562;100;10;1000;1000;0.9;5;0;9;instances/le450_5b.col;450;5734;greedy
456;2721540;100;10;1000;1000;0.9;5;0;9;instances/le450_5b.col;450;5734;greedy
452;2716798;100;10;1000;1000;0.9;5;0;9;instances/le450_5b.col;450;5734;greedy
450;2730067;100;10;1000;1000;0.9;5;3;9;instances/le450_5b.col;450;5734;greedy
456;4634784;100;10;1000;1000;0.9;5;0;9;instances/le450_5b.col;450;5734;greedy
452;2744462;100;10;1000;1000;0.9;5;1;9;instances/le450_5b.col;450;5734;greedy
449;2694417;100;10;1000;1000;0.9;5;1;9;instances/le450_5b.col;450;5734;greedy
455;2611467;100;10;1000;1000;0.9;5;0;9;instances/le450_5b.col;450;5734;greedy
454;2661904;100;10;1000;1000;0.9;5;0;9;instances/le450_5b.col;450;5734;greedy
451;2564232;100;10;1000;1000;0.9;5;1;9;instances/le450_5b.col;450;5734;greedy
456;2703408;100;10;1000;1000;0.9;5;0;9;instances/le450_5b.col;450;5734;greedy
453;2640745;100;10;1000;1000;0.9;5;2;9;instances/le450_5b.col;450;5734;greedy
456;2639386;100;10;1000;1000;0.9;5;0;9;instances/le450_5b.col;450;5734;greedy
456;2716969;100;10;1000;1000;0.9;5;0;9;instances/le450_5b.col;450;5734;greedy
456;2759300;100;10;1000;1000;0.9;5;0;9;instances/le450_5b.col;450;5734;greedy
456;2780055;100;10;1000;1000;0.9;5;0;9;instances/le450_5b.col;450;5734;greedy
454;4680023;100;10;1000;1000;0.9;5;0;9;instances/le450_5b.col;450;5734;greedy
456;2726932;100;10;1000;1000;0.9;5;0;9;instances/le450_5b.col;450;5734;greedy
454;2673773;100;10;1000;1000;0.9;5;0;9;instances/le450_5b.col;450;5734;greedy
456;2664330;100;10;1000;1000;0.9;5;0;9;instances/le450_5b.col;450;5734;greedy
455;2691472;100;10;1000;1000;0.9;5;0;9;instances/le450_5b.col;450;5734;greedy
456;2618700;100;10;1000;1000;0.9;5;0;9;instances/le450_5b.col;450;5734;greedy
456;2642866;100;10;1000;1000;0.9;5;0;9;instances/le450_5b.col;450;5734;greedy
453;2690037;100;10;1000;1000;0.9;5;2;9;instances/le450_5b.col;450;5734;greedy
456;2725255;100;10;1000;1000;0.9;5;0;9;instances/le450_5b.col;450;5734;greedy
456;2710572;100;10;1000;1000;0.9;5;0;9;instances/le450_5b.col;450;5734;greedy
456;2714648;100;10;1000;1000;0.9;5;0;9;instances/le450_5b.col;450;5734;greedy
456;4532648;100;10;1000;1000;0.9;5;0;9;instances/le450_5b.col;450;5734;greedy
456;2792175;100;10;1000;1000;0.9;5;0;9;instances/le450_5b.col;450;5734;greedy
456;2684909;100;10;1000;1000;0.9;5;0;9;instances/le450_5b.col;450;5734;greedy
456;2647636;100;10;1000;1000;0.9;5;0;9;instances/le450_5b.col;450;5734;greedy
456;2580966;100;10;1000;1000;0.9;5;0;9;instances/le450_5b.col;450;5734;greedy
453;2557330;100;10;1000;1000;0.9;5;0;9;instances/le450_5b.col;450;5734;greedy
456;2686163;100;10;1000;1000;0.9;5;0;9;instances/le450_5b.col;450;5734;greedy
456;2720979;100;10;1000;1000;0.9;5;0;9;instances/le450_5b.col;450;5734;greedy
454;2680608;100;10;1000;1000;0.9;5;0;9;instances/le450_5b.col;450;5734;greedy
452;2684983;100;10;1000;1000;0.9;5;0;9;instances/le450_5b.col;450;5734;greedy
455;2715231;100;10;1000;1000;0.9;5;1;9;instances/le450_5b.col;450;5734;greedy
455;2692171;100;10;1000;1000;0.9;5;0;9;instances/le450_5b.col;450;5734;greedy
456;4490568;100;10;1000;1000;0.9;5;0;9;instances/le450_5b.col;450;5734;greedy
456;2851356;100;10;1000;1000;0.9;5;0;9;instances/le450_5b.col;450;5734;greedy
456;2685565;100;10;1000;1000;0.9;5;0;9;instances/le450_5b.col;450;5734;greedy
456;2634162;100;10;1000;1000;0.9;5;0;9;instances/le450_5b.col;450;5734;greedy
456;2610304;100;10;1000;1000;0.9;5;0;9;instances/le450_5b.col;450;5734;greedy
453;2647386;100;10;1000;1000;0.9;5;0;9;instances/le450_5b.col;450;5734;greedy
456;2621513;100;10;1000;1000;0.9;5;0;9;instances/le450_5b.col;450;5734;greedy
456;2616202;100;10;1000;1000;0.9;5;0;9;instances/le450_5b.col;450;5734;greedy
455;2609830;100;10;1000;1000;0.9;5;0;9;instances/le450_5b.col;450;5734;greedy
456;2712523;100;10;1000;1000;0.9;5;0;9;instances/le450_5b.col;450;5734;greedy
456;2705512;100;10;1000;1000;0.9;5;0;9;instances/le450_5b.col;450;5734;greedy
456;2789751;100;10;1000;1000;0.9;5;0;9;instances/le450_5b.col;450;5734;greedy
456;4575536;100;10;1000;1000;0.9;5;0;9;instances/le450_5b.col;450;5734;greedy
456;2793912;100;10;1000;1000;0.9;5;0;9;instances/le450_5b.col;450;5734;greedy
453;2661980;100;10;1000;1000;0.9;5;0;9;instances/le450_5b.col;450;5734;greedy
455;2615914;100;10;1000;1000;0.9;5;0;9;instances/le450_5b.col;450;5734;greedy
456;2608329;100;10;1000;1000;0.9;5;0;9;instances/le450_5b.col;450;5734;greedy
443;2622810;100;10;1000;1000;0.9;5;4;9;instances/le450_5b.col;450;5734;greedy
456;2614926;100;10;1000;1000;0.9;5;0;9;instances/le450_5b.col;450;5734;greedy
456;2644507;100;10;1000;1000;0.9;5;0;9;instances/le450_5b.col;450;5734;greedy
448;2653777;100;10;1000;1000;0.9;5;5;9;instances/le450_5b.col;450;5734;greedy
456;2670611;100;10;1000;1000;0.9;5;0;9;instances/le450_5b.col;450;5734;greedy
456;2696998;100;10;1000;1000;0.9;5;0;9;instances/le450_5b.col;450;5734;greedy
456;2701094;100;10;1000;1000;0.9;5;0;9;instances/le450_5b.col;450;5734;greedy
450;4566458;100;10;1000;1000;0.9;5;1;9;instances/le450_5b.col;450;5734;greedy
456;2779400;100;10;1000;1000;0.9;5;0;9;instances/le450_5b.col;450;5734;greedy
456;2677281;100;10;1000;1000;0.9;5;0;9;instances/le450_5b.col;450;5734;greedy
813;2525778;100;10;1000;1000;0.9;5;33713;9;instances/le450_5b.col;450;5734;random
802;2553029;100;10;1000;1000;0.9;5;34613;9;instances/le450_5b.col;450;5734;random
832;2577333;100;10;1000;1000;0.9;5;33364;9;instances/le450_5b.col;450;5734;random
838;2595267;100;10;1000;1000;0.9;5;31962;9;instances/le450_5b.col;450;5734;random
822;2603331;100;10;1000;1000;0.9;5;30055;9;instances/le450_5b.col;450;5734;random
840;2687821;100;10;1000;1000;0.9;5;8685;9;instances/le450_5b.col;450;5734;random
815;2730020;100;10;1000;1000;0.9;5;32998;9;instances/le450_5b.col;450;5734;random
815;2789874;100;10;1000;1000;0.9;5;26511;9;instances/le450_5b.col;450;5734;random
834;5237685;100;10;1000;1000;0.9;5;33145;9;instances/le450_5b.col;450;5734;random
818;2759850;100;10;1000;1000;0.9;5;30107;9;instances/le450_5b.col;450;5734;random
796;14137926;100;10;1000;5000;0.9;5;167027;9;instances/le450_5b.col;450;5734;random
789;14206588;100;10;1000;5000;0.9;5;162172;9;instances/le450_5b.col;450;5734;random
822;14148198;100;10;1000;5000;0.9;5;153374;9;instances/le450_5b.col;450;5734;random
818;14382799;100;10;1000;5000;0.9;5;161743;9;instances/le450_5b.col;450;5734;random
814;14094146;100;10;1000;5000;0.9;5;162577;9;instances/le450_5b.col;450;5734;random
794;14276763;100;10;1000;5000;0.9;5;152708;9;instances/le450_5b.col;450;5734;random
788;14238791;100;10;1000;5000;0.9;5;165732;9;instances/le450_5b.col;450;5734;random
793;14132931;100;10;1000;5000;0.9;5;168196;9;instances/le450_5b.col;450;5734;random
816;14134595;100;10;1000;5000;0.9;5;164376;9;instances/le450_5b.col;450;5734;random
820;14261577;100;10;1000;5000;0.9;5;156662;9;instances/le450_5b.col;450;5734;random
790;14160397;100;10;1000;5000;0.9;5;172538;9;instances/le450_5b.col;450;5734;random
814;14232320;100;10;1000;5000;0.9;5;165126;9;instances/le450_5b.col;450;5734;random
777;14169006;100;10;1000;5000;0.9;5;167450;9;instances/le450_5b.col;450;5734;random
826;14565951;100;10;1000;5000;0.9;5;158658;9;instances/le450_5b.col;450;5734;random
807;14258642;100;10;1000;5000;0.9;5;167645;9;instances/le450_5b.col;450;5734;random
815;14264708;100;10;1000;5000;0.9;5;161802;9;instances/le450_5b.col;450;5734;random
804;14155327;100;10;1000;5000;0.9;5;166639;9;instances/le450_5b.col;450;5734;random
810;14356830;100;10;1000;5000;0.9;5;89169;9;instances/le450_5b.col;450;5734;random
825;14050219;100;10;1000;5000;0.9;5;167025;9;instances/le450_5b.col;450;5734;random
799;14199795;100;10;1000;5000;0.9;5;161844;9;instances/le450_5b.col;450;5734;random
814;15681002;100;10;1000;5000;0.9;5;129938;9;instances/le450_5b.col;450;5734;random
823;13346413;100;10;1000;5000;0.9;5;150404;9;instances/le450_5b.col;450;5734;random
813;15644286;100;10;1000;5000;0.9;5;159283;9;instances/le450_5b.col;450;5734;random
801;13181168;100;10;1000;5000;0.9;5;168263;9;instances/le450_5b.col;450;5734;random
817;13713113;100;10;1000;5000;0.9;5;105059;9;instances/le450_5b.col;450;5734;random
806;15088057;100;10;1000;5000;0.9;5;172353;9;instances/le450_5b.col;450;5734;random
803;13445303;100;10;1000;5000;0.9;5;157637;9;instances/le450_5b.col;450;5734;random
801;15495735;100;10;1000;5000;0.9;5;172682;9;instances/le450_5b.col;450;5734;random
794;13202867;100;10;1000;5000;0.9;5;167266;9;instances/le450_5b.col;450;5734;random
805;15827008;100;10;1000;5000;0.9;5;167719;9;instances/le450_5b.col;450;5734;random
