102;5786941;100;10;1000;1000;0.9;25;0;9;instances/le450_25d.col;450;17425;greedy
102;6017864;100;10;1000;1000;0.9;25;0;9;instances/le450_25d.col;450;17425;greedy
102;7424030;100;10;1000;1000;0.9;25;0;9;instances/le450_25d.col;450;17425;greedy
102;5805141;100;10;1000;1000;0.9;25;0;9;instances/le450_25d.col;450;17425;greedy
102;5742767;100;10;1000;1000;0.9;25;0;9;instances/le450_25d.col;450;17425;greedy
102;5777508;100;10;1000;1000;0.9;25;0;9;instances/le450_25d.col;450;17425;greedy
102;5819150;100;10;1000;1000;0.9;25;0;9;instances/le450_25d.col;450;17425;greedy
102;6114512;100;10;1000;1000;0.9;25;0;9;instances/le450_25d.col;450;17425;greedy
102;7779057;100;10;1000;1000;0.9;25;0;9;instances/le450_25d.col;450;17425;greedy
102;6182796;100;10;1000;1000;0.9;25;0;9;instances/le450_25d.col;450;17425;greedy
102;6083149;100;10;1000;1000;0.9;25;0;9;instances/le450_25d.col;450;17425;greedy
102;5877525;100;10;1000;1000;0.9;25;0;9;instances/le450_25d.col;450;17425;greedy
102;5955708;100;10;1000;1000;0.9;25;0;9;instances/le450_25d.col;450;17425;greedy
102;7579921;100;10;1000;1000;0.9;25;0;9;instances/le450_25d.col;450;17425;greedy
102;5839154;100;10;1000;1000;0.9;25;0;9;instances/le450_25d.col;450;17425;greedy
102;5876832;100;10;1000;1000;0.9;25;0;9;instances/le450_25d.col;450;17425;greedy
102;5813277;100;10;1000;1000;0.9;25;0;9;instances/le450_25d.col;450;17425;greedy
102;5823243;100;10;1000;1000;0.9;25;0;9;instances/le450_25d.col;450;17425;greedy
102;5819869;100;10;1000;1000;0.9;25;0;9;instances/le450_25d.col;450;17425;greedy
102;7455181;100;10;1000;1000;0.9;25;0;9;instances/le450_25d.col;450;17425;greedy
102;5828565;100;10;1000;1000;0.9;25;0;9;instances/le450_25d.col;450;17425;greedy
102;5773586;100;10;1000;1000;0.9;25;0;9;instances/le450_25d.col;450;17425;greedy
102;5825681;100;10;1000;1000;0.9;25;0;9;instances/le450_25d.col;450;17425;greedy
102;5786758;100;10;1000;1000;0.9;25;0;9;instances/le450_25d.col;450;17425;greedy
102;7405468;100;10;1000;1000;0.9;25;0;9;instances/le450_25d.col;450;17425;greedy
102;5770477;100;10;1000;1000;0.9;25;0;9;instances/le450_25d.col;450;17425;greedy
102;5896191;100;10;1000;1000;0.9;25;0;9;instances/le450_25d.col;450;17425;greedy
102;5769056;100;10;1000;1000;0.9;25;0;9;instances/le450_25d.col;450;17425;greedy
102;5797789;100;10;1000;1000;0.9;25;0;9;instances/le450_25d.col;450;17425;greedy
102;5723585;100;10;1000;1000;0.9;25;0;9;instances/le450_25d.col;450;17425;greedy
102;7517103;100;10;1000;1000;0.9;25;0;9;instances/le450_25d.col;450;17425;greedy
102;5839893;100;10;1000;1000;0.9;25;0;9;instances/le450_25d.col;450;17425;greedy
102;5827917;100;10;1000;1000;0.9;25;0;9;instances/le450_25d.col;450;17425;greedy
102;5799600;100;10;1000;1000;0.9;25;0;9;instances/le450_25d.col;450;17425;greedy
102;5804646;100;10;1000;1000;0.9;25;0;9;instances/le450_25d.col;450;17425;greedy
102;7503153;100;10;1000;1000;0.9;25;0;9;instances/le450_25d.col;450;17425;greedy
102;5842764;100;10;1000;1000;0.9;25;0;9;instances/le450_25d.col;450;17425;greedy
102;5809709;100;10;1000;1000;0.9;25;0;9;instances/le450_25d.col;450;17425;greedy
102;5781858;100;10;1000;1000;0.9;25;0;9;instances/le450_25d.col;450;17425;greedy
102;5789940;100;10;1000;1000;0.9;25;0;9;instances/le450_25d.col;450;17425;greedy
102;5763459;100;10;1000;1000;0.9;25;0;9;instances/le450_25d.col;450;17425;greedy
102;7397918;100;10;1000;1000;0.9;25;0;9;instances/le450_25d.col;450;17425;greedy
102;5813105;100;10;1000;1000;0.9;25;0;9;instances/le450_25d.col;450;17425;greedy
102;5742351;100;10;1000;1000;0.9;25;0;9;instances/le450_25d.col;450;17425;greedy
102;5779777;100;10;1000;1000;0.9;25;0;9;instances/le450_25d.col;450;17425;greedy
102;5789173;100;10;1000;1000;0.9;25;0;9;instances/le450_25d.col;450;17425;greedy
102;7439112;100;10;1000;1000;0.9;25;0;9;instances/le450_25d.col;450;17425;greedy
102;5799100;100;10;1000;1000;0.9;25;0;9;instances/le450_25d.col;450;17425;greedy
102;5782919;100;10;1000;1000;0.9;25;0;9;instances/le450_25d.col;450;17425;greedy
102;5790437;100;10;1000;1000;0.9;25;0;9;instances/le450_25d.col;450;17425;greedy
102;5837215;100;10;1000;1000;0.9;25;0;9;instances/le450_25d.col;450;17425;greedy
102;5743539;100;10;1000;1000;0.9;25;0;9;instances/le450_25d.col;450;17425;greedy
102;7454221;100;10;1000;1000;0.9;25;0;9;instances/le450_25d.col;450;17425;greedy
102;5748710;100;10;1000;1000;0.9;25;0;9;instances/le450_25d.col;450;17425;greedy
102;5808374;100;10;1000;1000;0.9;25;0;9;instances/le450_25d.col;450;17425;greedy
102;5762349;100;10;1000;1000;0.9;25;0;9;instances/le450_25d.col;450;17425;greedy
102;5756035;100;10;1000;1000;0.9;25;0;9;instances/le450_25d.col;450;17425;greedy
102;5777510;100;10;1000;1000;0.9;25;0;9;instances/le450_25d.col;450;17425;greedy
102;7425146;100;10;1000;1000;0.9;25;0;9;instances/le450_25d.col;450;17425;greedy
102;5790692;100;10;1000;1000;0.9;25;0;9;instances/le450_25d.col;450;17425;greedy
102;5676082;100;10;1000;1000;0.9;25;0;9;instances/le450_25d.col;450;17425;greedy
102;5649170;100;10;1000;1000;0.9;25;0;9;instances/le450_25d.col;450;17425;greedy
102;5687763;100;10;1000;1000;0.9;25;0;9;instances/le450_25d.col;450;17425;greedy
102;7523356;100;10;1000;1000;0.9;25;0;9;instances/le450_25d.col;450;17425;greedy
102;5813597;100;10;1000;1000;0.9;25;0;9;instances/le450_25d.col;450;17425;greedy
102;5796170;100;10;1000;1000;0.9;25;0;9;instances/le450_25d.col;450;17425;greedy
102;5698606;100;10;1000;1000;0.9;25;0;9;instances/le450_25d.col;450;17425;greedy
102;5763874;100;10;1000;1000;0.9;25;0;9;instances/le450_25d.col;450;17425;greedy
102;5744088;100;10;1000;1000;0.9;25;0;9;instances/le450_25d.col;450;17425;greedy
102;7381501;100;10;1000;1000;0.9;25;0;9;instances/le450_25d.col;450;17425;greedy
102;5750228;100;10;1000;1000;0.9;25;0;9;instances/le450_25d.col;450;17425;greedy
102;5793645;100;10;1000;1000;0.9;25;0;9;instances/le450_25d.col;450;17425;greedy
102;5818623;100;10;1000;1000;0.9;25;0;9;instances/le450_25d.col;450;17425;greedy
102;5765776;100;10;1000;1000;0.9;25;0;9;instances/le450_25d.col;450;17425;greedy
102;7445696;100;10;1000;1000;0.9;25;0;9;instances/le450_25d.col;450;17425;greedy
102;5749903;100;10;1000;1000;0.9;25;0;9;instances/le450_25d.col;450;17425;greedy
102;5779230;100;10;1000;1000;0.9;25;0;9;instances/le450_25d.col;450;17425;greedy
102;5760143;100;10;1000;1000;0.9;25;0;9;instances/le450_25d.col;450;17425;greedy
102;5765798;100;10;1000;1000;0.9;25;0;9;instances/le450_25d.col;450;17425;greedy
102;5757726;100;10;1000;1000;0.9;25;0;9;instances/le450_25d.col;450;17425;greedy
102;7368117;100;10;1000;1000;0.9;25;0;9;instances/le450_25d.col;450;17425;greedy
102;5752379;100;10;1000;1000;0.9;25;0;9;instances/le450_25d.col;450;17425;greedy
102;5732440;100;10;1000;1000;0.9;25;0;9;instances/le450_25d.col;450;17425;greedy
102;5845561;100;10;1000;1000;0.9;25;0;9;instances/le450_25d.col;450;17425;greedy
102;5715033;100;10;1000;1000;0.9;25;0;9;instances/le450_25d.col;450;17425;greedy
102;5872667;100;10;1000;1000;0.9;25;0;9;instances/le450_25d.col;450;17425;greedy
102;7479915;100;10;1000;1000;0.9;25;0;9;instances/le450_25d.col;450;17425;greedy
102;5786654;100;10;1000;1000;0.9;25;0;9;instances/le450_25d.col;450;17425;greedy
102;5855315;100;10;1000;1000;0.9;25;0;9;instances/le450_25d.col;450;17425;greedy
102;5747322;100;10;1000;1000;0.9;25;0;9;instances/le450_25d.col;450;17425;greedy
102;5847368;100;10;1000;1000;0.9;25;0;9;instances/le450_25d.col;450;17425;greedy
102;7492254;100;10;1000;1000;0.9;25;0;9;instances/le450_25d.col;450;17425;greedy
102;5768515;100;10;1000;1000;0.9;25;0;9;instances/le450_25d.col;450;17425;greedy
102;5864200;100;10;1000;1000;0.9;25;0;9;instances/le450_25d.col;450;17425;greedy
102;5777864;100;10;1000;1000;0.9;25;0;9;instances/le450_25d.col;450;17425;greedy
102;5798641;100;10;1000;1000;0.9;25;0;9;instances/le450_25d.col;450;17425;greedy
102;5806117;100;10;1000;1000;0.9;25;0;9;instances/le450_25d.col;450;17425;greedy
102;7433464;100;10;1000;1000;0.9;25;0;9;instances/le450_25d.col;450;17425;greedy
102;5793836;100;10;1000;1000;0.9;25;0;9;instances/le450_25d.col;450;17425;greedy
102;5744824;100;10;1000;1000;0.9;25;0;9;instances/le450_25d.col;450;17425;greedy
592;5691078;100;10;1000;1000;0.9;25;32108;9;instances/le450_25d.col;450;17425;random
561;8350738;100;10;1000;1000;0.9;25;32748;9;instances/le450_25d.col;450;17425;random
570;5771161;100;10;1000;1000;0.9;25;30710;9;instances/le450_25d.col;450;17425;random
575;5526235;100;10;1000;1000;0.9;25;31442;9;instances/le450_25d.col;450;17425;random
561;5537457;100;10;1000;1000;0.9;25;28753;9;instances/le450_25d.col;450;17425;random
575;5528423;100;10;1000;1000;0.9;25;22080;9;instances/le450_25d.col;450;17425;random
559;5800628;100;10;1000;1000;0.9;25;28308;9;instances/le450_25d.col;450;17425;random
566;8411296;100;10;1000;1000;0.9;25;30947;9;instances/le450_25d.col;450;17425;random
556;5640956;100;10;1000;1000;0.9;25;32910;9;instances/le450_25d.col;450;17425;random
552;5490615;100;10;1000;1000;0.9;25;28460;9;instances/le450_25d.col;450;17425;random
552;30755550;100;10;1000;5000;0.9;25;159085;9;instances/le450_25d.col;450;17425;random
549;30737548;100;10;1000;5000;0.9;25;135740;9;instances/le450_25d.col;450;17425;random
555;30606802;100;10;1000;5000;0.9;25;119038;9;instances/le450_25d.col;450;17425;random
553;30654527;100;10;1000;5000;0.9;25;164062;9;instances/le450_25d.col;450;17425;random
559;31132178;100;10;1000;5000;0.9;25;149938;9;instances/le450_25d.col;450;17425;random
553;30786630;100;10;1000;5000;0.9;25;134181;9;instances/le450_25d.col;450;17425;random
561;30998249;100;10;1000;5000;0.9;25;132699;9;instances/le450_25d.col;450;17425;random
546;31376461;100;10;1000;5000;0.9;25;147944;9;instances/le450_25d.col;450;17425;random
549;31851940;100;10;1000;5000;0.9;25;135190;9;instances/le450_25d.col;450;17425;random
546;31254767;100;10;1000;5000;0.9;25;151049;9;instances/le450_25d.col;450;17425;random
552;30619720;100;10;1000;5000;0.9;25;162362;9;instances/le450_25d.col;450;17425;random
553;31187107;100;10;1000;5000;0.9;25;150517;9;instances/le450_25d.col;450;17425;random
529;30580049;100;10;1000;5000;0.9;25;157710;9;instances/le450_25d.col;450;17425;random
550;30654283;100;10;1000;5000;0.9;25;149008;9;instances/le450_25d.col;450;17425;random
549;30396457;100;10;1000;5000;0.9;25;152312;9;instances/le450_25d.col;450;17425;random
540;30612234;100;10;1000;5000;0.9;25;161993;9;instances/le450_25d.col;450;17425;random
559;30637572;100;10;1000;5000;0.9;25;160116;9;instances/le450_25d.col;450;17425;random
544;30645319;100;10;1000;5000;0.9;25;158306;9;instances/le450_25d.col;450;17425;random
552;30506713;100;10;1000;5000;0.9;25;155225;9;instances/le450_25d.col;450;17425;random
548;30744394;100;10;1000;5000;0.9;25;124932;9;instances/le450_25d.col;450;17425;random
550;31058192;100;10;1000;5000;0.9;25;158636;9;instances/le450_25d.col;450;17425;random
549;30908651;100;10;1000;5000;0.9;25;143288;9;instances/le450_25d.col;450;17425;random
532;30817158;100;10;1000;5000;0.9;25;162609;9;instances/le450_25d.col;450;17425;random
544;30655501;100;10;1000;5000;0.9;25;165057;9;instances/le450_25d.col;450;17425;random
553;30570339;100;10;1000;5000;0.9;25;164189;9;instances/le450_25d.col;450;17425;random
539;30742220;100;10;1000;5000;0.9;25;162621;9;instances/le450_25d.col;450;17425;random
551;29117987;100;10;1000;5000;0.9;25;125583;9;instances/le450_25d.col;450;17425;random
544;31162310;100;10;1000;5000;0.9;25;158882;9;instances/le450_25d.col;450;17425;random
549;30968808;100;10;1000;5000;0.9;25;157807;9;instances/le450_25d.col;450;17425;random
547;30898267;100;10;1000;5000;0.9;25;156524;9;instances/le450_25d.col;450;17425;random
