7;2591709;100;10;1000;1000;0.9;25;0;9;instances/le450_25b.col;450;8263;greedy
7;2592084;100;10;1000;1000;0.9;25;0;9;instances/le450_25b.col;450;8263;greedy
7;2600256;100;10;1000;1000;0.9;25;0;9;instances/le450_25b.col;450;8263;greedy
7;2579210;100;10;1000;1000;0.9;25;0;9;instances/le450_25b.col;450;8263;greedy
7;4210526;100;10;1000;1000;0.9;25;0;9;instances/le450_25b.col;450;8263;greedy
7;2600664;100;10;1000;1000;0.9;25;0;9;instances/le450_25b.col;450;8263;greedy
7;2592973;100;10;1000;1000;0.9;25;0;9;instances/le450_25b.col;450;8263;greedy
7;2733943;100;10;1000;1000;0.9;25;0;9;instances/le450_25b.col;450;8263;greedy
7;2771857;100;10;1000;1000;0.9;25;0;9;instances/le450_25b.col;450;8263;greedy
7;2698600;100;10;1000;1000;0.9;25;0;9;instances/le450_25b.col;450;8263;greedy
7;2639055;100;10;1000;1000;0.9;25;0;9;instances/le450_25b.col;450;8263;greedy
7;2613933;100;10;1000;1000;0.9;25;0;9;instances/le450_25b.col;450;8263;greedy
7;2606093;100;10;1000;1000;0.9;25;0;9;instances/le450_25b.col;450;8263;greedy
7;2628857;100;10;1000;1000;0.9;25;0;9;instances/le450_25b.col;450;8263;greedy
7;2576650;100;10;1000;1000;0.9;25;0;9;instances/le450_25b.col;450;8263;greedy
7;2624913;100;10;1000;1000;0.9;25;0;9;instances/le450_25b.col;450;8263;greedy
7;4254504;100;10;1000;1000;0.9;25;0;9;instances/le450_25b.col;450;8263;greedy
7;2569918;100;10;1000;1000;0.9;25;0;9;instances/le450_25b.col;450;8263;greedy
7;2606002;100;10;1000;1000;0.9;25;0;9;instances/le450_25b.col;450;8263;greedy
7;2576438;100;10;1000;1000;0.9;25;0;9;instances/le450_25b.col;450;8263;greedy
7;2579724;100;10;1000;1000;0.9;25;0;9;instances/le450_25b.col;450;8263;greedy
7;2595352;100;10;1000;1000;0.9;25;0;9;instances/le450_25b.col;450;8263;greedy
7;2575516;100;10;1000;1000;0.9;25;0;9;instances/le450_25b.col;450;8263;greedy
7;2572235;100;10;1000;1000;0.9;25;0;9;instances/le450_25b.col;450;8263;greedy
7;2560805;100;10;1000;1000;0.9;25;0;9;instances/le450_25b.col;450;8263;greedy
7;2543443;100;10;1000;1000;0.9;25;0;9;instances/le450_25b.col;450;8263;greedy
7;2615346;100;10;1000;1000;0.9;25;0;9;instances/le450_25b.col;450;8263;greedy
7;2555429;100;10;1000;1000;0.9;25;0;9;instances/le450_25b.col;450;8263;greedy
7;2574972;100;10;1000;1000;0.9;25;0;9;instances/le450_25b.col;450;8263;greedy
7;4244306;100;10;1000;1000;0.9;25;0;9;instances/le450_25b.col;450;8263;greedy
7;2592379;100;10;1000;1000;0.9;25;0;9;instances/le450_25b.col;450;8263;greedy
7;2665052;100;10;1000;1000;0.9;25;0;9;instances/le450_25b.col;450;8263;greedy
7;2547510;100;10;1000;1000;0.9;25;0;9;instances/le450_25b.col;450;8263;greedy
7;2544054;100;10;1000;1000;0.9;25;0;9;instances/le450_25b.col;450;8263;greedy
7;2585073;100;10;1000;1000;0.9;25;0;9;instances/le450_25b.col;450;8263;greedy
7;2544830;100;10;1000;1000;0.9;25;0;9;instances/le450_25b.col;450;8263;greedy
7;2578387;100;10;1000;1000;0.9;25;0;9;instances/le450_25b.col;450;8263;greedy
7;2577547;100;10;1000;1000;0.9;25;0;9;instances/le450_25b.col;450;8263;greedy
7;2565638;100;10;1000;1000;0.9;25;0;9;instances/le450_25b.col;450;8263;greedy
7;2610346;100;10;1000;1000;0.9;25;0;9;instances/le450_25b.col;450;8263;greedy
7;2538031;100;10;1000;1000;0.9;25;0;9;instances/le450_25b.col;450;8263;greedy
7;4270392;100;10;1000;1000;0.9;25;0;9;instances/le450_25b.col;450;8263;greedy
7;2579627;100;10;1000;1000;0.9;25;0;9;instances/le450_25b.col;450;8263;greedy
7;2547685;100;10;1000;1000;0.9;25;0;9;instances/le450_25b.col;450;8263;greedy
7;2569924;100;10;1000;1000;0.9;25;0;9;instances/le450_25b.col;450;8263;greedy
7;2570003;100;10;1000;1000;0.9;25;0;9;instances/le450_25b.col;450;8263;greedy
7;2546112;100;10;1000;1000;0.9;25;0;9;instances/le450_25b.col;450;8263;greedy
7;2565506;100;10;1000;1000;0.9;25;0;9;instances/le450_25b.col;450;8263;greedy
7;2576668;100;10;1000;1000;0.9;25;0;9;instances/le450_25b.col;450;8263;greedy
7;2597897;100;10;1000;1000;0.9;25;0;9;instances/le450_25b.col;450;8263;greedy
7;2578576;100;10;1000;1000;0.9;25;0;9;instances/le450_25b.col;450;8263;greedy
7;2589499;100;10;1000;1000;0.9;25;0;9;instances/le450_25b.col;450;8263;greedy
7;2563832;100;10;1000;1000;0.9;25;0;9;instances/le450_25b.col;450;8263;greedy
7;2630735;100;10;1000;1000;0.9;25;0;9;instances/le450_25b.col;450;8263;greedy
7;4275715;100;10;1000;1000;0.9;25;0;9;instances/le450_25b.col;450;8263;greedy
7;2556068;100;10;1000;1000;0.9;25;0;9;instances/le450_25b.col;450;8263;greedy
7;2616073;100;10;1000;1000;0.9;25;0;9;instances/le450_25b.col;450;8263;greedy
7;2603178;100;10;1000;1000;0.9;25;0;9;instances/le450_25b.col;450;8263;greedy
7;2556021;100;10;1000;1000;0.9;25;0;9;instances/le450_25b.col;450;8263;greedy
7;2560755;100;10;1000;1000;0.9;25;0;9;instances/le450_25b.col;450;8263;greedy
7;2559976;100;10;1000;1000;0.9;25;0;9;instances/le450_25b.col;450;8263;greedy
7;2538509;100;10;1000;1000;0.9;25;0;9;instances/le450_25b.col;450;8263;greedy
7;2578503;100;10;1000;1000;0.9;25;0;9;instances/le450_25b.col;450;8263;greedy
7;2569900;100;10;1000;1000;0.9;25;0;9;instances/le450_25b.col;450;8263;greedy
7;2564197;100;10;1000;1000;0.9;25;0;9;instances/le450_25b.col;450;8263;greedy
7;2556979;100;10;1000;1000;0.9;25;0;9;instances/le450_25b.col;450;8263;greedy
7;4230555;100;10;1000;1000;0.9;25;0;9;instances/le450_25b.col;450;8263;greedy
7;2569556;100;10;1000;1000;0.9;25;0;9;instances/le450_25b.col;450;8263;greedy
7;2589278;100;10;1000;1000;0.9;25;0;9;instances/le450_25b.col;450;8263;greedy
7;2573676;100;10;1000;1000;0.9;25;0;9;instances/le450_25b.col;450;8263;greedy
7;2568589;100;10;1000;1000;0.9;25;0;9;instances/le450_25b.col;450;8263;greedy
7;2580650;100;10;1000;1000;0.9;25;0;9;instances/le450_25b.col;450;8263;greedy
7;2614425;100;10;1000;1000;0.9;25;0;9;instances/le450_25b.col;450;8263;greedy
7;2579631;100;10;1000;1000;0.9;25;0;9;instances/le450_25b.col;450;8263;greedy
7;2557910;100;10;1000;1000;0.9;25;0;9;instances/le450_25b.col;450;8263;greedy
7;2599032;100;10;1000;1000;0.9;25;0;9;instances/le450_25b.col;450;8263;greedy
7;2591702;100;10;1000;1000;0.9;25;0;9;instances/le450_25b.col;450;8263;greedy
7;2590358;100;10;1000;1000;0.9;25;0;9;instances/le450_25b.col;450;8263;greedy
7;2561182;100;10;1000;1000;0.9;25;0;9;instances/le450_25b.col;450;8263;greedy
7;4252398;100;10;1000;1000;0.9;25;0;9;instances/le450_25b.col;450;8263;greedy
7;2580319;100;10;1000;1000;0.9;25;0;9;instances/le450_25b.col;450;8263;greedy
7;2592674;100;10;1000;1000;0.9;25;0;9;instances/le450_25b.col;450;8263;greedy
7;2594634;100;10;1000;1000;0.9;25;0;9;instances/le450_25b.col;450;8263;greedy
7;2618643;100;10;1000;1000;0.9;25;0;9;instances/le450_25b.col;450;8263;greedy
7;2567341;100;10;1000;1000;0.9;25;0;9;instances/le450_25b.col;450;8263;greedy
7;2575045;100;10;1000;1000;0.9;25;0;9;instances/le450_25b.col;450;8263;greedy
7;2586940;100;10;1000;1000;0.9;25;0;9;instances/le450_25b.col;450;8263;greedy
7;2547970;100;10;1000;1000;0.9;25;0;9;instances/le450_25b.col;450;8263;greedy
7;2563137;100;10;1000;1000;0.9;25;0;9;instances/le450_25b.col;450;8263;greedy
7;2574119;100;10;1000;1000;0.9;25;0;9;instances/le450_25b.col;450;8263;greedy
7;2618208;100;10;1000;1000;0.9;25;0;9;instances/le450_25b.col;450;8263;greedy
7;4292218;100;10;1000;1000;0.9;25;0;9;instances/le450_25b.col;450;8263;greedy
7;2547791;100;10;1000;1000;0.9;25;0;9;instances/le450_25b.col;450;8263;greedy
7;2619859;100;10;1000;1000;0.9;25;0;9;instances/le450_25b.col;450;8263;greedy
7;2574411;100;10;1000;1000;0.9;25;0;9;instances/le450_25b.col;450;8263;greedy
7;2569197;100;10;1000;1000;0.9;25;0;9;instances/le450_25b.col;450;8263;greedy
7;2546849;100;10;1000;1000;0.9;25;0;9;instances/le450_25b.col;450;8263;greedy
7;2544015;100;10;1000;1000;0.9;25;0;9;instances/le450_25b.col;450;8263;greedy
7;2566184;100;10;1000;1000;0.9;25;0;9;instances/le450_25b.col;450;8263;greedy
7;2575312;100;10;1000;1000;0.9;25;0;9;instances/le450_25b.col;450;8263;greedy
259;2711617;100;10;1000;1000;0.9;25;23692;9;instances/le450_25b.col;450;8263;random
262;2460548;100;10;1000;1000;0.9;25;2765;9;instances/le450_25b.col;450;8263;random
258;2474907;100;10;1000;1000;0.9;25;1599;9;instances/le450_25b.col;450;8263;random
248;2431993;100;10;1000;1000;0.9;25;28101;9;instances/le450_25b.col;450;8263;random
246;2485358;100;10;1000;1000;0.9;25;26749;9;instances/le450_25b.col;450;8263;random
249;2529821;100;10;1000;1000;0.9;25;18669;9;instances/le450_25b.col;450;8263;random
234;2532666;100;10;1000;1000;0.9;25;22061;9;instances/le450_25b.col;450;8263;random
262;2558383;100;10;1000;1000;0.9;25;27849;9;instances/le450_25b.col;450;8263;random
257;2598945;100;10;1000;1000;0.9;25;26436;9;instances/le450_25b.col;450;8263;random
250;2590887;100;10;1000;1000;0.9;25;23833;9;instances/le450_25b.col;450;8263;random
243;13585316;100;10;1000;5000;0.9;25;57389;9;instances/le450_25b.col;450;8263;random
242;13696844;100;10;1000;5000;0.9;25;128229;9;instances/le450_25b.col;450;8263;random
252;13581108;100;10;1000;5000;0.9;25;143403;9;instances/le450_25b.col;450;8263;random
252;13825856;100;10;1000;5000;0.9;25;143926;9;instances/le450_25b.col;450;8263;random
243;13572453;100;10;1000;5000;0.9;25;141551;9;instances/le450_25b.col;450;8263;random
249;14006513;100;10;1000;5000;0.9;25;108293;9;instances/le450_25b.col;450;8263;random
246;13521281;100;10;1000;5000;0.9;25;110001;9;instances/le450_25b.col;450;8263;random
240;13530351;100;10;1000;5000;0.9;25;112859;9;instances/le450_25b.col;450;8263;random
248;13547915;100;10;1000;5000;0.9;25;146023;9;instances/le450_25b.col;450;8263;random
240;13636500;100;10;1000;5000;0.9;25;141673;9;instances/le450_25b.col;450;8263;random
248;13674635;100;10;1000;5000;0.9;25;105052;9;instances/le450_25b.col;450;8263;random
248;13710924;100;10;1000;5000;0.9;25;107876;9;instances/le450_25b.col;450;8263;random
248;13594114;100;10;1000;5000;0.9;25;132033;9;instances/le450_25b.col;450;8263;random
254;13608738;100;10;1000;5000;0.9;25;110151;9;instances/le450_25b.col;450;8263;random
236;13735269;100;10;1000;5000;0.9;25;131739;9;instances/le450_25b.col;450;8263;random
247;13492202;100;10;1000;5000;0.9;25;92105;9;instances/le450_25b.col;450;8263;random
240;13586337;100;10;1000;5000;0.9;25;139651;9;instances/le450_25b.col;450;8263;random
240;13699126;100;10;1000;5000;0.9;25;137870;9;instances/le450_25b.col;450;8263;random
249;13660070;100;10;1000;5000;0.9;25;93628;9;instances/le450_25b.col;450;8263;random
248;13568168;100;10;1000;5000;0.9;25;91267;9;instances/le450_25b.col;450;8263;random
250;14762618;100;10;1000;5000;0.9;25;125591;9;instances/le450_25b.col;450;8263;random
249;13030623;100;10;1000;5000;0.9;25;136008;9;instances/le450_25b.col;450;8263;random
245;13065639;100;10;1000;5000;0.9;25;138338;9;instances/le450_25b.col;450;8263;random
238;14775081;100;10;1000;5000;0.9;25;106524;9;instances/le450_25b.col;450;8263;random
250;13133843;100;10;1000;5000;0.9;25;140596;9;instances/le450_25b.col;450;8263;random
248;14784206;100;10;1000;5000;0.9;25;141411;9;instances/le450_25b.col;450;8263;random
244;13033085;100;10;1000;5000;0.9;25;130354;9;instances/le450_25b.col;450;8263;random
217;13003589;100;10;1000;5000;0.9;25;143275;9;instances/le450_25b.col;450;8263;random
250;14751348;100;10;1000;5000;0.9;25;147061;9;instances/le450_25b.col;450;8263;random
245;13015014;100;10;1000;5000;0.9;25;145681;9;instances/le450_25b.col;450;8263;random
