100;5699821;100;10;1000;1000;0.9;25;0;9;instances/le450_25c.col;450;17343;greedy
100;7518645;100;10;1000;1000;0.9;25;0;9;instances/le450_25c.col;450;17343;greedy
100;5796274;100;10;1000;1000;0.9;25;0;9;instances/le450_25c.col;450;17343;greedy
100;5705688;100;10;1000;1000;0.9;25;0;9;instances/le450_25c.col;450;17343;greedy
100;5695130;100;10;1000;1000;0.9;25;0;9;instances/le450_25c.col;450;17343;greedy
100;5765213;100;10;1000;1000;0.9;25;0;9;instances/le450_25c.col;450;17343;greedy
100;5739794;100;10;1000;1000;0.9;25;0;9;instances/le450_25c.col;450;17343;greedy
100;7476263;100;10;1000;1000;0.9;25;0;9;instances/le450_25c.col;450;17343;greedy
100;5816710;100;10;1000;1000;0.9;25;0;9;instances/le450_25c.col;450;17343;greedy
100;5603445;100;10;1000;1000;0.9;25;0;9;instances/le450_25c.col;450;17343;greedy
100;5790857;100;10;1000;1000;0.9;25;0;9;instances/le450_25c.col;450;17343;greedy
100;5748564;100;10;1000;1000;0.9;25;0;9;instances/le450_25c.col;450;17343;greedy
100;5741565;100;10;1000;1000;0.9;25;0;9;instances/le450_25c.col;450;17343;greedy
100;7527181;100;10;1000;1000;0.9;25;0;9;instances/le450_25c.col;450;17343;greedy
100;5732632;100;10;1000;1000;0.9;25;0;9;instances/le450_25c.col;450;17343;greedy
100;5661967;100;10;1000;1000;0.9;25;0;9;instances/le450_25c.col;450;17343;greedy
100;5611347;100;10;1000;1000;0.9;25;0;9;instances/le450_25c.col;450;17343;greedy
100;5716401;100;10;1000;1000;0.9;25;0;9;instances/le450_25c.col;450;17343;greedy
100;7426249;100;10;1000;1000;0.9;25;0;9;instances/le450_25c.col;450;17343;greedy
100;5969629;100;10;1000;1000;0.9;25;0;9;instances/le450_25c.col;450;17343;greedy
100;5791841;100;10;1000;1000;0.9;25;0;9;instances/le450_25c.col;450;17343;greedy
100;5695490;100;10;1000;1000;0.9;25;0;9;instances/le450_25c.col;450;17343;greedy
100;5662893;100;10;1000;1000;0.9;25;0;9;instances/le450_25c.col;450;17343;greedy
100;5691683;100;10;1000;1000;0.9;25;0;9;instances/le450_25c.col;450;17343;greedy
100;7607731;100;10;1000;1000;0.9;25;0;9;instances/le450_25c.col;450;17343;greedy
100;5782721;100;10;1000;1000;0.9;25;0;9;instances/le450_25c.col;450;17343;greedy
100;5668736;100;10;1000;1000;0.9;25;0;9;instances/le450_25c.col;450;17343;greedy
100;5772298;100;10;1000;1000;0.9;25;0;9;instances/le450_25c.col;450;17343;greedy
100;5753624;100;10;1000;1000;0.9;25;0;9;instances/le450_25c.col;450;17343;greedy
100;5777318;100;10;1000;1000;0.9;25;0;9;instances/le450_25c.col;450;17343;greedy
100;5903264;100;10;1000;1000;0.9;25;0;9;instances/le450_25c.col;450;17343;greedy
99;5712674;100;10;1000;1000;0.9;25;0;9;instances/le450_25c.col;450;17343;greedy
100;5711710;100;10;1000;1000;0.9;25;0;9;instances/le450_25c.col;450;17343;greedy
100;5705352;100;10;1000;1000;0.9;25;0;9;instances/le450_25c.col;450;17343;greedy
100;5787360;100;10;1000;1000;0.9;25;0;9;instances/le450_25c.col;450;17343;greedy
100;7510393;100;10;1000;1000;0.9;25;0;9;instances/le450_25c.col;450;17343;greedy
100;5983222;100;10;1000;1000;0.9;25;0;9;instances/le450_25c.col;450;17343;greedy
100;5777385;100;10;1000;1000;0.9;25;0;9;instances/le450_25c.col;450;17343;greedy
100;5515014;100;10;1000;1000;0.9;25;0;9;instances/le450_25c.col;450;17343;greedy
100;5749538;100;10;1000;1000;0.9;25;0;9;instances/le450_25c.col;450;17343;greedy
100;5742521;100;10;1000;1000;0.9;25;0;9;instances/le450_25c.col;450;17343;greedy
100;7630954;100;10;1000;1000;0.9;25;0;9;instances/le450_25c.col;450;17343;greedy
100;5609061;100;10;1000;1000;0.9;25;0;9;instances/le450_25c.col;450;17343;greedy
100;5627322;100;10;1000;1000;0.9;25;0;9;instances/le450_25c.col;450;17343;greedy
100;5765964;100;10;1000;1000;0.9;25;0;9;instances/le450_25c.col;450;17343;greedy
100;5730296;100;10;1000;1000;0.9;25;0;9;instances/le450_25c.col;450;17343;greedy
100;7618175;100;10;1000;1000;0.9;25;0;9;instances/le450_25c.col;450;17343;greedy
100;5855350;100;10;1000;1000;0.9;25;0;9;instances/le450_25c.col;450;17343;greedy
100;5625138;100;10;1000;1000;0.9;25;0;9;instances/le450_25c.col;450;17343;greedy
100;5592442;100;10;1000;1000;0.9;25;0;9;instances/le450_25c.col;450;17343;greedy
100;5711594;100;10;1000;1000;0.9;25;0;9;instances/le450_25c.col;450;17343;greedy
100;5802877;100;10;1000;1000;0.9;25;0;9;instances/le450_25c.col;450;17343;greedy
100;7697611;100;10;1000;1000;0.9;25;0;9;instances/le450_25c.col;450;17343;greedy
100;5673019;100;10;1000;1000;0.9;25;0;9;instances/le450_25c.col;450;17343;greedy
100;5592722;100;10;1000;1000;0.9;25;0;9;instances/le450_25c.col;450;17343;greedy
100;5688809;100;10;1000;1000;0.9;25;0;9;instances/le450_25c.col;450;17343;greedy
100;5769061;100;10;1000;1000;0.9;25;0;9;instances/le450_25c.col;450;17343;greedy
100;7582979;100;10;1000;1000;0.9;25;0;9;instances/le450_25c.col;450;17343;greedy
100;5969123;100;10;1000;1000;0.9;25;0;9;instances/le450_25c.col;450;17343;greedy
100;5586492;100;10;1000;1000;0.9;25;0;9;instances/le450_25c.col;450;17343;greedy
100;5562988;100;10;1000;1000;0.9;25;0;9;instances/le450_25c.col;450;17343;greedy
100;5657444;100;10;1000;1000;0.9;25;0;9;instances/le450_25c.col;450;17343;greedy
100;5824698;100;10;1000;1000;0.9;25;0;9;instances/le450_25c.col;450;17343;greedy
100;7736533;100;10;1000;1000;0.9;25;0;9;instances/le450_25c.col;450;17343;greedy
100;5700154;100;10;1000;1000;0.9;25;0;9;instances/le450_25c.col;450;17343;greedy
100;5577884;100;10;1000;1000;0.9;25;0;9;instances/le450_25c.col;450;17343;greedy
100;5678114;100;10;1000;1000;0.9;25;0;9;instances/le450_25c.col;450;17343;greedy
100;5695853;100;10;1000;1000;0.9;25;0;9;instances/le450_25c.col;450;17343;greedy
100;5799615;100;10;1000;1000;0.9;25;0;9;instances/le450_25c.col;450;17343;greedy
100;7709838;100;10;1000;1000;0.9;25;0;9;instances/le450_25c.col;450;17343;greedy
100;5634028;100;10;1000;1000;0.9;25;0;9;instances/le450_25c.col;450;17343;greedy
100;5607660;100;10;1000;1000;0.9;25;0;9;instances/le450_25c.col;450;17343;greedy
100;5726427;100;10;1000;1000;0.9;25;0;9;instances/le450_25c.col;450;17343;greedy
100;5819116;100;10;1000;1000;0.9;25;0;9;instances/le450_25c.col;450;17343;greedy
100;7648441;100;10;1000;1000;0.9;25;0;9;instances/le450_25c.col;450;17343;greedy
100;5801864;100;10;1000;1000;0.9;25;0;9;instances/le450_25c.col;450;17343;greedy
100;5507315;100;10;1000;1000;0.9;25;0;9;instances/le450_25c.col;450;17343;greedy
100;5733421;100;10;1000;1000;0.9;25;0;9;instances/le450_25c.col;450;17343;greedy
100;5710850;100;10;1000;1000;0.9;25;0;9;instances/le450_25c.col;450;17343;greedy
100;5819228;100;10;1000;1000;0.9;25;0;9;instances/le450_25c.col;450;17343;greedy
100;7646378;100;10;1000;1000;0.9;25;0;9;instances/le450_25c.col;450;17343;greedy
100;5694886;100;10;1000;1000;0.9;25;0;9;instances/le450_25c.col;450;17343;greedy
100;5586974;100;10;1000;1000;0.9;25;0;9;instances/le450_25c.col;450;17343;greedy
99;5557251;100;10;1000;1000;0.9;25;0;9;instances/le450_25c.col;450;17343;greedy
100;5784966;100;10;1000;1000;0.9;25;0;9;instances/le450_25c.col;450;17343;greedy
100;5935747;100;10;1000;1000;0.9;25;0;9;instances/le450_25c.col;450;17343;greedy
100;7515155;100;10;1000;1000;0.9;25;0;9;instances/le450_25c.col;450;17343;greedy
99;5589164;100;10;1000;1000;0.9;25;0;9;instances/le450_25c.col;450;17343;greedy
100;5707452;100;10;1000;1000;0.9;25;0;9;instances/le450_25c.col;450;17343;greedy
100;5727684;100;10;1000;1000;0.9;25;0;9;instances/le450_25c.col;450;17343;greedy
100;5717155;100;10;1000;1000;0.9;25;0;9;instances/le450_25c.col;450;17343;greedy
100;7627841;100;10;1000;1000;0.9;25;0;9;instances/le450_25c.col;450;17343;greedy
100;5661735;100;10;1000;1000;0.9;25;0;9;instances/le450_25c.col;450;17343;greedy
100;5809383;100;10;1000;1000;0.9;25;0;9;instances/le450_25c.col;450;17343;greedy
100;5737628;100;10;1000;1000;0.9;25;0;9;instances/le450_25c.col;450;17343;greedy
100;5874398;100;10;1000;1000;0.9;25;0;9;instances/le450_25c.col;450;17343;greedy
98;5800501;100;10;1000;1000;0.9;25;0;9;instances/le450_25c.col;450;17343;greedy
100;7431293;100;10;1000;1000;0.9;25;0;9;instances/le450_25c.col;450;17343;greedy
100;5787736;100;10;1000;1000;0.9;25;0;9;instances/le450_25c.col;450;17343;greedy
100;5847480;100;10;1000;1000;0.9;25;0;9;instances/le450_25c.col;450;17343;greedy
551;8497159;100;10;1000;1000;0.9;25;31603;9;instances/le450_25c.col;450;17343;random
557;5719003;100;10;1000;1000;0.9;25;25281;9;instances/le450_25c.col;450;17343;random
560;5572095;100;10;1000;1000;0.9;25;24595;9;instances/le450_25c.col;450;17343;random
559;5506131;100;10;1000;1000;0.9;25;30163;9;instances/le450_25c.col;450;17343;random
558;5608126;100;10;1000;1000;0.9;25;26990;9;instances/le450_25c.col;450;17343;random
545;8170412;100;10;1000;1000;0.9;25;5162;9;instances/le450_25c.col;450;17343;random
565;5980687;100;10;1000;1000;0.9;25;32622;9;instances/le450_25c.col;450;17343;random
553;5567998;100;10;1000;1000;0.9;25;32591;9;instances/le450_25c.col;450;17343;random
560;5553049;100;10;1000;1000;0.9;25;30767;9;instances/le450_25c.col;450;17343;random
575;5398184;100;10;1000;1000;0.9;25;23756;9;instances/le450_25c.col;450;17343;random
553;30529089;100;10;1000;5000;0.9;25;134888;9;instances/le450_25c.col;450;17343;random
558;30695442;100;10;1000;5000;0.9;25;155729;9;instances/le450_25c.col;450;17343;random
547;30203396;100;10;1000;5000;0.9;25;152284;9;instances/le450_25c.col;450;17343;random
560;30395922;100;10;1000;5000;0.9;25;155085;9;instances/le450_25c.col;450;17343;random
532;30302741;100;10;1000;5000;0.9;25;161127;9;instances/le450_25c.col;450;17343;random
549;30919537;100;10;1000;5000;0.9;25;130057;9;instances/le450_25c.col;450;17343;random
546;30311281;100;10;1000;5000;0.9;25;155988;9;instances/le450_25c.col;450;17343;random
549;30503186;100;10;1000;5000;0.9;25;96180;9;instances/le450_25c.col;450;17343;random
555;30563587;100;10;1000;5000;0.9;25;152478;9;instances/le450_25c.col;450;17343;random
551;30427696;100;10;1000;5000;0.9;25;161178;9;instances/le450_25c.col;450;17343;random
558;30456575;100;10;1000;5000;0.9;25;147926;9;instances/le450_25c.col;450;17343;random
543;30419234;100;10;1000;5000;0.9;25;162432;9;instances/le450_25c.col;450;17343;random
542;30706418;100;10;1000;5000;0.9;25;137848;9;instances/le450_25c.col;450;17343;random
538;30319105;100;10;1000;5000;0.9;25;163602;9;instances/le450_25c.col;450;17343;random
548;30973210;100;10;1000;5000;0.9;25;143811;9;instances/le450_25c.col;450;17343;random
549;30564474;100;10;1000;5000;0.9;25;160230;9;instances/le450_25c.col;450;17343;random
547;30654084;100;10;1000;5000;0.9;25;148907;9;instances/le450_25c.col;450;17343;random
536;30724383;100;10;1000;5000;0.9;25;142492;9;instances/le450_25c.col;450;17343;random
546;30656136;100;10;1000;5000;0.9;25;115301;9;instances/le450_25c.col;450;17343;random
547;30255808;100;10;1000;5000;0.9;25;164696;9;instances/le450_25c.col;450;17343;random
553;30713798;100;10;1000;5000;0.9;25;141889;9;instances/le450_25c.col;450;17343;random
556;30889318;100;10;1000;5000;0.9;25;163104;9;instances/le450_25c.col;450;17343;random
560;30823149;100;10;1000;5000;0.9;25;92526;9;instances/le450_25c.col;450;17343;random
552;30736804;100;10;1000;5000;0.9;25;162019;9;instances/le450_25c.col;450;17343;random
547;30661635;100;10;1000;5000;0.9;25;162527;9;instances/le450_25c.col;450;17343;random
539;30706249;100;10;1000;5000;0.9;25;156227;9;instances/le450_25c.col;450;17343;random
556;29117839;100;10;1000;5000;0.9;25;156587;9;instances/le450_25c.col;450;17343;random
552;30788793;100;10;1000;5000;0.9;25;146686;9;instances/le450_25c.col;450;17343;random
556;30802460;100;10;1000;5000;0.9;25;146835;9;instances/le450_25c.col;450;17343;random
550;30957202;100;10;1000;5000;0.9;25;150198;9;instances/le450_25c.col;450;17343;random
