847;4746277;100;10;1000;1000;0.9;5;0;9;instances/le450_5d.col;450;9757;greedy
847;6868694;100;10;1000;1000;0.9;5;0;9;instances/le450_5d.col;450;9757;greedy
847;4680687;100;10;1000;1000;0.9;5;0;9;instances/le450_5d.col;450;9757;greedy
844;4604447;100;10;1000;1000;0.9;5;0;9;instances/le450_5d.col;450;9757;greedy
847;4487424;100;10;1000;1000;0.9;5;0;9;instances/le450_5d.col;450;9757;greedy
842;4448422;100;10;1000;1000;0.9;5;0;9;instances/le450_5d.col;450;9757;greedy
847;4717322;100;10;1000;1000;0.9;5;0;9;instances/le450_5d.col;450;9757;greedy
847;4813692;100;10;1000;1000;0.9;5;0;9;instances/le450_5d.col;450;9757;greedy
847;6606779;100;10;1000;1000;0.9;5;0;9;instances/le450_5d.col;450;9757;greedy
847;4592648;100;10;1000;1000;0.9;5;0;9;instances/le450_5d.col;450;9757;greedy
844;4522648;100;10;1000;1000;0.9;5;0;9;instances/le450_5d.col;450;9757;greedy
847;4534907;100;10;1000;1000;0.9;5;0;9;instances/le450_5d.col;450;9757;greedy
838;4526156;100;10;1000;1000;0.9;5;3;9;instances/le450_5d.col;450;9757;greedy
847;4776794;100;10;1000;1000;0.9;5;0;9;instances/le450_5d.col;450;9757;greedy
844;4813771;100;10;1000;1000;0.9;5;0;9;instances/le450_5d.col;450;9757;greedy
844;6583266;100;10;1000;1000;0.9;5;0;9;instances/le450_5d.col;450;9757;greedy
847;4593396;100;10;1000;1000;0.9;5;0;9;instances/le450_5d.col;450;9757;greedy
847;4516859;100;10;1000;1000;0.9;5;0;9;instances/le450_5d.col;450;9757;greedy
847;4613692;100;10;1000;1000;0.9;5;0;9;instances/le450_5d.col;450;9757;greedy
847;4601128;100;10;1000;1000;0.9;5;0;9;instances/le450_5d.col;450;9757;greedy
839;4711435;100;10;1000;1000;0.9;5;2;9;instances/le450_5d.col;450;9757;greedy
847;4877919;100;10;1000;1000;0.9;5;0;9;instances/le450_5d.col;450;9757;greedy
847;6479998;100;10;1000;1000;0.9;5;0;9;instances/le450_5d.col;450;9757;greedy
847;4558064;100;10;1000;1000;0.9;5;0;9;instances/le450_5d.col;450;9757;greedy
847;4547853;100;10;1000;1000;0.9;5;0;9;instances/le450_5d.col;450;9757;greedy
847;4485686;100;10;1000;1000;0.9;5;0;9;instances/le450_5d.col;450;9757;greedy
847;4587246;100;10;1000;1000;0.9;5;0;9;instances/le450_5d.col;450;9757;greedy
847;4678846;100;10;1000;1000;0.9;5;0;9;instances/le450_5d.col;450;9757;greedy
847;4859707;100;10;1000;1000;0.9;5;0;9;instances/le450_5d.col;450;9757;greedy
847;6524603;100;10;1000;1000;0.9;5;0;9;instances/le450_5d.col;450;9757;greedy
840;4535520;100;10;1000;1000;0.9;5;2;9;instances/le450_5d.col;450;9757;greedy
843;4576170;100;10;1000;1000;0.9;5;0;9;instances/le450_5d.col;450;9757;greedy
840;4479005;100;10;1000;1000;0.9;5;1;9;instances/le450_5d.col;450;9757;greedy
844;4636734;100;10;1000;1000;0.9;5;0;9;instances/le450_5d.col;450;9757;greedy
847;4679296;100;10;1000;1000;0.9;5;0;9;instances/le450_5d.col;450;9757;greedy
847;4952859;100;10;1000;1000;0.9;5;0;9;instances/le450_5d.col;450;9757;greedy
847;6628222;100;10;1000;1000;0.9;5;0;9;instances/le450_5d.col;450;9757;greedy
843;4867307;100;10;1000;1000;0.9;5;1;9;instances/le450_5d.col;450;9757;greedy
846;4904887;100;10;1000;1000;0.9;5;0;9;instances/le450_5d.col;450;9757;greedy
847;4665780;100;10;1000;1000;0.9;5;0;9;instances/le450_5d.col;450;9757;greedy
847;4720022;100;10;1000;1000;0.9;5;0;9;instances/le450_5d.col;450;9757;greedy
847;4758502;100;10;1000;1000;0.9;5;0;9;instances/le450_5d.col;450;9757;greedy
847;4979755;100;10;1000;1000;0.9;5;0;9;instances/le450_5d.col;450;9757;greedy
847;6396496;100;10;1000;1000;0.9;5;0;9;instances/le450_5d.col;450;9757;greedy
844;4647549;100;10;1000;1000;0.9;5;0;9;instances/le450_5d.col;450;9757;greedy
844;4460985;100;10;1000;1000;0.9;5;0;9;instances/le450_5d.col;450;9757;greedy
847;4544816;100;10;1000;1000;0.9;5;0;9;instances/le450_5d.col;450;9757;greedy
847;4715904;100;10;1000;1000;0.9;5;0;9;instances/le450_5d.col;450;9757;greedy
842;4719046;100;10;1000;1000;0.9;5;11;9;instances/le450_5d.col;450;9757;greedy
842;6633628;100;10;1000;1000;0.9;5;2;9;instances/le450_5d.col;450;9757;greedy
847;4596449;100;10;1000;1000;0.9;5;0;9;instances/le450_5d.col;450;9757;greedy
847;4531917;100;10;1000;1000;0.9;5;0;9;instances/le450_5d.col;450;9757;greedy
847;4464022;100;10;1000;1000;0.9;5;0;9;instances/le450_5d.col;450;9757;greedy
847;4561749;100;10;1000;1000;0.9;5;0;9;instances/le450_5d.col;450;9757;greedy
846;4590012;100;10;1000;1000;0.9;5;0;9;instances/le450_5d.col;450;9757;greedy
846;4741882;100;10;1000;1000;0.9;5;0;9;instances/le450_5d.col;450;9757;greedy
847;6654384;100;10;1000;1000;0.9;5;0;9;instances/le450_5d.col;450;9757;greedy
845;4615761;100;10;1000;1000;0.9;5;0;9;instances/le450_5d.col;450;9757;greedy
844;4683886;100;10;1000;1000;0.9;5;0;9;instances/le450_5d.col;450;9757;greedy
847;4709050;100;10;1000;1000;0.9;5;0;9;instances/le450_5d.col;450;9757;greedy
847;4667058;100;10;1000;1000;0.9;5;0;9;instances/le450_5d.col;450;9757;greedy
847;4655388;100;10;1000;1000;0.9;5;0;9;instances/le450_5d.col;450;9757;greedy
843;4711357;100;10;1000;1000;0.9;5;0;9;instances/le450_5d.col;450;9757;greedy
844;6371518;100;10;1000;1000;0.9;5;0;9;instances/le450_5d.col;450;9757;greedy
847;4669747;100;10;1000;1000;0.9;5;0;9;instances/le450_5d.col;450;9757;greedy
847;4667999;100;10;1000;1000;0.9;5;0;9;instances/le450_5d.col;450;9757;greedy
843;4699113;100;10;1000;1000;0.9;5;0;9;instances/le450_5d.col;450;9757;greedy
847;4700632;100;10;1000;1000;0.9;5;0;9;instances/le450_5d.col;450;9757;greedy
844;4663991;100;10;1000;1000;0.9;5;0;9;instances/le450_5d.col;450;9757;greedy
839;4673547;100;10;1000;1000;0.9;5;0;9;instances/le450_5d.col;450;9757;greedy
847;6227765;100;10;1000;1000;0.9;5;0;9;instances/le450_5d.col;450;9757;greedy
847;4672666;100;10;1000;1000;0.9;5;0;9;instances/le450_5d.col;450;9757;greedy
847;4678649;100;10;1000;1000;0.9;5;0;9;instances/le450_5d.col;450;9757;greedy
847;4641293;100;10;1000;1000;0.9;5;0;9;instances/le450_5d.col;450;9757;greedy
847;4742220;100;10;1000;1000;0.9;5;0;9;instances/le450_5d.col;450;9757;greedy
845;4696661;100;10;1000;1000;0.9;5;0;9;instances/le450_5d.col;450;9757;greedy
847;4691785;100;10;1000;1000;0.9;5;0;9;instances/le450_5d.col;450;9757;greedy
847;6232937;100;10;1000;1000;0.9;5;0;9;instances/le450_5d.col;450;9757;greedy
847;4670188;100;10;1000;1000;0.9;5;0;9;instances/le450_5d.col;450;9757;greedy
847;4685612;100;10;1000;1000;0.9;5;0;9;instances/le450_5d.col;450;9757;greedy
847;4629082;100;10;1000;1000;0.9;5;0;9;instances/le450_5d.col;450;9757;greedy
846;4716716;100;10;1000;1000;0.9;5;2;9;instances/le450_5d.col;450;9757;greedy
847;4694401;100;10;1000;1000;0.9;5;0;9;instances/le450_5d.col;450;9757;greedy
847;4715424;100;10;1000;1000;0.9;5;0;9;instances/le450_5d.col;450;9757;greedy
840;6304209;100;10;1000;1000;0.9;5;1;9;instances/le450_5d.col;450;9757;greedy
847;4693421;100;10;1000;1000;0.9;5;0;9;instances/le450_5d.col;450;9757;greedy
847;4690057;100;10;1000;1000;0.9;5;0;9;instances/le450_5d.col;450;9757;greedy
847;4721167;100;10;1000;1000;0.9;5;0;9;instances/le450_5d.col;450;9757;greedy
847;4718941;100;10;1000;1000;0.9;5;0;9;instances/le450_5d.col;450;9757;greedy
847;4773290;100;10;1000;1000;0.9;5;0;9;instances/le450_5d.col;450;9757;greedy
847;4676756;100;10;1000;1000;0.9;5;0;9;instances/le450_5d.col;450;9757;greedy
839;6235336;100;10;1000;1000;0.9;5;3;9;instances/le450_5d.col;450;9757;greedy
846;4657122;100;10;1000;1000;0.9;5;0;9;instances/le450_5d.col;450;9757;greedy
842;4673686;100;10;1000;1000;0.9;5;0;9;instances/le450_5d.col;450;9757;greedy
847;4668686;100;10;1000;1000;0.9;5;0;9;instances/le450_5d.col;450;9757;greedy
847;4669681;100;10;1000;1000;0.9;5;0;9;instances/le450_5d.col;450;9757;greedy
847;4668738;100;10;1000;1000;0.9;5;0;9;instances/le450_5d.col;450;9757;greedy
847;4704824;100;10;1000;1000;0.9;5;0;9;instances/le450_5d.col;450;9757;greedy
847;6202683;100;10;1000;1000;0.9;5;0;9;instances/le450_5d.col;450;9757;greedy
847;4687540;100;10;1000;1000;0.9;5;0;9;instances/le450_5d.col;450;9757;greedy
1439;4592333;100;10;1000;1000;0.9;5;35958;9;instances/le450_5d.col;450;9757;random
1431;4706351;100;10;1000;1000;0.9;5;32751;9;instances/le450_5d.col;450;9757;random
1450;7163845;100;10;1000;1000;0.9;5;34393;9;instances/le450_5d.col;450;9757;random
1437;4717713;100;10;1000;1000;0.9;5;32886;9;instances/le450_5d.col;450;9757;random
1430;4505082;100;10;1000;1000;0.9;5;25476;9;instances/le450_5d.col;450;9757;random
1438;4460992;100;10;1000;1000;0.9;5;33330;9;instances/le450_5d.col;450;9757;random
1434;4485177;100;10;1000;1000;0.9;5;30041;9;instances/le450_5d.col;450;9757;random
1402;4563661;100;10;1000;1000;0.9;5;36008;9;instances/le450_5d.col;450;9757;random
1427;4688383;100;10;1000;1000;0.9;5;31575;9;instances/le450_5d.col;450;9757;random
1415;7150056;100;10;1000;1000;0.9;5;28687;9;instances/le450_5d.col;450;9757;random
1404;24731852;100;10;1000;5000;0.9;5;162983;9;instances/le450_5d.col;450;9757;random
1400;24744274;100;10;1000;5000;0.9;5;177843;9;instances/le450_5d.col;450;9757;random
1423;24855033;100;10;1000;5000;0.9;5;167709;9;instances/le450_5d.col;450;9757;random
1419;24477328;100;10;1000;5000;0.9;5;173331;9;instances/le450_5d.col;450;9757;random
1404;24548062;100;10;1000;5000;0.9;5;150625;9;instances/le450_5d.col;450;9757;random
1407;24656568;100;10;1000;5000;0.9;5;172897;9;instances/le450_5d.col;450;9757;random
1412;24619458;100;10;1000;5000;0.9;5;176798;9;instances/le450_5d.col;450;9757;random
1424;24601219;100;10;1000;5000;0.9;5;164278;9;instances/le450_5d.col;450;9757;random
1423;23908544;100;10;1000;5000;0.9;5;180418;9;instances/le450_5d.col;450;9757;random
1393;24508200;100;10;1000;5000;0.9;5;173292;9;instances/le450_5d.col;450;9757;random
1418;24760624;100;10;1000;5000;0.9;5;173729;9;instances/le450_5d.col;450;9757;random
1413;24867583;100;10;1000;5000;0.9;5;164974;9;instances/le450_5d.col;450;9757;random
1400;24575852;100;10;1000;5000;0.9;5;176225;9;instances/le450_5d.col;450;9757;random
1409;24809933;100;10;1000;5000;0.9;5;175902;9;instances/le450_5d.col;450;9757;random
1413;24661944;100;10;1000;5000;0.9;5;173190;9;instances/le450_5d.col;450;9757;random
1407;24776187;100;10;1000;5000;0.9;5;171910;9;instances/le450_5d.col;450;9757;random
1414;24805307;100;10;1000;5000;0.9;5;179039;9;instances/le450_5d.col;450;9757;random
1423;24572462;100;10;1000;5000;0.9;5;174912;9;instances/le450_5d.col;450;9757;random
1424;24756391;100;10;1000;5000;0.9;5;176582;9;instances/le450_5d.col;450;9757;random
1420;24640130;100;10;1000;5000;0.9;5;175815;9;instances/le450_5d.col;450;9757;random
1410;25186812;100;10;1000;5000;0.9;5;148488;9;instances/le450_5d.col;450;9757;random
1407;23843612;100;10;1000;5000;0.9;5;161681;9;instances/le450_5d.col;450;9757;random
1436;25173857;100;10;1000;5000;0.9;5;166436;9;instances/le450_5d.col;450;9757;random
1404;25000629;100;10;1000;5000;0.9;5;178423;9;instances/le450_5d.col;450;9757;random
1416;25131530;100;10;1000;5000;0.9;5;175807;9;instances/le450_5d.col;450;9757;random
1364;23619004;100;10;1000;5000;0.9;5;178642;9;instances/le450_5d.col;450;9757;random
1396;25233661;100;10;1000;5000;0.9;5;179693;9;instances/le450_5d.col;450;9757;random
1414;25066970;100;10;1000;5000;0.9;5;178781;9;instances/le450_5d.col;450;9757;random
1407;25137364;100;10;1000;5000;0.9;5;156826;9;instances/le450_5d.col;450;9757;random
1404;23619494;100;10;1000;5000;0.9;5;175835;9;instances/le450_5d.col;450;9757;random
