476;2648098;100;10;1000;1000;0.9;5;1;9;instances/le450_5a.col;450;5714;greedy
476;2843980;100;10;1000;1000;0.9;5;1;9;instances/le450_5a.col;450;5714;greedy
477;2647287;100;10;1000;1000;0.9;5;0;9;instances/le450_5a.col;450;5714;greedy
477;2687371;100;10;1000;1000;0.9;5;0;9;instances/le450_5a.col;450;5714;greedy
471;2623215;100;10;1000;1000;0.9;5;2;9;instances/le450_5a.col;450;5714;greedy
477;4375655;100;10;1000;1000;0.9;5;0;9;instances/le450_5a.col;450;5714;greedy
476;2638844;100;10;1000;1000;0.9;5;0;9;instances/le450_5a.col;450;5714;greedy
477;2694637;100;10;1000;1000;0.9;5;0;9;instances/le450_5a.col;450;5714;greedy
477;2710133;100;10;1000;1000;0.9;5;0;9;instances/le450_5a.col;450;5714;greedy
477;2653297;100;10;1000;1000;0.9;5;0;9;instances/le450_5a.col;450;5714;greedy
477;2661288;100;10;1000;1000;0.9;5;0;9;instances/le450_5a.col;450;5714;greedy
477;2686396;100;10;1000;1000;0.9;5;0;9;instances/le450_5a.col;450;5714;greedy
477;2629107;100;10;1000;1000;0.9;5;0;9;instances/le450_5a.col;450;5714;greedy
477;2687650;100;10;1000;1000;0.9;5;0;9;instances/le450_5a.col;450;5714;greedy
477;2667932;100;10;1000;1000;0.9;5;0;9;instances/le450_5a.col;450;5714;greedy
471;2653140;100;10;1000;1000;0.9;5;4;9;instances/le450_5a.col;450;5714;greedy
477;2661304;100;10;1000;1000;0.9;5;0;9;instances/le450_5a.col;450;5714;greedy
476;4342065;100;10;1000;1000;0.9;5;1;9;instances/le450_5a.col;450;5714;greedy
477;2656545;100;10;1000;1000;0.9;5;0;9;instances/le450_5a.col;450;5714;greedy
477;2683116;100;10;1000;1000;0.9;5;0;9;instances/le450_5a.col;450;5714;greedy
471;2659926;100;10;1000;1000;0.9;5;3;9;instances/le450_5a.col;450;5714;greedy
477;2647426;100;10;1000;1000;0.9;5;0;9;instances/le450_5a.col;450;5714;greedy
477;2707516;100;10;1000;1000;0.9;5;0;9;instances/le450_5a.col;450;5714;greedy
477;2658104;100;10;1000;1000;0.9;5;0;9;instances/le450_5a.col;450;5714;greedy
477;2631180;100;10;1000;1000;0.9;5;0;9;instances/le450_5a.col;450;5714;greedy
476;2690948;100;10;1000;1000;0.9;5;0;9;instances/le450_5a.col;450;5714;greedy
477;2650353;100;10;1000;1000;0.9;5;0;9;instances/le450_5a.col;450;5714;greedy
477;2672509;100;10;1000;1000;0.9;5;0;9;instances/le450_5a.col;450;5714;greedy
477;2657981;100;10;1000;1000;0.9;5;0;9;instances/le450_5a.col;450;5714;greedy
477;4405524;100;10;1000;1000;0.9;5;0;9;instances/le450_5a.col;450;5714;greedy
476;2685240;100;10;1000;1000;0.9;5;0;9;instances/le450_5a.col;450;5714;greedy
472;2685966;100;10;1000;1000;0.9;5;1;9;instances/le450_5a.col;450;5714;greedy
467;2654922;100;10;1000;1000;0.9;5;4;9;instances/le450_5a.col;450;5714;greedy
474;2635873;100;10;1000;1000;0.9;5;0;9;instances/le450_5a.col;450;5714;greedy
477;2643125;100;10;1000;1000;0.9;5;0;9;instances/le450_5a.col;450;5714;greedy
477;2613296;100;10;1000;1000;0.9;5;0;9;instances/le450_5a.col;450;5714;greedy
477;2646638;100;10;1000;1000;0.9;5;0;9;instances/le450_5a.col;450;5714;greedy
477;2656869;100;10;1000;1000;0.9;5;0;9;instances/le450_5a.col;450;5714;greedy
477;2657480;100;10;1000;1000;0.9;5;0;9;instances/le450_5a.col;450;5714;greedy
474;2656521;100;10;1000;1000;0.9;5;0;9;instances/le450_5a.col;450;5714;greedy
477;2656285;100;10;1000;1000;0.9;5;0;9;instances/le450_5a.col;450;5714;greedy
476;2694495;100;10;1000;1000;0.9;5;0;9;instances/le450_5a.col;450;5714;greedy
475;4397750;100;10;1000;1000;0.9;5;0;9;instances/le450_5a.col;450;5714;greedy
477;2715843;100;10;1000;1000;0.9;5;0;9;instances/le450_5a.col;450;5714;greedy
477;2703945;100;10;1000;1000;0.9;5;0;9;instances/le450_5a.col;450;5714;greedy
473;2633389;100;10;1000;1000;0.9;5;0;9;instances/le450_5a.col;450;5714;greedy
477;2594496;100;10;1000;1000;0.9;5;0;9;instances/le450_5a.col;450;5714;greedy
476;2661409;100;10;1000;1000;0.9;5;0;9;instances/le450_5a.col;450;5714;greedy
472;2669160;100;10;1000;1000;0.9;5;1;9;instances/le450_5a.col;450;5714;greedy
473;2646424;100;10;1000;1000;0.9;5;1;9;instances/le450_5a.col;450;5714;greedy
473;2660408;100;10;1000;1000;0.9;5;1;9;instances/le450_5a.col;450;5714;greedy
477;2637407;100;10;1000;1000;0.9;5;0;9;instances/le450_5a.col;450;5714;greedy
477;2690044;100;10;1000;1000;0.9;5;0;9;instances/le450_5a.col;450;5714;greedy
477;2673767;100;10;1000;1000;0.9;5;0;9;instances/le450_5a.col;450;5714;greedy
476;4415200;100;10;1000;1000;0.9;5;0;9;instances/le450_5a.col;450;5714;greedy
477;2771338;100;10;1000;1000;0.9;5;0;9;instances/le450_5a.col;450;5714;greedy
477;2732153;100;10;1000;1000;0.9;5;0;9;instances/le450_5a.col;450;5714;greedy
477;2671716;100;10;1000;1000;0.9;5;0;9;instances/le450_5a.col;450;5714;greedy
476;2683522;100;10;1000;1000;0.9;5;0;9;instances/le450_5a.col;450;5714;greedy
477;2678665;100;10;1000;1000;0.9;5;0;9;instances/le450_5a.col;450;5714;greedy
477;2649055;100;10;1000;1000;0.9;5;0;9;instances/le450_5a.col;450;5714;greedy
477;2622104;100;10;1000;1000;0.9;5;0;9;instances/le450_5a.col;450;5714;greedy
476;2635444;100;10;1000;1000;0.9;5;0;9;instances/le450_5a.col;450;5714;greedy
477;2738008;100;10;1000;1000;0.9;5;0;9;instances/le450_5a.col;450;5714;greedy
474;2684253;100;10;1000;1000;0.9;5;0;9;instances/le450_5a.col;450;5714;greedy
477;2689006;100;10;1000;1000;0.9;5;0;9;instances/le450_5a.col;450;5714;greedy
477;4382704;100;10;1000;1000;0.9;5;0;9;instances/le450_5a.col;450;5714;greedy
473;2771509;100;10;1000;1000;0.9;5;0;9;instances/le450_5a.col;450;5714;greedy
477;2735557;100;10;1000;1000;0.9;5;0;9;instances/le450_5a.col;450;5714;greedy
477;2711892;100;10;1000;1000;0.9;5;0;9;instances/le450_5a.col;450;5714;greedy
475;2684154;100;10;1000;1000;0.9;5;0;9;instances/le450_5a.col;450;5714;greedy
477;2708553;100;10;1000;1000;0.9;5;0;9;instances/le450_5a.col;450;5714;greedy
477;2623832;100;10;1000;1000;0.9;5;0;9;instances/le450_5a.col;450;5714;greedy
477;2657302;100;10;1000;1000;0.9;5;0;9;instances/le450_5a.col;450;5714;greedy
477;2645081;100;10;1000;1000;0.9;5;0;9;instances/le450_5a.col;450;5714;greedy
477;2674606;100;10;1000;1000;0.9;5;0;9;instances/le450_5a.col;450;5714;greedy
471;2665085;100;10;1000;1000;0.9;5;4;9;instances/le450_5a.col;450;5714;greedy
477;2689153;100;10;1000;1000;0.9;5;0;9;instances/le450_5a.col;450;5714;greedy
477;4411455;100;10;1000;1000;0.9;5;0;9;instances/le450_5a.col;450;5714;greedy
477;2807425;100;10;1000;1000;0.9;5;0;9;instances/le450_5a.col;450;5714;greedy
477;2679892;100;10;1000;1000;0.9;5;0;9;instances/le450_5a.col;450;5714;greedy
477;2650071;100;10;1000;1000;0.9;5;0;9;instances/le450_5a.col;450;5714;greedy
474;2665312;100;10;1000;1000;0.9;5;0;9;instances/le450_5a.col;450;5714;greedy
474;2666755;100;10;1000;1000;0.9;5;1;9;instances/le450_5a.col;450;5714;greedy
475;2663618;100;10;1000;1000;0.9;5;0;9;instances/le450_5a.col;450;5714;greedy
477;2669731;100;10;1000;1000;0.9;5;0;9;instances/le450_5a.col;450;5714;greedy
477;2699468;100;10;1000;1000;0.9;5;0;9;instances/le450_5a.col;450;5714;greedy
477;2685212;100;10;1000;1000;0.9;5;0;9;instances/le450_5a.col;450;5714;greedy
477;2651939;100;10;1000;1000;0.9;5;0;9;instances/le450_5a.col;450;5714;greedy
477;2667290;100;10;1000;1000;0.9;5;0;9;instances/le450_5a.col;450;5714;greedy
477;4323199;100;10;1000;1000;0.9;5;0;9;instances/le450_5a.col;450;5714;greedy
477;2754795;100;10;1000;1000;0.9;5;0;9;instances/le450_5a.col;450;5714;greedy
477;2716402;100;10;1000;1000;0.9;5;0;9;instances/le450_5a.col;450;5714;greedy
476;2637577;100;10;1000;1000;0.9;5;0;9;instances/le450_5a.col;450;5714;greedy
477;2629662;100;10;1000;1000;0.9;5;0;9;instances/le450_5a.col;450;5714;greedy
475;2648829;100;10;1000;1000;0.9;5;0;9;instances/le450_5a.col;450;5714;greedy
477;2672007;100;10;1000;1000;0.9;5;0;9;instances/le450_5a.col;450;5714;greedy
477;2636513;100;10;1000;1000;0.9;5;0;9;instances/le450_5a.col;450;5714;greedy
477;2659129;100;10;1000;1000;0.9;5;0;9;instances/le450_5a.col;450;5714;greedy
477;2695893;100;10;1000;1000;0.9;5;0;9;instances/le450_5a.col;450;5714;greedy
813;2552245;100;10;1000;1000;0.9;5;31845;9;instances/le450_5a.col;450;5714;random
816;2573564;100;10;1000;1000;0.9;5;32330;9;instances/le450_5a.col;450;5714;random
794;2574900;100;10;1000;1000;0.9;5;34182;9;instances/le450_5a.col;450;5714;random
824;2697396;100;10;1000;1000;0.9;5;25697;9;instances/le450_5a.col;450;5714;random
808;2684381;100;10;1000;1000;0.9;5;33040;9;instances/le450_5a.col;450;5714;random
806;2737217;100;10;1000;1000;0.9;5;31256;9;instances/le450_5a.col;450;5714;random
814;5169238;100;10;1000;1000;0.9;5;33585;9;instances/le450_5a.col;450;5714;random
829;2678901;100;10;1000;1000;0.9;5;32146;9;instances/le450_5a.col;450;5714;random
812;2674497;100;10;1000;1000;0.9;5;34337;9;instances/le450_5a.col;450;5714;random
820;2566499;100;10;1000;1000;0.9;5;31597;9;instances/le450_5a.col;450;5714;random
803;14213862;100;10;1000;5000;0.9;5;135085;9;instances/le450_5a.col;450;5714;random
798;14206545;100;10;1000;5000;0.9;5;155187;9;instances/le450_5a.col;450;5714;random
812;14253733;100;10;1000;5000;0.9;5;169354;9;instances/le450_5a.col;450;5714;random
815;14084828;100;10;1000;5000;0.9;5;161237;9;instances/le450_5a.col;450;5714;random
794;14157875;100;10;1000;5000;0.9;5;163049;9;instances/le450_5a.col;450;5714;random
799;14063734;100;10;1000;5000;0.9;5;162330;9;instances/le450_5a.col;450;5714;random
822;14152443;100;10;1000;5000;0.9;5;104081;9;instances/le450_5a.col;450;5714;random
781;14147931;100;10;1000;5000;0.9;5;171618;9;instances/le450_5a.col;450;5714;random
808;14735444;100;10;1000;5000;0.9;5;148014;9;instances/le450_5a.col;450;5714;random
789;14337549;100;10;1000;5000;0.9;5;172220;9;instances/le450_5a.col;450;5714;random
818;14243397;100;10;1000;5000;0.9;5;147897;9;instances/le450_5a.col;450;5714;random
787;14239385;100;10;1000;5000;0.9;5;128072;9;instances/le450_5a.col;450;5714;random
809;14281519;100;10;1000;5000;0.9;5;151035;9;instances/le450_5a.col;450;5714;random
804;14219171;100;10;1000;5000;0.9;5;139343;9;instances/le450_5a.col;450;5714;random
813;14302861;100;10;1000;5000;0.9;5;148571;9;instances/le450_5a.col;450;5714;random
810;14358339;100;10;1000;5000;0.9;5;164154;9;instances/le450_5a.col;450;5714;random
820;14227997;100;10;1000;5000;0.9;5;171564;9;instances/le450_5a.col;450;5714;random
806;14309663;100;10;1000;5000;0.9;5;169498;9;instances/le450_5a.col;450;5714;random
801;14216612;100;10;1000;5000;0.9;5;144788;9;instances/le450_5a.col;450;5714;random
815;14179121;100;10;1000;5000;0.9;5;168426;9;instances/le450_5a.col;450;5714;random
812;15602254;100;10;1000;5000;0.9;5;172780;9;instances/le450_5a.col;450;5714;random
804;13213670;100;10;1000;5000;0.9;5;156490;9;instances/le450_5a.col;450;5714;random
799;13521830;100;10;1000;5000;0.9;5;82420;9;instances/le450_5a.col;450;5714;random
790;15263529;100;10;1000;5000;0.9;5;146305;9;instances/le450_5a.col;450;5714;random
794;13304767;100;10;1000;5000;0.9;5;165153;9;instances/le450_5a.col;450;5714;random
776;15613994;100;10;1000;5000;0.9;5;166407;9;instances/le450_5a.col;450;5714;random
824;13150807;100;10;1000;5000;0.9;5;149749;9;instances/le450_5a.col;450;5714;random
814;15492318;100;10;1000;5000;0.9;5;165767;9;instances/le450_5a.col;450;5714;random
813;13270513;100;10;1000;5000;0.9;5;129019;9;instances/le450_5a.col;450;5714;random
804;13469148;100;10;1000;5000;0.9;5;169770;9;instances/le450_5a.col;450;5714;random
