71;2989019;100;10;1000;1000;0.9;15;0;9;instances/le450_15a.col;450;8168;greedy
71;3012298;100;10;1000;1000;0.9;15;0;9;instances/le450_15a.col;450;8168;greedy
71;2934280;100;10;1000;1000;0.9;15;0;9;instances/le450_15a.col;450;8168;greedy
71;2893574;100;10;1000;1000;0.9;15;0;9;instances/le450_15a.col;450;8168;greedy
71;2863084;100;10;1000;1000;0.9;15;0;9;instances/le450_15a.col;450;8168;greedy
71;2899547;100;10;1000;1000;0.9;15;0;9;instances/le450_15a.col;450;8168;greedy
71;2910246;100;10;1000;1000;0.9;15;0;9;instances/le450_15a.col;450;8168;greedy
71;2913255;100;10;1000;1000;0.9;15;0;9;instances/le450_15a.col;450;8168;greedy
71;3025866;100;10;1000;1000;0.9;15;0;9;instances/le450_15a.col;450;8168;greedy
71;4617926;100;10;1000;1000;0.9;15;0;9;instances/le450_15a.col;450;8168;greedy
71;3008850;100;10;1000;1000;0.9;15;0;9;instances/le450_15a.col;450;8168;greedy
71;2905796;100;10;1000;1000;0.9;15;0;9;instances/le450_15a.col;450;8168;greedy
71;2961414;100;10;1000;1000;0.9;15;0;9;instances/le450_15a.col;450;8168;greedy
71;2935612;100;10;1000;1000;0.9;15;0;9;instances/le450_15a.col;450;8168;greedy
71;2943645;100;10;1000;1000;0.9;15;0;9;instances/le450_15a.col;450;8168;greedy
71;2868863;100;10;1000;1000;0.9;15;0;9;instances/le450_15a.col;450;8168;greedy
70;2893549;100;10;1000;1000;0.9;15;1;9;instances/le450_15a.col;450;8168;greedy
71;2940987;100;10;1000;1000;0.9;15;0;9;instances/le450_15a.col;450;8168;greedy
71;2913862;100;10;1000;1000;0.9;15;0;9;instances/le450_15a.col;450;8168;greedy
71;2924233;100;10;1000;1000;0.9;15;0;9;instances/le450_15a.col;450;8168;greedy
71;4587538;100;10;1000;1000;0.9;15;0;9;instances/le450_15a.col;450;8168;greedy
71;2890202;100;10;1000;1000;0.9;15;0;9;instances/le450_15a.col;450;8168;greedy
70;2886253;100;10;1000;1000;0.9;15;0;9;instances/le450_15a.col;450;8168;greedy
71;2900700;100;10;1000;1000;0.9;15;0;9;instances/le450_15a.col;450;8168;greedy
71;2878578;100;10;1000;1000;0.9;15;0;9;instances/le450_15a.col;450;8168;greedy
71;2877425;100;10;1000;1000;0.9;15;0;9;instances/le450_15a.col;450;8168;greedy
71;2863779;100;10;1000;1000;0.9;15;0;9;instances/le450_15a.col;450;8168;greedy
71;2943625;100;10;1000;1000;0.9;15;0;9;instances/le450_15a.col;450;8168;greedy
71;2903538;100;10;1000;1000;0.9;15;0;9;instances/le450_15a.col;450;8168;greedy
71;2928262;100;10;1000;1000;0.9;15;0;9;instances/le450_15a.col;450;8168;greedy
71;2873404;100;10;1000;1000;0.9;15;0;9;instances/le450_15a.col;450;8168;greedy
71;4546650;100;10;1000;1000;0.9;15;0;9;instances/le450_15a.col;450;8168;greedy
71;2864993;100;10;1000;1000;0.9;15;0;9;instances/le450_15a.col;450;8168;greedy
71;2945662;100;10;1000;1000;0.9;15;0;9;instances/le450_15a.col;450;8168;greedy
71;2925575;100;10;1000;1000;0.9;15;0;9;instances/le450_15a.col;450;8168;greedy
71;2886575;100;10;1000;1000;0.9;15;0;9;instances/le450_15a.col;450;8168;greedy
71;2871143;100;10;1000;1000;0.9;15;0;9;instances/le450_15a.col;450;8168;greedy
71;2871189;100;10;1000;1000;0.9;15;0;9;instances/le450_15a.col;450;8168;greedy
71;2894319;100;10;1000;1000;0.9;15;0;9;instances/le450_15a.col;450;8168;greedy
71;2905769;100;10;1000;1000;0.9;15;0;9;instances/le450_15a.col;450;8168;greedy
71;2947594;100;10;1000;1000;0.9;15;0;9;instances/le450_15a.col;450;8168;greedy
71;2905641;100;10;1000;1000;0.9;15;0;9;instances/le450_15a.col;450;8168;greedy
71;4581396;100;10;1000;1000;0.9;15;0;9;instances/le450_15a.col;450;8168;greedy
71;2978269;100;10;1000;1000;0.9;15;0;9;instances/le450_15a.col;450;8168;greedy
71;2955920;100;10;1000;1000;0.9;15;0;9;instances/le450_15a.col;450;8168;greedy
71;2922848;100;10;1000;1000;0.9;15;0;9;instances/le450_15a.col;450;8168;greedy
71;2934679;100;10;1000;1000;0.9;15;0;9;instances/le450_15a.col;450;8168;greedy
71;2932839;100;10;1000;1000;0.9;15;0;9;instances/le450_15a.col;450;8168;greedy
71;2963576;100;10;1000;1000;0.9;15;0;9;instances/le450_15a.col;450;8168;greedy
71;2971687;100;10;1000;1000;0.9;15;0;9;instances/le450_15a.col;450;8168;greedy
71;2909830;100;10;1000;1000;0.9;15;0;9;instances/le450_15a.col;450;8168;greedy
71;2895929;100;10;1000;1000;0.9;15;0;9;instances/le450_15a.col;450;8168;greedy
71;2916846;100;10;1000;1000;0.9;15;0;9;instances/le450_15a.col;450;8168;greedy
71;4574145;100;10;1000;1000;0.9;15;0;9;instances/le450_15a.col;450;8168;greedy
71;2957869;100;10;1000;1000;0.9;15;0;9;instances/le450_15a.col;450;8168;greedy
71;2926896;100;10;1000;1000;0.9;15;0;9;instances/le450_15a.col;450;8168;greedy
71;2855279;100;10;1000;1000;0.9;15;0;9;instances/le450_15a.col;450;8168;greedy
71;2857719;100;10;1000;1000;0.9;15;0;9;instances/le450_15a.col;450;8168;greedy
71;2868049;100;10;1000;1000;0.9;15;0;9;instances/le450_15a.col;450;8168;greedy
71;2938800;100;10;1000;1000;0.9;15;0;9;instances/le450_15a.col;450;8168;greedy
71;2946876;100;10;1000;1000;0.9;15;0;9;instances/le450_15a.col;450;8168;greedy
71;2967414;100;10;1000;1000;0.9;15;0;9;instances/le450_15a.col;450;8168;greedy
71;2909702;100;10;1000;1000;0.9;15;0;9;instances/le450_15a.col;450;8168;greedy
71;2927921;100;10;1000;1000;0.9;15;0;9;instances/le450_15a.col;450;8168;greedy
71;4708925;100;10;1000;1000;0.9;15;0;9;instances/le450_15a.col;450;8168;greedy
71;2969831;100;10;1000;1000;0.9;15;0;9;instances/le450_15a.col;450;8168;greedy
71;2934703;100;10;1000;1000;0.9;15;0;9;instances/le450_15a.col;450;8168;greedy
71;2864709;100;10;1000;1000;0.9;15;0;9;instances/le450_15a.col;450;8168;greedy
71;2884097;100;10;1000;1000;0.9;15;0;9;instances/le450_15a.col;450;8168;greedy
71;2852538;100;10;1000;1000;0.9;15;0;9;instances/le450_15a.col;450;8168;greedy
71;2903831;100;10;1000;1000;0.9;15;0;9;instances/le450_15a.col;450;8168;greedy
71;2882804;100;10;1000;1000;0.9;15;0;9;instances/le450_15a.col;450;8168;greedy
71;2927968;100;10;1000;1000;0.9;15;0;9;instances/le450_15a.col;450;8168;greedy
71;2938257;100;10;1000;1000;0.9;15;0;9;instances/le450_15a.col;450;8168;greedy
71;2908340;100;10;1000;1000;0.9;15;0;9;instances/le450_15a.col;450;8168;greedy
71;4771982;100;10;1000;1000;0.9;15;0;9;instances/le450_15a.col;450;8168;greedy
71;2893466;100;10;1000;1000;0.9;15;0;9;instances/le450_15a.col;450;8168;greedy
71;2915889;100;10;1000;1000;0.9;15;0;9;instances/le450_15a.col;450;8168;greedy
71;2844436;100;10;1000;1000;0.9;15;0;9;instances/le450_15a.col;450;8168;greedy
71;2858735;100;10;1000;1000;0.9;15;0;9;instances/le450_15a.col;450;8168;greedy
71;2914387;100;10;1000;1000;0.9;15;0;9;instances/le450_15a.col;450;8168;greedy
71;2859878;100;10;1000;1000;0.9;15;0;9;instances/le450_15a.col;450;8168;greedy
71;2896074;100;10;1000;1000;0.9;15;0;9;instances/le450_15a.col;450;8168;greedy
71;2929105;100;10;1000;1000;0.9;15;0;9;instances/le450_15a.col;450;8168;greedy
71;2967581;100;10;1000;1000;0.9;15;0;9;instances/le450_15a.col;450;8168;greedy
71;2935874;100;10;1000;1000;0.9;15;0;9;instances/le450_15a.col;450;8168;greedy
71;4826378;100;10;1000;1000;0.9;15;0;9;instances/le450_15a.col;450;8168;greedy
71;2998280;100;10;1000;1000;0.9;15;0;9;instances/le450_15a.col;450;8168;greedy
71;2914633;100;10;1000;1000;0.9;15;0;9;instances/le450_15a.col;450;8168;greedy
71;2892037;100;10;1000;1000;0.9;15;0;9;instances/le450_15a.col;450;8168;greedy
71;2919119;100;10;1000;1000;0.9;15;0;9;instances/le450_15a.col;450;8168;greedy
71;2833109;100;10;1000;1000;0.9;15;0;9;instances/le450_15a.col;450;8168;greedy
71;2827562;100;10;1000;1000;0.9;15;0;9;instances/le450_15a.col;450;8168;greedy
71;2815595;100;10;1000;1000;0.9;15;0;9;instances/le450_15a.col;450;8168;greedy
71;2963195;100;10;1000;1000;0.9;15;0;9;instances/le450_15a.col;450;8168;greedy
71;2950219;100;10;1000;1000;0.9;15;0;9;instances/le450_15a.col;450;8168;greedy
71;2932401;100;10;1000;1000;0.9;15;0;9;instances/le450_15a.col;450;8168;greedy
71;4791562;100;10;1000;1000;0.9;15;0;9;instances/le450_15a.col;450;8168;greedy
71;2918219;100;10;1000;1000;0.9;15;0;9;instances/le450_15a.col;450;8168;greedy
71;2883984;100;10;1000;1000;0.9;15;0;9;instances/le450_15a.col;450;8168;greedy
418;2852494;100;10;1000;1000;0.9;15;31943;9;instances/le450_15a.col;450;8168;random
401;2836331;100;10;1000;1000;0.9;15;30886;9;instances/le450_15a.col;450;8168;random
439;5239595;100;10;1000;1000;0.9;15;31864;9;instances/le450_15a.col;450;8168;random
429;2888706;100;10;1000;1000;0.9;15;31516;9;instances/le450_15a.col;450;8168;random
413;2894557;100;10;1000;1000;0.9;15;29098;9;instances/le450_15a.col;450;8168;random
414;2844429;100;10;1000;1000;0.9;15;30810;9;instances/le450_15a.col;450;8168;random
427;2833175;100;10;1000;1000;0.9;15;30338;9;instances/le450_15a.col;450;8168;random
400;2832878;100;10;1000;1000;0.9;15;30398;9;instances/le450_15a.col;450;8168;random
415;2867740;100;10;1000;1000;0.9;15;30489;9;instances/le450_15a.col;450;8168;random
430;2826130;100;10;1000;1000;0.9;15;26719;9;instances/le450_15a.col;450;8168;random
417;14701737;100;10;1000;5000;0.9;15;150103;9;instances/le450_15a.col;450;8168;random
399;16131408;100;10;1000;5000;0.9;15;128740;9;instances/le450_15a.col;450;8168;random
416;14601959;100;10;1000;5000;0.9;15;99000;9;instances/le450_15a.col;450;8168;random
409;15086226;100;10;1000;5000;0.9;15;132483;9;instances/le450_15a.col;450;8168;random
402;16002719;100;10;1000;5000;0.9;15;153803;9;instances/le450_15a.col;450;8168;random
410;14870102;100;10;1000;5000;0.9;15;157814;9;instances/le450_15a.col;450;8168;random
419;16020346;100;10;1000;5000;0.9;15;139258;9;instances/le450_15a.col;450;8168;random
424;14929607;100;10;1000;5000;0.9;15;125567;9;instances/le450_15a.col;450;8168;random
420;16015854;100;10;1000;5000;0.9;15;108377;9;instances/le450_15a.col;450;8168;random
418;14240606;100;10;1000;5000;0.9;15;141420;9;instances/le450_15a.col;450;8168;random
414;16865097;100;10;1000;5000;0.9;15;153123;9;instances/le450_15a.col;450;8168;random
420;15032496;100;10;1000;5000;0.9;15;150980;9;instances/le450_15a.col;450;8168;random
410;16365235;100;10;1000;5000;0.9;15;154608;9;instances/le450_15a.col;450;8168;random
405;15103414;100;10;1000;5000;0.9;15;154957;9;instances/le450_15a.col;450;8168;random
422;16026065;100;10;1000;5000;0.9;15;102350;9;instances/le450_15a.col;450;8168;random
395;15207777;100;10;1000;5000;0.9;15;155289;9;instances/le450_15a.col;450;8168;random
403;15736479;100;10;1000;5000;0.9;15;158826;9;instances/le450_15a.col;450;8168;random
418;15348709;100;10;1000;5000;0.9;15;86405;9;instances/le450_15a.col;450;8168;random
425;15338380;100;10;1000;5000;0.9;15;140306;9;instances/le450_15a.col;450;8168;random
417;15505544;100;10;1000;5000;0.9;15;148907;9;instances/le450_15a.col;450;8168;random
404;14676368;100;10;1000;5000;0.9;15;152033;9;instances/le450_15a.col;450;8168;random
403;16366825;100;10;1000;5000;0.9;15;106235;9;instances/le450_15a.col;450;8168;random
418;14682533;100;10;1000;5000;0.9;15;150227;9;instances/le450_15a.col;450;8168;random
414;14864336;100;10;1000;5000;0.9;15;144049;9;instances/le450_15a.col;450;8168;random
413;16420603;100;10;1000;5000;0.9;15;156153;9;instances/le450_15a.col;450;8168;random
397;14629511;100;10;1000;5000;0.9;15;146017;9;instances/le450_15a.col;450;8168;random
416;16297611;100;10;1000;5000;0.9;15;153434;9;instances/le450_15a.col;450;8168;random
419;14641595;100;10;1000;5000;0.9;15;146518;9;instances/le450_15a.col;450;8168;random
403;16425120;100;10;1000;5000;0.9;15;158077;9;instances/le450_15a.col;450;8168;random
408;14647287;100;10;1000;5000;0.9;15;147394;9;instances/le450_15a.col;450;8168;random
