732;4530911;100;10;1000;1000;0.9;5;0;9;instances/le450_5c.col;450;9803;greedy
733;4520289;100;10;1000;1000;0.9;5;0;9;instances/le450_5c.col;450;9803;greedy
733;4541997;100;10;1000;1000;0.9;5;0;9;instances/le450_5c.col;450;9803;greedy
733;4599439;100;10;1000;1000;0.9;5;0;9;instances/le450_5c.col;450;9803;greedy
733;4696834;100;10;1000;1000;0.9;5;0;9;instances/le450_5c.col;450;9803;greedy
733;6617299;100;10;1000;1000;0.9;5;0;9;instances/le450_5c.col;450;9803;greedy
733;4679517;100;10;1000;1000;0.9;5;0;9;instances/le450_5c.col;450;9803;greedy
731;4451486;100;10;1000;1000;0.9;5;1;9;instances/le450_5c.col;450;9803;greedy
733;4518650;100;10;1000;1000;0.9;5;0;9;instances/le450_5c.col;450;9803;greedy
733;4647316;100;10;1000;1000;0.9;5;0;9;instances/le450_5c.col;450;9803;greedy
733;4675959;100;10;1000;1000;0.9;5;0;9;instances/le450_5c.col;450;9803;greedy
733;4753255;100;10;1000;1000;0.9;5;0;9;instances/le450_5c.col;450;9803;greedy
731;6576417;100;10;1000;1000;0.9;5;1;9;instances/le450_5c.col;450;9803;greedy
732;4680212;100;10;1000;1000;0.9;5;0;9;instances/le450_5c.col;450;9803;greedy
733;4417547;100;10;1000;1000;0.9;5;0;9;instances/le450_5c.col;450;9803;greedy
733;4562248;100;10;1000;1000;0.9;5;0;9;instances/le450_5c.col;450;9803;greedy
732;4748807;100;10;1000;1000;0.9;5;0;9;instances/le450_5c.col;450;9803;greedy
733;4717712;100;10;1000;1000;0.9;5;0;9;instances/le450_5c.col;450;9803;greedy
733;4734031;100;10;1000;1000;0.9;5;0;9;instances/le450_5c.col;450;9803;greedy
733;6608568;100;10;1000;1000;0.9;5;0;9;instances/le450_5c.col;450;9803;greedy
730;4624388;100;10;1000;1000;0.9;5;1;9;instances/le450_5c.col;450;9803;greedy
733;4441351;100;10;1000;1000;0.9;5;0;9;instances/le450_5c.col;450;9803;greedy
731;4543667;100;10;1000;1000;0.9;5;0;9;instances/le450_5c.col;450;9803;greedy
733;4692524;100;10;1000;1000;0.9;5;0;9;instances/le450_5c.col;450;9803;greedy
732;4860924;100;10;1000;1000;0.9;5;2;9;instances/le450_5c.col;450;9803;greedy
733;4812262;100;10;1000;1000;0.9;5;0;9;instances/le450_5c.col;450;9803;greedy
733;6559869;100;10;1000;1000;0.9;5;0;9;instances/le450_5c.col;450;9803;greedy
733;4645843;100;10;1000;1000;0.9;5;0;9;instances/le450_5c.col;450;9803;greedy
733;4519749;100;10;1000;1000;0.9;5;0;9;instances/le450_5c.col;450;9803;greedy
725;4483145;100;10;1000;1000;0.9;5;0;9;instances/le450_5c.col;450;9803;greedy
733;4513326;100;10;1000;1000;0.9;5;0;9;instances/le450_5c.col;450;9803;greedy
733;4965804;100;10;1000;1000;0.9;5;0;9;instances/le450_5c.col;450;9803;greedy
733;4778994;100;10;1000;1000;0.9;5;0;9;instances/le450_5c.col;450;9803;greedy
733;6453259;100;10;1000;1000;0.9;5;0;9;instances/le450_5c.col;450;9803;greedy
732;4539007;100;10;1000;1000;0.9;5;1;9;instances/le450_5c.col;450;9803;greedy
733;4398481;100;10;1000;1000;0.9;5;0;9;instances/le450_5c.col;450;9803;greedy
733;4524064;100;10;1000;1000;0.9;5;0;9;instances/le450_5c.col;450;9803;greedy
730;4664491;100;10;1000;1000;0.9;5;1;9;instances/le450_5c.col;450;9803;greedy
733;4959370;100;10;1000;1000;0.9;5;0;9;instances/le450_5c.col;450;9803;greedy
733;4796997;100;10;1000;1000;0.9;5;0;9;instances/le450_5c.col;450;9803;greedy
728;6508374;100;10;1000;1000;0.9;5;1;9;instances/le450_5c.col;450;9803;greedy
731;4527321;100;10;1000;1000;0.9;5;0;9;instances/le450_5c.col;450;9803;greedy
733;4446775;100;10;1000;1000;0.9;5;0;9;instances/le450_5c.col;450;9803;greedy
733;4460257;100;10;1000;1000;0.9;5;0;9;instances/le450_5c.col;450;9803;greedy
733;4695082;100;10;1000;1000;0.9;5;0;9;instances/le450_5c.col;450;9803;greedy
732;5085859;100;10;1000;1000;0.9;5;0;9;instances/le450_5c.col;450;9803;greedy
720;4905192;100;10;1000;1000;0.9;5;2;9;instances/le450_5c.col;450;9803;greedy
726;6281491;100;10;1000;1000;0.9;5;2;9;instances/le450_5c.col;450;9803;greedy
730;4443281;100;10;1000;1000;0.9;5;0;9;instances/le450_5c.col;450;9803;greedy
733;4376569;100;10;1000;1000;0.9;5;0;9;instances/le450_5c.col;450;9803;greedy
733;4517836;100;10;1000;1000;0.9;5;0;9;instances/le450_5c.col;450;9803;greedy
731;4739436;100;10;1000;1000;0.9;5;0;9;instances/le450_5c.col;450;9803;greedy
733;4967067;100;10;1000;1000;0.9;5;0;9;instances/le450_5c.col;450;9803;greedy
733;6434591;100;10;1000;1000;0.9;5;0;9;instances/le450_5c.col;450;9803;greedy
733;4780408;100;10;1000;1000;0.9;5;0;9;instances/le450_5c.col;450;9803;greedy
733;4436275;100;10;1000;1000;0.9;5;0;9;instances/le450_5c.col;450;9803;greedy
730;4440713;100;10;1000;1000;0.9;5;0;9;instances/le450_5c.col;450;9803;greedy
733;4535789;100;10;1000;1000;0.9;5;0;9;instances/le450_5c.col;450;9803;greedy
733;4822619;100;10;1000;1000;0.9;5;0;9;instances/le450_5c.col;450;9803;greedy
733;4994418;100;10;1000;1000;0.9;5;0;9;instances/le450_5c.col;450;9803;greedy
728;6396911;100;10;1000;1000;0.9;5;1;9;instances/le450_5c.col;450;9803;greedy
727;4655681;100;10;1000;1000;0.9;5;0;9;instances/le450_5c.col;450;9803;greedy
729;4441857;100;10;1000;1000;0.9;5;3;9;instances/le450_5c.col;450;9803;greedy
733;4454949;100;10;1000;1000;0.9;5;0;9;instances/le450_5c.col;450;9803;greedy
733;4641917;100;10;1000;1000;0.9;5;0;9;instances/le450_5c.col;450;9803;greedy
733;4899472;100;10;1000;1000;0.9;5;0;9;instances/le450_5c.col;450;9803;greedy
733;4918418;100;10;1000;1000;0.9;5;0;9;instances/le450_5c.col;450;9803;greedy
722;6367738;100;10;1000;1000;0.9;5;1;9;instances/le450_5c.col;450;9803;greedy
733;4741947;100;10;1000;1000;0.9;5;0;9;instances/le450_5c.col;450;9803;greedy
731;4722464;100;10;1000;1000;0.9;5;0;9;instances/le450_5c.col;450;9803;greedy
733;4783297;100;10;1000;1000;0.9;5;0;9;instances/le450_5c.col;450;9803;greedy
733;4743703;100;10;1000;1000;0.9;5;0;9;instances/le450_5c.col;450;9803;greedy
733;4820677;100;10;1000;1000;0.9;5;0;9;instances/le450_5c.col;450;9803;greedy
733;4710527;100;10;1000;1000;0.9;5;0;9;instances/le450_5c.col;450;9803;greedy
733;6038870;100;10;1000;1000;0.9;5;0;9;instances/le450_5c.col;450;9803;greedy
733;4759048;100;10;1000;1000;0.9;5;0;9;instances/le450_5c.col;450;9803;greedy
733;4779345;100;10;1000;1000;0.9;5;0;9;instances/le450_5c.col;450;9803;greedy
728;4768985;100;10;1000;1000;0.9;5;0;9;instances/le450_5c.col;450;9803;greedy
733;4740143;100;10;1000;1000;0.9;5;0;9;instances/le450_5c.col;450;9803;greedy
728;4791718;100;10;1000;1000;0.9;5;1;9;instances/le450_5c.col;450;9803;greedy
733;4776033;100;10;1000;1000;0.9;5;0;9;instances/le450_5c.col;450;9803;greedy
733;6027451;100;10;1000;1000;0.9;5;0;9;instances/le450_5c.col;450;9803;greedy
733;4539748;100;10;1000;1000;0.9;5;0;9;instances/le450_5c.col;450;9803;greedy
733;4523973;100;10;1000;1000;0.9;5;0;9;instances/le450_5c.col;450;9803;greedy
733;4653567;100;10;1000;1000;0.9;5;0;9;instances/le450_5c.col;450;9803;greedy
718;4648193;100;10;1000;1000;0.9;5;8;9;instances/le450_5c.col;450;9803;greedy
733;4740973;100;10;1000;1000;0.9;5;0;9;instances/le450_5c.col;450;9803;greedy
733;4809026;100;10;1000;1000;0.9;5;0;9;instances/le450_5c.col;450;9803;greedy
733;6642042;100;10;1000;1000;0.9;5;0;9;instances/le450_5c.col;450;9803;greedy
733;4706370;100;10;1000;1000;0.9;5;0;9;instances/le450_5c.col;450;9803;greedy
733;4644893;100;10;1000;1000;0.9;5;0;9;instances/le450_5c.col;450;9803;greedy
733;4475699;100;10;1000;1000;0.9;5;0;9;instances/le450_5c.col;450;9803;greedy
733;4657970;100;10;1000;1000;0.9;5;0;9;instances/le450_5c.col;450;9803;greedy
733;4673920;100;10;1000;1000;0.9;5;0;9;instances/le450_5c.col;450;9803;greedy
733;6439620;100;10;1000;1000;0.9;5;0;9;instances/le450_5c.col;450;9803;greedy
733;4742378;100;10;1000;1000;0.9;5;0;9;instances/le450_5c.col;450;9803;greedy
733;4692898;100;10;1000;1000;0.9;5;0;9;instances/le450_5c.col;450;9803;greedy
733;4572158;100;10;1000;1000;0.9;5;0;9;instances/le450_5c.col;450;9803;greedy
732;4419630;100;10;1000;1000;0.9;5;0;9;instances/le450_5c.col;450;9803;greedy
730;4758381;100;10;1000;1000;0.9;5;3;9;instances/le450_5c.col;450;9803;greedy
1449;4569539;100;10;1000;1000;0.9;5;34695;9;instances/le450_5c.col;450;9803;random
1468;4492328;100;10;1000;1000;0.9;5;21475;9;instances/le450_5c.col;450;9803;random
1430;4575282;100;10;1000;1000;0.9;5;33823;9;instances/le450_5c.col;450;9803;random
1430;4525156;100;10;1000;1000;0.9;5;34519;9;instances/le450_5c.col;450;9803;random
1438;4779085;100;10;1000;1000;0.9;5;34631;9;instances/le450_5c.col;450;9803;random
1448;4893707;100;10;1000;1000;0.9;5;34883;9;instances/le450_5c.col;450;9803;random
1410;7303487;100;10;1000;1000;0.9;5;31579;9;instances/le450_5c.col;450;9803;random
1430;4554278;100;10;1000;1000;0.9;5;33768;9;instances/le450_5c.col;450;9803;random
1452;4539506;100;10;1000;1000;0.9;5;33813;9;instances/le450_5c.col;450;9803;random
1437;4557239;100;10;1000;1000;0.9;5;35408;9;instances/le450_5c.col;450;9803;random
1408;24760034;100;10;1000;5000;0.9;5;177022;9;instances/le450_5c.col;450;9803;random
1417;24595296;100;10;1000;5000;0.9;5;161681;9;instances/le450_5c.col;450;9803;random
1407;24756603;100;10;1000;5000;0.9;5;178243;9;instances/le450_5c.col;450;9803;random
1417;24669417;100;10;1000;5000;0.9;5;179110;9;instances/le450_5c.col;450;9803;random
1414;24807535;100;10;1000;5000;0.9;5;171559;9;instances/le450_5c.col;450;9803;random
1432;24795609;100;10;1000;5000;0.9;5;176608;9;instances/le450_5c.col;450;9803;random
1453;24748903;100;10;1000;5000;0.9;5;178532;9;instances/le450_5c.col;450;9803;random
1423;24777312;100;10;1000;5000;0.9;5;178059;9;instances/le450_5c.col;450;9803;random
1424;24521774;100;10;1000;5000;0.9;5;171943;9;instances/le450_5c.col;450;9803;random
1438;24971336;100;10;1000;5000;0.9;5;171860;9;instances/le450_5c.col;450;9803;random
1424;24631100;100;10;1000;5000;0.9;5;167899;9;instances/le450_5c.col;450;9803;random
1425;24699759;100;10;1000;5000;0.9;5;171276;9;instances/le450_5c.col;450;9803;random
1404;25002945;100;10;1000;5000;0.9;5;163380;9;instances/le450_5c.col;450;9803;random
1441;24703366;100;10;1000;5000;0.9;5;173133;9;instances/le450_5c.col;450;9803;random
1427;24936839;100;10;1000;5000;0.9;5;140735;9;instances/le450_5c.col;450;9803;random
1426;24979840;100;10;1000;5000;0.9;5;151533;9;instances/le450_5c.col;450;9803;random
1434;25219697;100;10;1000;5000;0.9;5;173502;9;instances/le450_5c.col;450;9803;random
1428;24834467;100;10;1000;5000;0.9;5;175373;9;instances/le450_5c.col;450;9803;random
1415;24689926;100;10;1000;5000;0.9;5;159765;9;instances/le450_5c.col;450;9803;random
1431;24784060;100;10;1000;5000;0.9;5;145733;9;instances/le450_5c.col;450;9803;random
1429;22977066;100;10;1000;5000;0.9;5;160022;9;instances/le450_5c.col;450;9803;random
1418;25094663;100;10;1000;5000;0.9;5;171463;9;instances/le450_5c.col;450;9803;random
1397;25869246;100;10;1000;5000;0.9;5;172634;9;instances/le450_5c.col;450;9803;random
1375;25342118;100;10;1000;5000;0.9;5;172306;9;instances/le450_5c.col;450;9803;random
1412;23455583;100;10;1000;5000;0.9;5;146226;9;instances/le450_5c.col;450;9803;random
1427;25417941;100;10;1000;5000;0.9;5;173001;9;instances/le450_5c.col;450;9803;random
1442;25782076;100;10;1000;5000;0.9;5;172035;9;instances/le450_5c.col;450;9803;random
1402;23320836;100;10;1000;5000;0.9;5;165266;9;instances/le450_5c.col;450;9803;random
1426;24922863;100;10;1000;5000;0.9;5;171881;9;instances/le450_5c.col;450;9803;random
1414;25743178;100;10;1000;5000;0.9;5;172530;9;instances/le450_5c.col;450;9803;random
