330;6023317;100;10;1000;1000;0.9;15;0;9;instances/le450_15d.col;450;16750;greedy
330;6268021;100;10;1000;1000;0.9;15;0;9;instances/le450_15d.col;450;16750;greedy
330;7867954;100;10;1000;1000;0.9;15;0;9;instances/le450_15d.col;450;16750;greedy
330;6315346;100;10;1000;1000;0.9;15;0;9;instances/le450_15d.col;450;16750;greedy
330;6122977;100;10;1000;1000;0.9;15;0;9;instances/le450_15d.col;450;16750;greedy
330;6153207;100;10;1000;1000;0.9;15;0;9;instances/le450_15d.col;450;16750;greedy
330;6218338;100;10;1000;1000;0.9;15;0;9;instances/le450_15d.col;450;16750;greedy
330;7975207;100;10;1000;1000;0.9;15;0;9;instances/le450_15d.col;450;16750;greedy
330;6407875;100;10;1000;1000;0.9;15;0;9;instances/le450_15d.col;450;16750;greedy
330;6148818;100;10;1000;1000;0.9;15;0;9;instances/le450_15d.col;450;16750;greedy
330;6283607;100;10;1000;1000;0.9;15;0;9;instances/le450_15d.col;450;16750;greedy
330;6227844;100;10;1000;1000;0.9;15;0;9;instances/le450_15d.col;450;16750;greedy
330;7776531;100;10;1000;1000;0.9;15;0;9;instances/le450_15d.col;450;16750;greedy
330;6336181;100;10;1000;1000;0.9;15;0;9;instances/le450_15d.col;450;16750;greedy
330;6108726;100;10;1000;1000;0.9;15;0;9;instances/le450_15d.col;450;16750;greedy
330;6182898;100;10;1000;1000;0.9;15;0;9;instances/le450_15d.col;450;16750;greedy
330;6206189;100;10;1000;1000;0.9;15;0;9;instances/le450_15d.col;450;16750;greedy
330;6298427;100;10;1000;1000;0.9;15;0;9;instances/le450_15d.col;450;16750;greedy
330;8074932;100;10;1000;1000;0.9;15;0;9;instances/le450_15d.col;450;16750;greedy
330;6238217;100;10;1000;1000;0.9;15;0;9;instances/le450_15d.col;450;16750;greedy
330;6037593;100;10;1000;1000;0.9;15;0;9;instances/le450_15d.col;450;16750;greedy
330;6036127;100;10;1000;1000;0.9;15;0;9;instances/le450_15d.col;450;16750;greedy
330;6249547;100;10;1000;1000;0.9;15;0;9;instances/le450_15d.col;450;16750;greedy
330;8138026;100;10;1000;1000;0.9;15;0;9;instances/le450_15d.col;450;16750;greedy
328;6101186;100;10;1000;1000;0.9;15;0;9;instances/le450_15d.col;450;16750;greedy
330;6021925;100;10;1000;1000;0.9;15;0;9;instances/le450_15d.col;450;16750;greedy
330;6212587;100;10;1000;1000;0.9;15;0;9;instances/le450_15d.col;450;16750;greedy
330;6377679;100;10;1000;1000;0.9;15;0;9;instances/le450_15d.col;450;16750;greedy
330;8088008;100;10;1000;1000;0.9;15;0;9;instances/le450_15d.col;450;16750;greedy
330;6132395;100;10;1000;1000;0.9;15;0;9;instances/le450_15d.col;450;16750;greedy
330;6036414;100;10;1000;1000;0.9;15;0;9;instances/le450_15d.col;450;16750;greedy
330;6239291;100;10;1000;1000;0.9;15;0;9;instances/le450_15d.col;450;16750;greedy
330;6197654;100;10;1000;1000;0.9;15;0;9;instances/le450_15d.col;450;16750;greedy
330;8169905;100;10;1000;1000;0.9;15;0;9;instances/le450_15d.col;450;16750;greedy
330;6202352;100;10;1000;1000;0.9;15;0;9;instances/le450_15d.col;450;16750;greedy
330;5947810;100;10;1000;1000;0.9;15;0;9;instances/le450_15d.col;450;16750;greedy
330;6107898;100;10;1000;1000;0.9;15;0;9;instances/le450_15d.col;450;16750;greedy
330;6141920;100;10;1000;1000;0.9;15;0;9;instances/le450_15d.col;450;16750;greedy
330;8025597;100;10;1000;1000;0.9;15;0;9;instances/le450_15d.col;450;16750;greedy
330;6343649;100;10;1000;1000;0.9;15;0;9;instances/le450_15d.col;450;16750;greedy
330;5962628;100;10;1000;1000;0.9;15;0;9;instances/le450_15d.col;450;16750;greedy
330;6029294;100;10;1000;1000;0.9;15;0;9;instances/le450_15d.col;450;16750;greedy
328;6144109;100;10;1000;1000;0.9;15;0;9;instances/le450_15d.col;450;16750;greedy
329;6290930;100;10;1000;1000;0.9;15;0;9;instances/le450_15d.col;450;16750;greedy
330;8156942;100;10;1000;1000;0.9;15;0;9;instances/le450_15d.col;450;16750;greedy
330;5973613;100;10;1000;1000;0.9;15;0;9;instances/le450_15d.col;450;16750;greedy
330;6055512;100;10;1000;1000;0.9;15;0;9;instances/le450_15d.col;450;16750;greedy
330;6084999;100;10;1000;1000;0.9;15;0;9;instances/le450_15d.col;450;16750;greedy
330;6289904;100;10;1000;1000;0.9;15;0;9;instances/le450_15d.col;450;16750;greedy
330;8115972;100;10;1000;1000;0.9;15;0;9;instances/le450_15d.col;450;16750;greedy
330;6078820;100;10;1000;1000;0.9;15;0;9;instances/le450_15d.col;450;16750;greedy
330;5998614;100;10;1000;1000;0.9;15;0;9;instances/le450_15d.col;450;16750;greedy
330;6115105;100;10;1000;1000;0.9;15;0;9;instances/le450_15d.col;450;16750;greedy
330;6246036;100;10;1000;1000;0.9;15;0;9;instances/le450_15d.col;450;16750;greedy
330;8165159;100;10;1000;1000;0.9;15;0;9;instances/le450_15d.col;450;16750;greedy
328;6139901;100;10;1000;1000;0.9;15;0;9;instances/le450_15d.col;450;16750;greedy
330;5943460;100;10;1000;1000;0.9;15;0;9;instances/le450_15d.col;450;16750;greedy
330;6116452;100;10;1000;1000;0.9;15;0;9;instances/le450_15d.col;450;16750;greedy
330;6261753;100;10;1000;1000;0.9;15;0;9;instances/le450_15d.col;450;16750;greedy
330;8179240;100;10;1000;1000;0.9;15;0;9;instances/le450_15d.col;450;16750;greedy
330;6100534;100;10;1000;1000;0.9;15;0;9;instances/le450_15d.col;450;16750;greedy
330;5888409;100;10;1000;1000;0.9;15;0;9;instances/le450_15d.col;450;16750;greedy
330;6111021;100;10;1000;1000;0.9;15;0;9;instances/le450_15d.col;450;16750;greedy
330;6261823;100;10;1000;1000;0.9;15;0;9;instances/le450_15d.col;450;16750;greedy
329;8109413;100;10;1000;1000;0.9;15;0;9;instances/le450_15d.col;450;16750;greedy
330;6282033;100;10;1000;1000;0.9;15;0;9;instances/le450_15d.col;450;16750;greedy
330;5869659;100;10;1000;1000;0.9;15;0;9;instances/le450_15d.col;450;16750;greedy
330;6211681;100;10;1000;1000;0.9;15;0;9;instances/le450_15d.col;450;16750;greedy
330;6231901;100;10;1000;1000;0.9;15;0;9;instances/le450_15d.col;450;16750;greedy
330;6184783;100;10;1000;1000;0.9;15;0;9;instances/le450_15d.col;450;16750;greedy
330;8034900;100;10;1000;1000;0.9;15;0;9;instances/le450_15d.col;450;16750;greedy
330;6125862;100;10;1000;1000;0.9;15;0;9;instances/le450_15d.col;450;16750;greedy
330;6179265;100;10;1000;1000;0.9;15;0;9;instances/le450_15d.col;450;16750;greedy
330;6133010;100;10;1000;1000;0.9;15;0;9;instances/le450_15d.col;450;16750;greedy
329;6182196;100;10;1000;1000;0.9;15;1;9;instances/le450_15d.col;450;16750;greedy
330;7808650;100;10;1000;1000;0.9;15;0;9;instances/le450_15d.col;450;16750;greedy
330;6158764;100;10;1000;1000;0.9;15;0;9;instances/le450_15d.col;450;16750;greedy
330;6147872;100;10;1000;1000;0.9;15;0;9;instances/le450_15d.col;450;16750;greedy
330;6133635;100;10;1000;1000;0.9;15;0;9;instances/le450_15d.col;450;16750;greedy
330;6207736;100;10;1000;1000;0.9;15;0;9;instances/le450_15d.col;450;16750;greedy
330;7842502;100;10;1000;1000;0.9;15;0;9;instances/le450_15d.col;450;16750;greedy
330;6180210;100;10;1000;1000;0.9;15;0;9;instances/le450_15d.col;450;16750;greedy
330;6138468;100;10;1000;1000;0.9;15;0;9;instances/le450_15d.col;450;16750;greedy
330;6161853;100;10;1000;1000;0.9;15;0;9;instances/le450_15d.col;450;16750;greedy
330;6220819;100;10;1000;1000;0.9;15;0;9;instances/le450_15d.col;450;16750;greedy
330;7839035;100;10;1000;1000;0.9;15;0;9;instances/le450_15d.col;450;16750;greedy
330;6181388;100;10;1000;1000;0.9;15;0;9;instances/le450_15d.col;450;16750;greedy
330;6197129;100;10;1000;1000;0.9;15;0;9;instances/le450_15d.col;450;16750;greedy
330;6224975;100;10;1000;1000;0.9;15;0;9;instances/le450_15d.col;450;16750;greedy
330;6137779;100;10;1000;1000;0.9;15;0;9;instances/le450_15d.col;450;16750;greedy
330;6190926;100;10;1000;1000;0.9;15;0;9;instances/le450_15d.col;450;16750;greedy
330;7813136;100;10;1000;1000;0.9;15;0;9;instances/le450_15d.col;450;16750;greedy
330;6117576;100;10;1000;1000;0.9;15;0;9;instances/le450_15d.col;450;16750;greedy
330;6185020;100;10;1000;1000;0.9;15;0;9;instances/le450_15d.col;450;16750;greedy
330;6144523;100;10;1000;1000;0.9;15;0;9;instances/le450_15d.col;450;16750;greedy
330;6135504;100;10;1000;1000;0.9;15;0;9;instances/le450_15d.col;450;16750;greedy
330;7815094;100;10;1000;1000;0.9;15;0;9;instances/le450_15d.col;450;16750;greedy
330;6197300;100;10;1000;1000;0.9;15;0;9;instances/le450_15d.col;450;16750;greedy
330;6249497;100;10;1000;1000;0.9;15;0;9;instances/le450_15d.col;450;16750;greedy
330;6203213;100;10;1000;1000;0.9;15;0;9;instances/le450_15d.col;450;16750;greedy
888;5978085;100;10;1000;1000;0.9;15;32023;9;instances/le450_15d.col;450;16750;random
891;6146686;100;10;1000;1000;0.9;15;34346;9;instances/le450_15d.col;450;16750;random
915;8499035;100;10;1000;1000;0.9;15;34277;9;instances/le450_15d.col;450;16750;random
906;6489986;100;10;1000;1000;0.9;15;30919;9;instances/le450_15d.col;450;16750;random
894;6071345;100;10;1000;1000;0.9;15;33661;9;instances/le450_15d.col;450;16750;random
876;5991518;100;10;1000;1000;0.9;15;34243;9;instances/le450_15d.col;450;16750;random
923;5998557;100;10;1000;1000;0.9;15;24180;9;instances/le450_15d.col;450;16750;random
907;6107784;100;10;1000;1000;0.9;15;34236;9;instances/le450_15d.col;450;16750;random
913;8746234;100;10;1000;1000;0.9;15;26709;9;instances/le450_15d.col;450;16750;random
911;6006237;100;10;1000;1000;0.9;15;28494;9;instances/le450_15d.col;450;16750;random
866;32872384;100;10;1000;5000;0.9;15;154158;9;instances/le450_15d.col;450;16750;random
900;32881995;100;10;1000;5000;0.9;15;154312;9;instances/le450_15d.col;450;16750;random
871;32686833;100;10;1000;5000;0.9;15;168158;9;instances/le450_15d.col;450;16750;random
897;32458184;100;10;1000;5000;0.9;15;170662;9;instances/le450_15d.col;450;16750;random
868;32495014;100;10;1000;5000;0.9;15;168094;9;instances/le450_15d.col;450;16750;random
885;32651513;100;10;1000;5000;0.9;15;166338;9;instances/le450_15d.col;450;16750;random
885;32630876;100;10;1000;5000;0.9;15;171824;9;instances/le450_15d.col;450;16750;random
888;32938624;100;10;1000;5000;0.9;15;139972;9;instances/le450_15d.col;450;16750;random
893;33007038;100;10;1000;5000;0.9;15;147371;9;instances/le450_15d.col;450;16750;random
904;32907486;100;10;1000;5000;0.9;15;32465;9;instances/le450_15d.col;450;16750;random
874;32487303;100;10;1000;5000;0.9;15;170437;9;instances/le450_15d.col;450;16750;random
904;32678902;100;10;1000;5000;0.9;15;159596;9;instances/le450_15d.col;450;16750;random
865;32953202;100;10;1000;5000;0.9;15;170336;9;instances/le450_15d.col;450;16750;random
871;32512807;100;10;1000;5000;0.9;15;164266;9;instances/le450_15d.col;450;16750;random
891;32971182;100;10;1000;5000;0.9;15;169790;9;instances/le450_15d.col;450;16750;random
890;32768509;100;10;1000;5000;0.9;15;172993;9;instances/le450_15d.col;450;16750;random
887;32715675;100;10;1000;5000;0.9;15;170723;9;instances/le450_15d.col;450;16750;random
868;33150999;100;10;1000;5000;0.9;15;146905;9;instances/le450_15d.col;450;16750;random
893;32881980;100;10;1000;5000;0.9;15;163876;9;instances/le450_15d.col;450;16750;random
879;32680923;100;10;1000;5000;0.9;15;159576;9;instances/le450_15d.col;450;16750;random
876;33105371;100;10;1000;5000;0.9;15;163975;9;instances/le450_15d.col;450;16750;random
880;33056188;100;10;1000;5000;0.9;15;170545;9;instances/le450_15d.col;450;16750;random
850;32922577;100;10;1000;5000;0.9;15;167773;9;instances/le450_15d.col;450;16750;random
901;33046505;100;10;1000;5000;0.9;15;162028;9;instances/le450_15d.col;450;16750;random
898;33155611;100;10;1000;5000;0.9;15;171867;9;instances/le450_15d.col;450;16750;random
885;32952369;100;10;1000;5000;0.9;15;99753;9;instances/le450_15d.col;450;16750;random
900;33026187;100;10;1000;5000;0.9;15;147984;9;instances/le450_15d.col;450;16750;random
907;33084023;100;10;1000;5000;0.9;15;137599;9;instances/le450_15d.col;450;16750;random
872;32943531;100;10;1000;5000;0.9;15;154208;9;instances/le450_15d.col;450;16750;random
882;33005249;100;10;1000;5000;0.9;15;134080;9;instances/le450_15d.col;450;16750;random
