6;1226687;100;10;1000;1000;0.9;31;0;9;instances/miles750.col;128;4226;greedy
6;1291388;100;10;1000;1000;0.9;31;0;9;instances/miles750.col;128;4226;greedy
6;1237099;100;10;1000;1000;0.9;31;0;9;instances/miles750.col;128;4226;greedy
6;1231194;100;10;1000;1000;0.9;31;0;9;instances/miles750.col;128;4226;greedy
6;1221169;100;10;1000;1000;0.9;31;0;9;instances/miles750.col;128;4226;greedy
6;1247039;100;10;1000;1000;0.9;31;0;9;instances/miles750.col;128;4226;greedy
6;1225346;100;10;1000;1000;0.9;31;0;9;instances/miles750.col;128;4226;greedy
6;1222463;100;10;1000;1000;0.9;31;0;9;instances/miles750.col;128;4226;greedy
6;1257404;100;10;1000;1000;0.9;31;0;9;instances/miles750.col;128;4226;greedy
6;1208968;100;10;1000;1000;0.9;31;0;9;instances/miles750.col;128;4226;greedy
6;1254141;100;10;1000;1000;0.9;31;0;9;instances/miles750.col;128;4226;greedy
6;1210769;100;10;1000;1000;0.9;31;0;9;instances/miles750.col;128;4226;greedy
6;1255910;100;10;1000;1000;0.9;31;0;9;instances/miles750.col;128;4226;greedy
6;1262188;100;10;1000;1000;0.9;31;0;9;instances/miles750.col;128;4226;greedy
6;1290999;100;10;1000;1000;0.9;31;0;9;instances/miles750.col;128;4226;greedy
6;1268227;100;10;1000;1000;0.9;31;0;9;instances/miles750.col;128;4226;greedy
6;1217763;100;10;1000;1000;0.9;31;0;9;instances/miles750.col;128;4226;greedy
6;1240096;100;10;1000;1000;0.9;31;0;9;instances/miles750.col;128;4226;greedy
6;1230809;100;10;1000;1000;0.9;31;0;9;instances/miles750.col;128;4226;greedy
6;1215502;100;10;1000;1000;0.9;31;0;9;instances/miles750.col;128;4226;greedy
6;1238511;100;10;1000;1000;0.9;31;0;9;instances/miles750.col;128;4226;greedy
6;1216564;100;10;1000;1000;0.9;31;0;9;instances/miles750.col;128;4226;greedy
6;1232318;100;10;1000;1000;0.9;31;0;9;instances/miles750.col;128;4226;greedy
6;1245520;100;10;1000;1000;0.9;31;0;9;instances/miles750.col;128;4226;greedy
6;1236041;100;10;1000;1000;0.9;31;0;9;instances/miles750.col;128;4226;greedy
6;2906359;100;10;1000;1000;0.9;31;0;9;instances/miles750.col;128;4226;greedy
6;1253183;100;10;1000;1000;0.9;31;0;9;instances/miles750.col;128;4226;greedy
6;1218935;100;10;1000;1000;0.9;31;0;9;instances/miles750.col;128;4226;greedy
6;1232847;100;10;1000;1000;0.9;31;0;9;instances/miles750.col;128;4226;greedy
6;1245535;100;10;1000;1000;0.9;31;0;9;instances/miles750.col;128;4226;greedy
6;1245529;100;10;1000;1000;0.9;31;0;9;instances/miles750.col;128;4226;greedy
6;1239198;100;10;1000;1000;0.9;31;0;9;instances/miles750.col;128;4226;greedy
6;1251091;100;10;1000;1000;0.9;31;0;9;instances/miles750.col;128;4226;greedy
6;1222400;100;10;1000;1000;0.9;31;0;9;instances/miles750.col;128;4226;greedy
6;1234086;100;10;1000;1000;0.9;31;0;9;instances/miles750.col;128;4226;greedy
6;1217945;100;10;1000;1000;0.9;31;0;9;instances/miles750.col;128;4226;greedy
6;1226735;100;10;1000;1000;0.9;31;0;9;instances/miles750.col;128;4226;greedy
6;1249166;100;10;1000;1000;0.9;31;0;9;instances/miles750.col;128;4226;greedy
6;1232304;100;10;1000;1000;0.9;31;0;9;instances/miles750.col;128;4226;greedy
4;1232151;100;10;1000;1000;0.9;31;0;9;instances/miles750.col;128;4226;greedy
6;1219665;100;10;1000;1000;0.9;31;0;9;instances/miles750.col;128;4226;greedy
6;1229060;100;10;1000;1000;0.9;31;0;9;instances/miles750.col;128;4226;greedy
6;1209063;100;10;1000;1000;0.9;31;0;9;instances/miles750.col;128;4226;greedy
6;1220888;100;10;1000;1000;0.9;31;0;9;instances/miles750.col;128;4226;greedy
6;1224195;100;10;1000;1000;0.9;31;0;9;instances/miles750.col;128;4226;greedy
6;1242226;100;10;1000;1000;0.9;31;0;9;instances/miles750.col;128;4226;greedy
6;1219450;100;10;1000;1000;0.9;31;0;9;instances/miles750.col;128;4226;greedy
6;1244016;100;10;1000;1000;0.9;31;0;9;instances/miles750.col;128;4226;greedy
6;1236711;100;10;1000;1000;0.9;31;0;9;instances/miles750.col;128;4226;greedy
6;1224940;100;10;1000;1000;0.9;31;0;9;instances/miles750.col;128;4226;greedy
6;1215404;100;10;1000;1000;0.9;31;0;9;instances/miles750.col;128;4226;greedy
6;2952117;100;10;1000;1000;0.9;31;0;9;instances/miles750.col;128;4226;greedy
6;1241161;100;10;1000;1000;0.9;31;0;9;instances/miles750.col;128;4226;greedy
6;1230294;100;10;1000;1000;0.9;31;0;9;instances/miles750.col;128;4226;greedy
6;1213188;100;10;1000;1000;0.9;31;0;9;instances/miles750.col;128;4226;greedy
6;1244023;100;10;1000;1000;0.9;31;0;9;instances/miles750.col;128;4226;greedy
6;1200859;100;10;1000;1000;0.9;31;0;9;instances/miles750.col;128;4226;greedy
6;1218955;100;10;1000;1000;0.9;31;0;9;instances/miles750.col;128;4226;greedy
6;1212357;100;10;1000;1000;0.9;31;0;9;instances/miles750.col;128;4226;greedy
6;1208143;100;10;1000;1000;0.9;31;0;9;instances/miles750.col;128;4226;greedy
6;1226373;100;10;1000;1000;0.9;31;0;9;instances/miles750.col;128;4226;greedy
6;1253346;100;10;1000;1000;0.9;31;0;9;instances/miles750.col;128;4226;greedy
6;1245850;100;10;1000;1000;0.9;31;0;9;instances/miles750.col;128;4226;greedy
6;1212397;100;10;1000;1000;0.9;31;0;9;instances/miles750.col;128;4226;greedy
6;1222541;100;10;1000;1000;0.9;31;0;9;instances/miles750.col;128;4226;greedy
6;1203148;100;10;1000;1000;0.9;31;0;9;instances/miles750.col;128;4226;greedy
6;1275911;100;10;1000;1000;0.9;31;0;9;instances/miles750.col;128;4226;greedy
6;1230013;100;10;1000;1000;0.9;31;0;9;instances/miles750.col;128;4226;greedy
6;1229273;100;10;1000;1000;0.9;31;0;9;instances/miles750.col;128;4226;greedy
6;1210347;100;10;1000;1000;0.9;31;0;9;instances/miles750.col;128;4226;greedy
6;1245217;100;10;1000;1000;0.9;31;0;9;instances/miles750.col;128;4226;greedy
4;1228808;100;10;1000;1000;0.9;31;1;9;instances/miles750.col;128;4226;greedy
6;1204814;100;10;1000;1000;0.9;31;0;9;instances/miles750.col;128;4226;greedy
6;1213355;100;10;1000;1000;0.9;31;0;9;instances/miles750.col;128;4226;greedy
6;1231549;100;10;1000;1000;0.9;31;0;9;instances/miles750.col;128;4226;greedy
6;1234542;100;10;1000;1000;0.9;31;0;9;instances/miles750.col;128;4226;greedy
6;1218898;100;10;1000;1000;0.9;31;0;9;instances/miles750.col;128;4226;greedy
6;3067635;100;10;1000;1000;0.9;31;0;9;instances/miles750.col;128;4226;greedy
6;1226910;100;10;1000;1000;0.9;31;0;9;instances/miles750.col;128;4226;greedy
6;1215036;100;10;1000;1000;0.9;31;0;9;instances/miles750.col;128;4226;greedy
4;1229570;100;10;1000;1000;0.9;31;0;9;instances/miles750.col;128;4226;greedy
6;1211116;100;10;1000;1000;0.9;31;0;9;instances/miles750.col;128;4226;greedy
6;1215364;100;10;1000;1000;0.9;31;0;9;instances/miles750.col;128;4226;greedy
6;1228006;100;10;1000;1000;0.9;31;0;9;instances/miles750.col;128;4226;greedy
6;1227079;100;10;1000;1000;0.9;31;0;9;instances/miles750.col;128;4226;greedy
6;1214488;100;10;1000;1000;0.9;31;0;9;instances/miles750.col;128;4226;greedy
6;1246029;100;10;1000;1000;0.9;31;0;9;instances/miles750.col;128;4226;greedy
6;1238834;100;10;1000;1000;0.9;31;0;9;instances/miles750.col;128;4226;greedy
6;1237331;100;10;1000;1000;0.9;31;0;9;instances/miles750.col;128;4226;greedy
6;1212424;100;10;1000;1000;0.9;31;0;9;instances/miles750.col;128;4226;greedy
6;1213663;100;10;1000;1000;0.9;31;0;9;instances/miles750.col;128;4226;greedy
6;1227194;100;10;1000;1000;0.9;31;0;9;instances/miles750.col;128;4226;greedy
6;1201871;100;10;1000;1000;0.9;31;0;9;instances/miles750.col;128;4226;greedy
6;1223774;100;10;1000;1000;0.9;31;0;9;instances/miles750.col;128;4226;greedy
6;1205237;100;10;1000;1000;0.9;31;0;9;instances/miles750.col;128;4226;greedy
6;1221127;100;10;1000;1000;0.9;31;0;9;instances/miles750.col;128;4226;greedy
6;1225565;100;10;1000;1000;0.9;31;0;9;instances/miles750.col;128;4226;greedy
6;1209128;100;10;1000;1000;0.9;31;0;9;instances/miles750.col;128;4226;greedy
6;1235539;100;10;1000;1000;0.9;31;0;9;instances/miles750.col;128;4226;greedy
6;1230128;100;10;1000;1000;0.9;31;0;9;instances/miles750.col;128;4226;greedy
76;1195270;100;10;1000;1000;0.9;31;27928;9;instances/miles750.col;128;4226;random
82;1223228;100;10;1000;1000;0.9;31;13974;9;instances/miles750.col;128;4226;random
74;1217006;100;10;1000;1000;0.9;31;20314;9;instances/miles750.col;128;4226;random
76;1202619;100;10;1000;1000;0.9;31;22256;9;instances/miles750.col;128;4226;random
70;1188965;100;10;1000;1000;0.9;31;24257;9;instances/miles750.col;128;4226;random
72;1194987;100;10;1000;1000;0.9;31;19971;9;instances/miles750.col;128;4226;random
78;1235063;100;10;1000;1000;0.9;31;22712;9;instances/miles750.col;128;4226;random
76;1198123;100;10;1000;1000;0.9;31;8312;9;instances/miles750.col;128;4226;random
80;1222124;100;10;1000;1000;0.9;31;26411;9;instances/miles750.col;128;4226;random
74;1216694;100;10;1000;1000;0.9;31;28744;9;instances/miles750.col;128;4226;random
70;6525641;100;10;1000;5000;0.9;31;131797;9;instances/miles750.col;128;4226;random
72;6505083;100;10;1000;5000;0.9;31;131600;9;instances/miles750.col;128;4226;random
68;6409088;100;10;1000;5000;0.9;31;78981;9;instances/miles750.col;128;4226;random
74;6467380;100;10;1000;5000;0.9;31;108756;9;instances/miles750.col;128;4226;random
74;6481432;100;10;1000;5000;0.9;31;98555;9;instances/miles750.col;128;4226;random
72;6417363;100;10;1000;5000;0.9;31;77013;9;instances/miles750.col;128;4226;random
70;6460779;100;10;1000;5000;0.9;31;138278;9;instances/miles750.col;128;4226;random
72;6503777;100;10;1000;5000;0.9;31;106040;9;instances/miles750.col;128;4226;random
72;6416463;100;10;1000;5000;0.9;31;116115;9;instances/miles750.col;128;4226;random
70;6432470;100;10;1000;5000;0.9;31;73152;9;instances/miles750.col;128;4226;random
68;6445897;100;10;1000;5000;0.9;31;108533;9;instances/miles750.col;128;4226;random
70;6403506;100;10;1000;5000;0.9;31;139748;9;instances/miles750.col;128;4226;random
72;6383279;100;10;1000;5000;0.9;31;126254;9;instances/miles750.col;128;4226;random
66;6517965;100;10;1000;5000;0.9;31;131412;9;instances/miles750.col;128;4226;random
70;6387251;100;10;1000;5000;0.9;31;133107;9;instances/miles750.col;128;4226;random
74;6402946;100;10;1000;5000;0.9;31;34269;9;instances/miles750.col;128;4226;random
76;6439555;100;10;1000;5000;0.9;31;43865;9;instances/miles750.col;128;4226;random
76;6466486;100;10;1000;5000;0.9;31;80300;9;instances/miles750.col;128;4226;random
72;6529962;100;10;1000;5000;0.9;31;86076;9;instances/miles750.col;128;4226;random
72;6558626;100;10;1000;5000;0.9;31;87166;9;instances/miles750.col;128;4226;random
72;6310100;100;10;1000;5000;0.9;31;1519;9;instances/miles750.col;128;4226;random
74;6120571;100;10;1000;5000;0.9;31;90523;9;instances/miles750.col;128;4226;random
70;5914187;100;10;1000;5000;0.9;31;143477;9;instances/miles750.col;128;4226;random
72;6186290;100;10;1000;5000;0.9;31;131683;9;instances/miles750.col;128;4226;random
72;8065451;100;10;1000;5000;0.9;31;102489;9;instances/miles750.col;128;4226;random
64;6248957;100;10;1000;5000;0.9;31;124182;9;instances/miles750.col;128;4226;random
64;5939189;100;10;1000;5000;0.9;31;126423;9;instances/miles750.col;128;4226;random
72;5980711;100;10;1000;5000;0.9;31;110802;9;instances/miles750.col;128;4226;random
74;6096472;100;10;1000;5000;0.9;31;45862;9;instances/miles750.col;128;4226;random
68;6214253;100;10;1000;5000;0.9;31;132336;9;instances/miles750.col;128;4226;random
