4;1946956;100;10;1000;1000;0.9;42;0;9;instances/miles1000.col;128;6432;greedy
4;1898429;100;10;1000;1000;0.9;42;0;9;instances/miles1000.col;128;6432;greedy
4;1801724;100;10;1000;1000;0.9;42;0;9;instances/miles1000.col;128;6432;greedy
4;1790581;100;10;1000;1000;0.9;42;0;9;instances/miles1000.col;128;6432;greedy
4;1801038;100;10;1000;1000;0.9;42;0;9;instances/miles1000.col;128;6432;greedy
4;1799457;100;10;1000;1000;0.9;42;0;9;instances/miles1000.col;128;6432;greedy
4;1813088;100;10;1000;1000;0.9;42;0;9;instances/miles1000.col;128;6432;greedy
4;1803417;100;10;1000;1000;0.9;42;0;9;instances/miles1000.col;128;6432;greedy
4;1809169;100;10;1000;1000;0.9;42;0;9;instances/miles1000.col;128;6432;greedy
4;1840418;100;10;1000;1000;0.9;42;0;9;instances/miles1000.col;128;6432;greedy
4;1842452;100;10;1000;1000;0.9;42;0;9;instances/miles1000.col;128;6432;greedy
4;3530875;100;10;1000;1000;0.9;42;0;9;instances/miles1000.col;128;6432;greedy
4;1904007;100;10;1000;1000;0.9;42;0;9;instances/miles1000.col;128;6432;greedy
4;1838941;100;10;1000;1000;0.9;42;0;9;instances/miles1000.col;128;6432;greedy
4;1839677;100;10;1000;1000;0.9;42;0;9;instances/miles1000.col;128;6432;greedy
4;1809788;100;10;1000;1000;0.9;42;0;9;instances/miles1000.col;128;6432;greedy
4;1836252;100;10;1000;1000;0.9;42;0;9;instances/miles1000.col;128;6432;greedy
4;1792809;100;10;1000;1000;0.9;42;0;9;instances/miles1000.col;128;6432;greedy
4;1822400;100;10;1000;1000;0.9;42;0;9;instances/miles1000.col;128;6432;greedy
4;1812406;100;10;1000;1000;0.9;42;0;9;instances/miles1000.col;128;6432;greedy
4;1816148;100;10;1000;1000;0.9;42;0;9;instances/miles1000.col;128;6432;greedy
4;1803318;100;10;1000;1000;0.9;42;0;9;instances/miles1000.col;128;6432;greedy
4;1774833;100;10;1000;1000;0.9;42;0;9;instances/miles1000.col;128;6432;greedy
4;1805447;100;10;1000;1000;0.9;42;0;9;instances/miles1000.col;128;6432;greedy
4;1827592;100;10;1000;1000;0.9;42;0;9;instances/miles1000.col;128;6432;greedy
4;1847612;100;10;1000;1000;0.9;42;0;9;instances/miles1000.col;128;6432;greedy
4;1818519;100;10;1000;1000;0.9;42;0;9;instances/miles1000.col;128;6432;greedy
4;1849397;100;10;1000;1000;0.9;42;0;9;instances/miles1000.col;128;6432;greedy
4;1850059;100;10;1000;1000;0.9;42;0;9;instances/miles1000.col;128;6432;greedy
4;3610199;100;10;1000;1000;0.9;42;0;9;instances/miles1000.col;128;6432;greedy
4;1833253;100;10;1000;1000;0.9;42;0;9;instances/miles1000.col;128;6432;greedy
4;1843530;100;10;1000;1000;0.9;42;0;9;instances/miles1000.col;128;6432;greedy
4;1823901;100;10;1000;1000;0.9;42;0;9;instances/miles1000.col;128;6432;greedy
4;1791702;100;10;1000;1000;0.9;42;0;9;instances/miles1000.col;128;6432;greedy
4;1820996;100;10;1000;1000;0.9;42;0;9;instances/miles1000.col;128;6432;greedy
4;1775726;100;10;1000;1000;0.9;42;0;9;instances/miles1000.col;128;6432;greedy
4;1825248;100;10;1000;1000;0.9;42;0;9;instances/miles1000.col;128;6432;greedy
4;1870549;100;10;1000;1000;0.9;42;0;9;instances/miles1000.col;128;6432;greedy
4;1844134;100;10;1000;1000;0.9;42;0;9;instances/miles1000.col;128;6432;greedy
4;1819758;100;10;1000;1000;0.9;42;0;9;instances/miles1000.col;128;6432;greedy
4;1829051;100;10;1000;1000;0.9;42;0;9;instances/miles1000.col;128;6432;greedy
4;1824688;100;10;1000;1000;0.9;42;0;9;instances/miles1000.col;128;6432;greedy
4;1842254;100;10;1000;1000;0.9;42;0;9;instances/miles1000.col;128;6432;greedy
4;1827786;100;10;1000;1000;0.9;42;0;9;instances/miles1000.col;128;6432;greedy
4;1832201;100;10;1000;1000;0.9;42;0;9;instances/miles1000.col;128;6432;greedy
4;1825461;100;10;1000;1000;0.9;42;0;9;instances/miles1000.col;128;6432;greedy
4;3572462;100;10;1000;1000;0.9;42;0;9;instances/miles1000.col;128;6432;greedy
4;1864848;100;10;1000;1000;0.9;42;0;9;instances/miles1000.col;128;6432;greedy
4;1832342;100;10;1000;1000;0.9;42;0;9;instances/miles1000.col;128;6432;greedy
4;1823957;100;10;1000;1000;0.9;42;0;9;instances/miles1000.col;128;6432;greedy
4;1796536;100;10;1000;1000;0.9;42;0;9;instances/miles1000.col;128;6432;greedy
4;1773830;100;10;1000;1000;0.9;42;0;9;instances/miles1000.col;128;6432;greedy
4;1747860;100;10;1000;1000;0.9;42;0;9;instances/miles1000.col;128;6432;greedy
4;1807207;100;10;1000;1000;0.9;42;0;9;instances/miles1000.col;128;6432;greedy
4;1835266;100;10;1000;1000;0.9;42;0;9;instances/miles1000.col;128;6432;greedy
4;1823613;100;10;1000;1000;0.9;42;0;9;instances/miles1000.col;128;6432;greedy
4;1845924;100;10;1000;1000;0.9;42;0;9;instances/miles1000.col;128;6432;greedy
4;1808960;100;10;1000;1000;0.9;42;0;9;instances/miles1000.col;128;6432;greedy
4;1880726;100;10;1000;1000;0.9;42;0;9;instances/miles1000.col;128;6432;greedy
4;1864071;100;10;1000;1000;0.9;42;0;9;instances/miles1000.col;128;6432;greedy
4;1855368;100;10;1000;1000;0.9;42;0;9;instances/miles1000.col;128;6432;greedy
4;1830046;100;10;1000;1000;0.9;42;0;9;instances/miles1000.col;128;6432;greedy
4;1837667;100;10;1000;1000;0.9;42;0;9;instances/miles1000.col;128;6432;greedy
4;1858078;100;10;1000;1000;0.9;42;0;9;instances/miles1000.col;128;6432;greedy
4;3557227;100;10;1000;1000;0.9;42;0;9;instances/miles1000.col;128;6432;greedy
4;1823398;100;10;1000;1000;0.9;42;0;9;instances/miles1000.col;128;6432;greedy
4;1839653;100;10;1000;1000;0.9;42;0;9;instances/miles1000.col;128;6432;greedy
4;1825092;100;10;1000;1000;0.9;42;0;9;instances/miles1000.col;128;6432;greedy
4;1760852;100;10;1000;1000;0.9;42;0;9;instances/miles1000.col;128;6432;greedy
4;1748822;100;10;1000;1000;0.9;42;0;9;instances/miles1000.col;128;6432;greedy
4;1777610;100;10;1000;1000;0.9;42;0;9;instances/miles1000.col;128;6432;greedy
4;1789411;100;10;1000;1000;0.9;42;0;9;instances/miles1000.col;128;6432;greedy
4;1851718;100;10;1000;1000;0.9;42;0;9;instances/miles1000.col;128;6432;greedy
4;1848419;100;10;1000;1000;0.9;42;0;9;instances/miles1000.col;128;6432;greedy
4;1816957;100;10;1000;1000;0.9;42;0;9;instances/miles1000.col;128;6432;greedy
4;1851922;100;10;1000;1000;0.9;42;0;9;instances/miles1000.col;128;6432;greedy
4;1823687;100;10;1000;1000;0.9;42;0;9;instances/miles1000.col;128;6432;greedy
4;1924885;100;10;1000;1000;0.9;42;0;9;instances/miles1000.col;128;6432;greedy
4;1890396;100;10;1000;1000;0.9;42;0;9;instances/miles1000.col;128;6432;greedy
4;1879961;100;10;1000;1000;0.9;42;0;9;instances/miles1000.col;128;6432;greedy
4;1846373;100;10;1000;1000;0.9;42;0;9;instances/miles1000.col;128;6432;greedy
4;3692499;100;10;1000;1000;0.9;42;0;9;instances/miles1000.col;128;6432;greedy
4;1931292;100;10;1000;1000;0.9;42;0;9;instances/miles1000.col;128;6432;greedy
4;1834478;100;10;1000;1000;0.9;42;0;9;instances/miles1000.col;128;6432;greedy
4;1853241;100;10;1000;1000;0.9;42;0;9;instances/miles1000.col;128;6432;greedy
4;1805510;100;10;1000;1000;0.9;42;0;9;instances/miles1000.col;128;6432;greedy
4;1796339;100;10;1000;1000;0.9;42;0;9;instances/miles1000.col;128;6432;greedy
4;1777558;100;10;1000;1000;0.9;42;0;9;instances/miles1000.col;128;6432;greedy
4;1760764;100;10;1000;1000;0.9;42;0;9;instances/miles1000.col;128;6432;greedy
4;1803679;100;10;1000;1000;0.9;42;0;9;instances/miles1000.col;128;6432;greedy
4;1790755;100;10;1000;1000;0.9;42;0;9;instances/miles1000.col;128;6432;greedy
4;1832958;100;10;1000;1000;0.9;42;0;9;instances/miles1000.col;128;6432;greedy
4;1802879;100;10;1000;1000;0.9;42;0;9;instances/miles1000.col;128;6432;greedy
4;1796861;100;10;1000;1000;0.9;42;0;9;instances/miles1000.col;128;6432;greedy
4;1855133;100;10;1000;1000;0.9;42;0;9;instances/miles1000.col;128;6432;greedy
4;1830034;100;10;1000;1000;0.9;42;0;9;instances/miles1000.col;128;6432;greedy
4;1822521;100;10;1000;1000;0.9;42;0;9;instances/miles1000.col;128;6432;greedy
4;1856475;100;10;1000;1000;0.9;42;0;9;instances/miles1000.col;128;6432;greedy
4;1897418;100;10;1000;1000;0.9;42;0;9;instances/miles1000.col;128;6432;greedy
4;3695954;100;10;1000;1000;0.9;42;0;9;instances/miles1000.col;128;6432;greedy
80;1784026;100;10;1000;1000;0.9;42;29038;9;instances/miles1000.col;128;6432;random
90;1770086;100;10;1000;1000;0.9;42;18760;9;instances/miles1000.col;128;6432;random
92;1824888;100;10;1000;1000;0.9;42;27851;9;instances/miles1000.col;128;6432;random
88;1801227;100;10;1000;1000;0.9;42;6455;9;instances/miles1000.col;128;6432;random
96;1788290;100;10;1000;1000;0.9;42;28004;9;instances/miles1000.col;128;6432;random
94;1773119;100;10;1000;1000;0.9;42;21113;9;instances/miles1000.col;128;6432;random
86;1781721;100;10;1000;1000;0.9;42;29193;9;instances/miles1000.col;128;6432;random
94;1813001;100;10;1000;1000;0.9;42;26650;9;instances/miles1000.col;128;6432;random
96;1787026;100;10;1000;1000;0.9;42;26677;9;instances/miles1000.col;128;6432;random
92;1791309;100;10;1000;1000;0.9;42;29518;9;instances/miles1000.col;128;6432;random
84;9692192;100;10;1000;5000;0.9;42;146400;9;instances/miles1000.col;128;6432;random
90;9855225;100;10;1000;5000;0.9;42;95064;9;instances/miles1000.col;128;6432;random
80;9765502;100;10;1000;5000;0.9;42;110578;9;instances/miles1000.col;128;6432;random
84;9665257;100;10;1000;5000;0.9;42;142149;9;instances/miles1000.col;128;6432;random
88;9588297;100;10;1000;5000;0.9;42;103366;9;instances/miles1000.col;128;6432;random
88;9652875;100;10;1000;5000;0.9;42;83333;9;instances/miles1000.col;128;6432;random
84;9576813;100;10;1000;5000;0.9;42;139217;9;instances/miles1000.col;128;6432;random
78;9606565;100;10;1000;5000;0.9;42;146629;9;instances/miles1000.col;128;6432;random
84;9678341;100;10;1000;5000;0.9;42;61386;9;instances/miles1000.col;128;6432;random
86;9649203;100;10;1000;5000;0.9;42;33947;9;instances/miles1000.col;128;6432;random
90;9736858;100;10;1000;5000;0.9;42;68099;9;instances/miles1000.col;128;6432;random
82;9640652;100;10;1000;5000;0.9;42;128670;9;instances/miles1000.col;128;6432;random
86;9603990;100;10;1000;5000;0.9;42;91189;9;instances/miles1000.col;128;6432;random
84;9608492;100;10;1000;5000;0.9;42;29397;9;instances/miles1000.col;128;6432;random
92;9654507;100;10;1000;5000;0.9;42;7097;9;instances/miles1000.col;128;6432;random
86;9722273;100;10;1000;5000;0.9;42;144621;9;instances/miles1000.col;128;6432;random
86;9673052;100;10;1000;5000;0.9;42;143241;9;instances/miles1000.col;128;6432;random
86;9681602;100;10;1000;5000;0.9;42;104918;9;instances/miles1000.col;128;6432;random
84;9689442;100;10;1000;5000;0.9;42;124939;9;instances/miles1000.col;128;6432;random
80;9774496;100;10;1000;5000;0.9;42;142039;9;instances/miles1000.col;128;6432;random
86;9317981;100;10;1000;5000;0.9;42;132097;9;instances/miles1000.col;128;6432;random
84;9272378;100;10;1000;5000;0.9;42;132728;9;instances/miles1000.col;128;6432;random
88;10868655;100;10;1000;5000;0.9;42;112074;9;instances/miles1000.col;128;6432;random
86;9207660;100;10;1000;5000;0.9;42;118506;9;instances/miles1000.col;128;6432;random
88;9172491;100;10;1000;5000;0.9;42;95797;9;instances/miles1000.col;128;6432;random
78;9231737;100;10;1000;5000;0.9;42;145755;9;instances/miles1000.col;128;6432;random
86;11011896;100;10;1000;5000;0.9;42;138737;9;instances/miles1000.col;128;6432;random
84;9089038;100;10;1000;5000;0.9;42;131583;9;instances/miles1000.col;128;6432;random
76;9164549;100;10;1000;5000;0.9;42;129657;9;instances/miles1000.col;128;6432;random
88;10999028;100;10;1000;5000;0.9;42;128472;9;instances/miles1000.col;128;6432;random
