4;718428;100;10;1000;1000;0.9;20;0;9;instances/miles500.col;128;2340;greedy
4;749511;100;10;1000;1000;0.9;20;0;9;instances/miles500.col;128;2340;greedy
4;745203;100;10;1000;1000;0.9;20;0;9;instances/miles500.col;128;2340;greedy
4;721624;100;10;1000;1000;0.9;20;0;9;instances/miles500.col;128;2340;greedy
4;724029;100;10;1000;1000;0.9;20;0;9;instances/miles500.col;128;2340;greedy
4;718800;100;10;1000;1000;0.9;20;0;9;instances/miles500.col;128;2340;greedy
4;715764;100;10;1000;1000;0.9;20;0;9;instances/miles500.col;128;2340;greedy
4;721320;100;10;1000;1000;0.9;20;0;9;instances/miles500.col;128;2340;greedy
4;705193;100;10;1000;1000;0.9;20;0;9;instances/miles500.col;128;2340;greedy
4;2388085;100;10;1000;1000;0.9;20;0;9;instances/miles500.col;128;2340;greedy
4;714726;100;10;1000;1000;0.9;20;0;9;instances/miles500.col;128;2340;greedy
4;728609;100;10;1000;1000;0.9;20;0;9;instances/miles500.col;128;2340;greedy
4;730837;100;10;1000;1000;0.9;20;0;9;instances/miles500.col;128;2340;greedy
4;709669;100;10;1000;1000;0.9;20;0;9;instances/miles500.col;128;2340;greedy
4;735537;100;10;1000;1000;0.9;20;0;9;instances/miles500.col;128;2340;greedy
4;731885;100;10;1000;1000;0.9;20;0;9;instances/miles500.col;128;2340;greedy
4;748779;100;10;1000;1000;0.9;20;0;9;instances/miles500.col;128;2340;greedy
4;713252;100;10;1000;1000;0.9;20;0;9;instances/miles500.col;128;2340;greedy
4;719448;100;10;1000;1000;0.9;20;0;9;instances/miles500.col;128;2340;greedy
4;724078;100;10;1000;1000;0.9;20;0;9;instances/miles500.col;128;2340;greedy
4;704741;100;10;1000;1000;0.9;20;0;9;instances/miles500.col;128;2340;greedy
4;713462;100;10;1000;1000;0.9;20;0;9;instances/miles500.col;128;2340;greedy
4;703733;100;10;1000;1000;0.9;20;0;9;instances/miles500.col;128;2340;greedy
4;716488;100;10;1000;1000;0.9;20;0;9;instances/miles500.col;128;2340;greedy
4;712417;100;10;1000;1000;0.9;20;0;9;instances/miles500.col;128;2340;greedy
4;717451;100;10;1000;1000;0.9;20;0;9;instances/miles500.col;128;2340;greedy
4;722101;100;10;1000;1000;0.9;20;0;9;instances/miles500.col;128;2340;greedy
4;818192;100;10;1000;1000;0.9;20;0;9;instances/miles500.col;128;2340;greedy
4;704389;100;10;1000;1000;0.9;20;0;9;instances/miles500.col;128;2340;greedy
4;739293;100;10;1000;1000;0.9;20;0;9;instances/miles500.col;128;2340;greedy
4;712473;100;10;1000;1000;0.9;20;0;9;instances/miles500.col;128;2340;greedy
4;710088;100;10;1000;1000;0.9;20;0;9;instances/miles500.col;128;2340;greedy
4;747254;100;10;1000;1000;0.9;20;0;9;instances/miles500.col;128;2340;greedy
4;737124;100;10;1000;1000;0.9;20;0;9;instances/miles500.col;128;2340;greedy
4;724086;100;10;1000;1000;0.9;20;0;9;instances/miles500.col;128;2340;greedy
4;749479;100;10;1000;1000;0.9;20;0;9;instances/miles500.col;128;2340;greedy
4;722476;100;10;1000;1000;0.9;20;0;9;instances/miles500.col;128;2340;greedy
4;712923;100;10;1000;1000;0.9;20;0;9;instances/miles500.col;128;2340;greedy
4;716741;100;10;1000;1000;0.9;20;0;9;instances/miles500.col;128;2340;greedy
4;718426;100;10;1000;1000;0.9;20;0;9;instances/miles500.col;128;2340;greedy
4;714991;100;10;1000;1000;0.9;20;0;9;instances/miles500.col;128;2340;greedy
4;727952;100;10;1000;1000;0.9;20;0;9;instances/miles500.col;128;2340;greedy
4;722113;100;10;1000;1000;0.9;20;0;9;instances/miles500.col;128;2340;greedy
4;705836;100;10;1000;1000;0.9;20;0;9;instances/miles500.col;128;2340;greedy
4;715050;100;10;1000;1000;0.9;20;0;9;instances/miles500.col;128;2340;greedy
4;705824;100;10;1000;1000;0.9;20;0;9;instances/miles500.col;128;2340;greedy
4;729357;100;10;1000;1000;0.9;20;0;9;instances/miles500.col;128;2340;greedy
4;704622;100;10;1000;1000;0.9;20;0;9;instances/miles500.col;128;2340;greedy
4;744266;100;10;1000;1000;0.9;20;0;9;instances/miles500.col;128;2340;greedy
4;710006;100;10;1000;1000;0.9;20;0;9;instances/miles500.col;128;2340;greedy
4;715563;100;10;1000;1000;0.9;20;0;9;instances/miles500.col;128;2340;greedy
4;707289;100;10;1000;1000;0.9;20;0;9;instances/miles500.col;128;2340;greedy
4;745940;100;10;1000;1000;0.9;20;0;9;instances/miles500.col;128;2340;greedy
4;716400;100;10;1000;1000;0.9;20;0;9;instances/miles500.col;128;2340;greedy
4;2390045;100;10;1000;1000;0.9;20;0;9;instances/miles500.col;128;2340;greedy
4;714252;100;10;1000;1000;0.9;20;0;9;instances/miles500.col;128;2340;greedy
4;705240;100;10;1000;1000;0.9;20;0;9;instances/miles500.col;128;2340;greedy
4;727696;100;10;1000;1000;0.9;20;0;9;instances/miles500.col;128;2340;greedy
4;730806;100;10;1000;1000;0.9;20;0;9;instances/miles500.col;128;2340;greedy
4;701439;100;10;1000;1000;0.9;20;0;9;instances/miles500.col;128;2340;greedy
4;719871;100;10;1000;1000;0.9;20;0;9;instances/miles500.col;128;2340;greedy
4;722394;100;10;1000;1000;0.9;20;0;9;instances/miles500.col;128;2340;greedy
4;710698;100;10;1000;1000;0.9;20;0;9;instances/miles500.col;128;2340;greedy
4;722648;100;10;1000;1000;0.9;20;0;9;instances/miles500.col;128;2340;greedy
4;727693;100;10;1000;1000;0.9;20;0;9;instances/miles500.col;128;2340;greedy
4;774353;100;10;1000;1000;0.9;20;0;9;instances/miles500.col;128;2340;greedy
4;716168;100;10;1000;1000;0.9;20;0;9;instances/miles500.col;128;2340;greedy
4;710313;100;10;1000;1000;0.9;20;0;9;instances/miles500.col;128;2340;greedy
4;715788;100;10;1000;1000;0.9;20;0;9;instances/miles500.col;128;2340;greedy
4;738711;100;10;1000;1000;0.9;20;0;9;instances/miles500.col;128;2340;greedy
4;732208;100;10;1000;1000;0.9;20;0;9;instances/miles500.col;128;2340;greedy
4;709767;100;10;1000;1000;0.9;20;0;9;instances/miles500.col;128;2340;greedy
4;706786;100;10;1000;1000;0.9;20;0;9;instances/miles500.col;128;2340;greedy
4;729582;100;10;1000;1000;0.9;20;0;9;instances/miles500.col;128;2340;greedy
4;716232;100;10;1000;1000;0.9;20;0;9;instances/miles500.col;128;2340;greedy
4;720038;100;10;1000;1000;0.9;20;0;9;instances/miles500.col;128;2340;greedy
4;707938;100;10;1000;1000;0.9;20;0;9;instances/miles500.col;128;2340;greedy
4;712673;100;10;1000;1000;0.9;20;0;9;instances/miles500.col;128;2340;greedy
4;724391;100;10;1000;1000;0.9;20;0;9;instances/miles500.col;128;2340;greedy
4;703659;100;10;1000;1000;0.9;20;0;9;instances/miles500.col;128;2340;greedy
4;733632;100;10;1000;1000;0.9;20;0;9;instances/miles500.col;128;2340;greedy
4;719460;100;10;1000;1000;0.9;20;0;9;instances/miles500.col;128;2340;greedy
4;732539;100;10;1000;1000;0.9;20;0;9;instances/miles500.col;128;2340;greedy
4;738604;100;10;1000;1000;0.9;20;0;9;instances/miles500.col;128;2340;greedy
4;710742;100;10;1000;1000;0.9;20;0;9;instances/miles500.col;128;2340;greedy
4;733662;100;10;1000;1000;0.9;20;0;9;instances/miles500.col;128;2340;greedy
4;708536;100;10;1000;1000;0.9;20;0;9;instances/miles500.col;128;2340;greedy
4;746626;100;10;1000;1000;0.9;20;0;9;instances/miles500.col;128;2340;greedy
4;742699;100;10;1000;1000;0.9;20;0;9;instances/miles500.col;128;2340;greedy
4;728938;100;10;1000;1000;0.9;20;0;9;instances/miles500.col;128;2340;greedy
4;733139;100;10;1000;1000;0.9;20;0;9;instances/miles500.col;128;2340;greedy
4;712450;100;10;1000;1000;0.9;20;0;9;instances/miles500.col;128;2340;greedy
4;720147;100;10;1000;1000;0.9;20;0;9;instances/miles500.col;128;2340;greedy
4;698944;100;10;1000;1000;0.9;20;0;9;instances/miles500.col;128;2340;greedy
4;712910;100;10;1000;1000;0.9;20;0;9;instances/miles500.col;128;2340;greedy
4;727315;100;10;1000;1000;0.9;20;0;9;instances/miles500.col;128;2340;greedy
4;731480;100;10;1000;1000;0.9;20;0;9;instances/miles500.col;128;2340;greedy
4;696898;100;10;1000;1000;0.9;20;0;9;instances/miles500.col;128;2340;greedy
4;2370326;100;10;1000;1000;0.9;20;0;9;instances/miles500.col;128;2340;greedy
4;720100;100;10;1000;1000;0.9;20;0;9;instances/miles500.col;128;2340;greedy
60;715395;100;10;1000;1000;0.9;20;19185;9;instances/miles500.col;128;2340;random
62;696521;100;10;1000;1000;0.9;20;22859;9;instances/miles500.col;128;2340;random
64;2885962;100;10;1000;1000;0.9;20;25763;9;instances/miles500.col;128;2340;random
58;690274;100;10;1000;1000;0.9;20;25275;9;instances/miles500.col;128;2340;random
64;704098;100;10;1000;1000;0.9;20;15797;9;instances/miles500.col;128;2340;random
62;720359;100;10;1000;1000;0.9;20;21273;9;instances/miles500.col;128;2340;random
64;695962;100;10;1000;1000;0.9;20;6670;9;instances/miles500.col;128;2340;random
64;685848;100;10;1000;1000;0.9;20;7373;9;instances/miles500.col;128;2340;random
52;692390;100;10;1000;1000;0.9;20;13943;9;instances/miles500.col;128;2340;random
58;692918;100;10;1000;1000;0.9;20;12548;9;instances/miles500.col;128;2340;random
58;3744007;100;10;1000;5000;0.9;20;25103;9;instances/miles500.col;128;2340;random
50;3746997;100;10;1000;5000;0.9;20;106812;9;instances/miles500.col;128;2340;random
58;3770114;100;10;1000;5000;0.9;20;138461;9;instances/miles500.col;128;2340;random
60;3742790;100;10;1000;5000;0.9;20;126739;9;instances/miles500.col;128;2340;random
56;3786563;100;10;1000;5000;0.9;20;117923;9;instances/miles500.col;128;2340;random
58;3856016;100;10;1000;5000;0.9;20;124727;9;instances/miles500.col;128;2340;random
54;3847697;100;10;1000;5000;0.9;20;133507;9;instances/miles500.col;128;2340;random
56;3814475;100;10;1000;5000;0.9;20;139216;9;instances/miles500.col;128;2340;random
58;3750130;100;10;1000;5000;0.9;20;106344;9;instances/miles500.col;128;2340;random
60;3737620;100;10;1000;5000;0.9;20;133735;9;instances/miles500.col;128;2340;random
56;3815666;100;10;1000;5000;0.9;20;121867;9;instances/miles500.col;128;2340;random
60;3812218;100;10;1000;5000;0.9;20;26382;9;instances/miles500.col;128;2340;random
58;3781464;100;10;1000;5000;0.9;20;123572;9;instances/miles500.col;128;2340;random
58;3747147;100;10;1000;5000;0.9;20;131778;9;instances/miles500.col;128;2340;random
58;3776399;100;10;1000;5000;0.9;20;68400;9;instances/miles500.col;128;2340;random
62;3747645;100;10;1000;5000;0.9;20;68646;9;instances/miles500.col;128;2340;random
56;3801163;100;10;1000;5000;0.9;20;91372;9;instances/miles500.col;128;2340;random
56;3799693;100;10;1000;5000;0.9;20;91355;9;instances/miles500.col;128;2340;random
54;3788544;100;10;1000;5000;0.9;20;91640;9;instances/miles500.col;128;2340;random
60;3804023;100;10;1000;5000;0.9;20;50245;9;instances/miles500.col;128;2340;random
52;5629385;100;10;1000;5000;0.9;20;96610;9;instances/miles500.col;128;2340;random
60;3891851;100;10;1000;5000;0.9;20;679;9;instances/miles500.col;128;2340;random
58;3693535;100;10;1000;5000;0.9;20;134909;9;instances/miles500.col;128;2340;random
50;3693211;100;10;1000;5000;0.9;20;128831;9;instances/miles500.col;128;2340;random
62;3628410;100;10;1000;5000;0.9;20;129885;9;instances/miles500.col;128;2340;random
56;3451485;100;10;1000;5000;0.9;20;113387;9;instances/miles500.col;128;2340;random
56;3518196;100;10;1000;5000;0.9;20;134184;9;instances/miles500.col;128;2340;random
58;3655427;100;10;1000;5000;0.9;20;126224;9;instances/miles500.col;128;2340;random
56;3680279;100;10;1000;5000;0.9;20;123347;9;instances/miles500.col;128;2340;random
56;5427323;100;10;1000;5000;0.9;20;124355;9;instances/miles500.col;128;2340;random
