2;290603;100;10;1000;1000;0.9;8;0;9;instances/miles250.col;128;774;greedy
2;318812;100;10;1000;1000;0.9;8;0;9;instances/miles250.col;128;774;greedy
2;308530;100;10;1000;1000;0.9;8;0;9;instances/miles250.col;128;774;greedy
2;336829;100;10;1000;1000;0.9;8;0;9;instances/miles250.col;128;774;greedy
2;293405;100;10;1000;1000;0.9;8;0;9;instances/miles250.col;128;774;greedy
2;307462;100;10;1000;1000;0.9;8;0;9;instances/miles250.col;128;774;greedy
2;279727;100;10;1000;1000;0.9;8;0;9;instances/miles250.col;128;774;greedy
2;289247;100;10;1000;1000;0.9;8;0;9;instances/miles250.col;128;774;greedy
2;287976;100;10;1000;1000;0.9;8;0;9;instances/miles250.col;128;774;greedy
2;296773;100;10;1000;1000;0.9;8;0;9;instances/miles250.col;128;774;greedy
2;287238;100;10;1000;1000;0.9;8;0;9;instances/miles250.col;128;774;greedy
2;307432;100;10;1000;1000;0.9;8;0;9;instances/miles250.col;128;774;greedy
2;292354;100;10;1000;1000;0.9;8;0;9;instances/miles250.col;128;774;greedy
2;1963010;100;10;1000;1000;0.9;8;0;9;instances/miles250.col;128;774;greedy
2;298259;100;10;1000;1000;0.9;8;0;9;instances/miles250.col;128;774;greedy
2;286736;100;10;1000;1000;0.9;8;0;9;instances/miles250.col;128;774;greedy
2;313780;100;10;1000;1000;0.9;8;0;9;instances/miles250.col;128;774;greedy
2;295631;100;10;1000;1000;0.9;8;0;9;instances/miles250.col;128;774;greedy
2;296356;100;10;1000;1000;0.9;8;0;9;instances/miles250.col;128;774;greedy
2;302843;100;10;1000;1000;0.9;8;0;9;instances/miles250.col;128;774;greedy
2;289526;100;10;1000;1000;0.9;8;0;9;instances/miles250.col;128;774;greedy
2;287759;100;10;1000;1000;0.9;8;0;9;instances/miles250.col;128;774;greedy
2;299724;100;10;1000;1000;0.9;8;0;9;instances/miles250.col;128;774;greedy
2;293683;100;10;1000;1000;0.9;8;0;9;instances/miles250.col;128;774;greedy
2;299073;100;10;1000;1000;0.9;8;0;9;instances/miles250.col;128;774;greedy
2;287786;100;10;1000;1000;0.9;8;0;9;instances/miles250.col;128;774;greedy
2;290468;100;10;1000;1000;0.9;8;0;9;instances/miles250.col;128;774;greedy
2;293055;100;10;1000;1000;0.9;8;0;9;instances/miles250.col;128;774;greedy
2;304499;100;10;1000;1000;0.9;8;0;9;instances/miles250.col;128;774;greedy
2;291617;100;10;1000;1000;0.9;8;0;9;instances/miles250.col;128;774;greedy
2;297633;100;10;1000;1000;0.9;8;0;9;instances/miles250.col;128;774;greedy
2;314437;100;10;1000;1000;0.9;8;0;9;instances/miles250.col;128;774;greedy
2;294387;100;10;1000;1000;0.9;8;0;9;instances/miles250.col;128;774;greedy
2;295660;100;10;1000;1000;0.9;8;0;9;instances/miles250.col;128;774;greedy
2;292189;100;10;1000;1000;0.9;8;0;9;instances/miles250.col;128;774;greedy
2;296497;100;10;1000;1000;0.9;8;0;9;instances/miles250.col;128;774;greedy
2;301951;100;10;1000;1000;0.9;8;0;9;instances/miles250.col;128;774;greedy
0;91;100;10;1000;1000;0.9;8;0;100;instances/miles250.col;128;774;greedy
2;291919;100;10;1000;1000;0.9;8;0;9;instances/miles250.col;128;774;greedy
2;285070;100;10;1000;1000;0.9;8;0;9;instances/miles250.col;128;774;greedy
2;285329;100;10;1000;1000;0.9;8;0;9;instances/miles250.col;128;774;greedy
2;288848;100;10;1000;1000;0.9;8;0;9;instances/miles250.col;128;774;greedy
2;297140;100;10;1000;1000;0.9;8;0;9;instances/miles250.col;128;774;greedy
2;291836;100;10;1000;1000;0.9;8;0;9;instances/miles250.col;128;774;greedy
2;298070;100;10;1000;1000;0.9;8;0;9;instances/miles250.col;128;774;greedy
2;287859;100;10;1000;1000;0.9;8;0;9;instances/miles250.col;128;774;greedy
2;290122;100;10;1000;1000;0.9;8;0;9;instances/miles250.col;128;774;greedy
2;302587;100;10;1000;1000;0.9;8;0;9;instances/miles250.col;128;774;greedy
2;288944;100;10;1000;1000;0.9;8;0;9;instances/miles250.col;128;774;greedy
2;286733;100;10;1000;1000;0.9;8;0;9;instances/miles250.col;128;774;greedy
2;293828;100;10;1000;1000;0.9;8;0;9;instances/miles250.col;128;774;greedy
2;285034;100;10;1000;1000;0.9;8;0;9;instances/miles250.col;128;774;greedy
2;287332;100;10;1000;1000;0.9;8;0;9;instances/miles250.col;128;774;greedy
2;284174;100;10;1000;1000;0.9;8;0;9;instances/miles250.col;128;774;greedy
2;290217;100;10;1000;1000;0.9;8;0;9;instances/miles250.col;128;774;greedy
2;293382;100;10;1000;1000;0.9;8;0;9;instances/miles250.col;128;774;greedy
2;287020;100;10;1000;1000;0.9;8;0;9;instances/miles250.col;128;774;greedy
2;292733;100;10;1000;1000;0.9;8;0;9;instances/miles250.col;128;774;greedy
2;292871;100;10;1000;1000;0.9;8;0;9;instances/miles250.col;128;774;greedy
2;288559;100;10;1000;1000;0.9;8;0;9;instances/miles250.col;128;774;greedy
2;303062;100;10;1000;1000;0.9;8;0;9;instances/miles250.col;128;774;greedy
2;289270;100;10;1000;1000;0.9;8;0;9;instances/miles250.col;128;774;greedy
2;292657;100;10;1000;1000;0.9;8;0;9;instances/miles250.col;128;774;greedy
2;294127;100;10;1000;1000;0.9;8;0;9;instances/miles250.col;128;774;greedy
2;305324;100;10;1000;1000;0.9;8;0;9;instances/miles250.col;128;774;greedy
2;288677;100;10;1000;1000;0.9;8;0;9;instances/miles250.col;128;774;greedy
2;325102;100;10;1000;1000;0.9;8;0;9;instances/miles250.col;128;774;greedy
2;287317;100;10;1000;1000;0.9;8;0;9;instances/miles250.col;128;774;greedy
2;305915;100;10;1000;1000;0.9;8;0;9;instances/miles250.col;128;774;greedy
2;294061;100;10;1000;1000;0.9;8;0;9;instances/miles250.col;128;774;greedy
2;288922;100;10;1000;1000;0.9;8;0;9;instances/miles250.col;128;774;greedy
2;290227;100;10;1000;1000;0.9;8;0;9;instances/miles250.col;128;774;greedy
2;297411;100;10;1000;1000;0.9;8;0;9;instances/miles250.col;128;774;greedy
2;307305;100;10;1000;1000;0.9;8;0;9;instances/miles250.col;128;774;greedy
2;287638;100;10;1000;1000;0.9;8;0;9;instances/miles250.col;128;774;greedy
2;286294;100;10;1000;1000;0.9;8;0;9;instances/miles250.col;128;774;greedy
2;321172;100;10;1000;1000;0.9;8;0;9;instances/miles250.col;128;774;greedy
2;290208;100;10;1000;1000;0.9;8;0;9;instances/miles250.col;128;774;greedy
2;287999;100;10;1000;1000;0.9;8;0;9;instances/miles250.col;128;774;greedy
2;293291;100;10;1000;1000;0.9;8;0;9;instances/miles250.col;128;774;greedy
2;284341;100;10;1000;1000;0.9;8;0;9;instances/miles250.col;128;774;greedy
2;288040;100;10;1000;1000;0.9;8;0;9;instances/miles250.col;128;774;greedy
2;288818;100;10;1000;1000;0.9;8;0;9;instances/miles250.col;128;774;greedy
2;297654;100;10;1000;1000;0.9;8;0;9;instances/miles250.col;128;774;greedy
2;287267;100;10;1000;1000;0.9;8;0;9;instances/miles250.col;128;774;greedy
2;300074;100;10;1000;1000;0.9;8;0;9;instances/miles250.col;128;774;greedy
2;296628;100;10;1000;1000;0.9;8;0;9;instances/miles250.col;128;774;greedy
2;285769;100;10;1000;1000;0.9;8;0;9;instances/miles250.col;128;774;greedy
2;291706;100;10;1000;1000;0.9;8;0;9;instances/miles250.col;128;774;greedy
2;307546;100;10;1000;1000;0.9;8;0;9;instances/miles250.col;128;774;greedy
2;292143;100;10;1000;1000;0.9;8;0;9;instances/miles250.col;128;774;greedy
2;291563;100;10;1000;1000;0.9;8;0;9;instances/miles250.col;128;774;greedy
2;287866;100;10;1000;1000;0.9;8;0;9;instances/miles250.col;128;774;greedy
2;306731;100;10;1000;1000;0.9;8;0;9;instances/miles250.col;128;774;greedy
2;290699;100;10;1000;1000;0.9;8;0;9;instances/miles250.col;128;774;greedy
2;305209;100;10;1000;1000;0.9;8;0;9;instances/miles250.col;128;774;greedy
2;288935;100;10;1000;1000;0.9;8;0;9;instances/miles250.col;128;774;greedy
2;301508;100;10;1000;1000;0.9;8;0;9;instances/miles250.col;128;774;greedy
2;302834;100;10;1000;1000;0.9;8;0;9;instances/miles250.col;128;774;greedy
2;302159;100;10;1000;1000;0.9;8;0;9;instances/miles250.col;128;774;greedy
40;284594;100;10;1000;1000;0.9;8;18801;9;instances/miles250.col;128;774;random
48;297191;100;10;1000;1000;0.9;8;25686;9;instances/miles250.col;128;774;random
44;295156;100;10;1000;1000;0.9;8;20246;9;instances/miles250.col;128;774;random
38;292846;100;10;1000;1000;0.9;8;14748;9;instances/miles250.col;128;774;random
42;289882;100;10;1000;1000;0.9;8;26303;9;instances/miles250.col;128;774;random
44;293040;100;10;1000;1000;0.9;8;23378;9;instances/miles250.col;128;774;random
38;287303;100;10;1000;1000;0.9;8;19540;9;instances/miles250.col;128;774;random
42;296731;100;10;1000;1000;0.9;8;22283;9;instances/miles250.col;128;774;random
42;289737;100;10;1000;1000;0.9;8;853;9;instances/miles250.col;128;774;random
42;284665;100;10;1000;1000;0.9;8;23466;9;instances/miles250.col;128;774;random
38;1556931;100;10;1000;5000;0.9;8;82312;9;instances/miles250.col;128;774;random
38;1537833;100;10;1000;5000;0.9;8;58234;9;instances/miles250.col;128;774;random
40;1531479;100;10;1000;5000;0.9;8;65446;9;instances/miles250.col;128;774;random
40;1558288;100;10;1000;5000;0.9;8;43550;9;instances/miles250.col;128;774;random
40;1527026;100;10;1000;5000;0.9;8;135091;9;instances/miles250.col;128;774;random
40;1535386;100;10;1000;5000;0.9;8;75835;9;instances/miles250.col;128;774;random
40;1544837;100;10;1000;5000;0.9;8;117490;9;instances/miles250.col;128;774;random
40;1526097;100;10;1000;5000;0.9;8;38357;9;instances/miles250.col;128;774;random
36;1503235;100;10;1000;5000;0.9;8;131371;9;instances/miles250.col;128;774;random
40;1553734;100;10;1000;5000;0.9;8;107432;9;instances/miles250.col;128;774;random
42;1550535;100;10;1000;5000;0.9;8;92265;9;instances/miles250.col;128;774;random
42;1538042;100;10;1000;5000;0.9;8;130009;9;instances/miles250.col;128;774;random
40;1547644;100;10;1000;5000;0.9;8;128350;9;instances/miles250.col;128;774;random
40;1526954;100;10;1000;5000;0.9;8;120380;9;instances/miles250.col;128;774;random
38;1528341;100;10;1000;5000;0.9;8;100752;9;instances/miles250.col;128;774;random
42;1525871;100;10;1000;5000;0.9;8;125706;9;instances/miles250.col;128;774;random
40;1576140;100;10;1000;5000;0.9;8;124369;9;instances/miles250.col;128;774;random
40;1602428;100;10;1000;5000;0.9;8;125120;9;instances/miles250.col;128;774;random
36;1546596;100;10;1000;5000;0.9;8;38664;9;instances/miles250.col;128;774;random
36;1548545;100;10;1000;5000;0.9;8;93479;9;instances/miles250.col;128;774;random
40;1386065;100;10;1000;5000;0.9;8;115756;9;instances/miles250.col;128;774;random
42;1399433;100;10;1000;5000;0.9;8;1195;9;instances/miles250.col;128;774;random
42;1426259;100;10;1000;5000;0.9;8;17492;9;instances/miles250.col;128;774;random
40;1417778;100;10;1000;5000;0.9;8;106300;9;instances/miles250.col;128;774;random
40;1441851;100;10;1000;5000;0.9;8;119758;9;instances/miles250.col;128;774;random
40;1503824;100;10;1000;5000;0.9;8;89154;9;instances/miles250.col;128;774;random
42;1488934;100;10;1000;5000;0.9;8;120730;9;instances/miles250.col;128;774;random
42;1483870;100;10;1000;5000;0.9;8;7713;9;instances/miles250.col;128;774;random
38;1488008;100;10;1000;5000;0.9;8;127613;9;instances/miles250.col;128;774;random
38;1461452;100;10;1000;5000;0.9;8;115363;9;instances/miles250.col;128;774;random
