6;2858767;100;10;1000;1000;0.9;73;0;9;instances/miles1500.col;128;10396;greedy
6;2888245;100;10;1000;1000;0.9;73;0;9;instances/miles1500.col;128;10396;greedy
6;2694881;100;10;1000;1000;0.9;73;0;9;instances/miles1500.col;128;10396;greedy
6;2645158;100;10;1000;1000;0.9;73;0;9;instances/miles1500.col;128;10396;greedy
6;2897192;100;10;1000;1000;0.9;73;0;9;instances/miles1500.col;128;10396;greedy
6;2879568;100;10;1000;1000;0.9;73;0;9;instances/miles1500.col;128;10396;greedy
6;2865958;100;10;1000;1000;0.9;73;0;9;instances/miles1500.col;128;10396;greedy
6;2879177;100;10;1000;1000;0.9;73;0;9;instances/miles1500.col;128;10396;greedy
6;2888369;100;10;1000;1000;0.9;73;0;9;instances/miles1500.col;128;10396;greedy
6;2860938;100;10;1000;1000;0.9;73;0;9;instances/miles1500.col;128;10396;greedy
6;4685673;100;10;1000;1000;0.9;73;0;9;instances/miles1500.col;128;10396;greedy
6;2914036;100;10;1000;1000;0.9;73;0;9;instances/miles1500.col;128;10396;greedy
6;2839518;100;10;1000;1000;0.9;73;0;9;instances/miles1500.col;128;10396;greedy
6;2641569;100;10;1000;1000;0.9;73;0;9;instances/miles1500.col;128;10396;greedy
6;2716956;100;10;1000;1000;0.9;73;0;9;instances/miles1500.col;128;10396;greedy
6;2725505;100;10;1000;1000;0.9;73;0;9;instances/miles1500.col;128;10396;greedy
6;2826476;100;10;1000;1000;0.9;73;0;9;instances/miles1500.col;128;10396;greedy
6;2835231;100;10;1000;1000;0.9;73;0;9;instances/miles1500.col;128;10396;greedy
6;2839494;100;10;1000;1000;0.9;73;0;9;instances/miles1500.col;128;10396;greedy
6;2868198;100;10;1000;1000;0.9;73;0;9;instances/miles1500.col;128;10396;greedy
6;2896045;100;10;1000;1000;0.9;73;0;9;instances/miles1500.col;128;10396;greedy
6;2958402;100;10;1000;1000;0.9;73;0;9;instances/miles1500.col;128;10396;greedy
6;4641225;100;10;1000;1000;0.9;73;0;9;instances/miles1500.col;128;10396;greedy
6;2871482;100;10;1000;1000;0.9;73;0;9;instances/miles1500.col;128;10396;greedy
6;2743913;100;10;1000;1000;0.9;73;0;9;instances/miles1500.col;128;10396;greedy
6;2730364;100;10;1000;1000;0.9;73;0;9;instances/miles1500.col;128;10396;greedy
6;2765861;100;10;1000;1000;0.9;73;0;9;instances/miles1500.col;128;10396;greedy
6;2816238;100;10;1000;1000;0.9;73;0;9;instances/miles1500.col;128;10396;greedy
6;2845593;100;10;1000;1000;0.9;73;0;9;instances/miles1500.col;128;10396;greedy
6;2818297;100;10;1000;1000;0.9;73;0;9;instances/miles1500.col;128;10396;greedy
6;2820617;100;10;1000;1000;0.9;73;0;9;instances/miles1500.col;128;10396;greedy
6;2849082;100;10;1000;1000;0.9;73;0;9;instances/miles1500.col;128;10396;greedy
6;2816346;100;10;1000;1000;0.9;73;0;9;instances/miles1500.col;128;10396;greedy
6;4809098;100;10;1000;1000;0.9;73;0;9;instances/miles1500.col;128;10396;greedy
6;2855246;100;10;1000;1000;0.9;73;0;9;instances/miles1500.col;128;10396;greedy
6;2837100;100;10;1000;1000;0.9;73;0;9;instances/miles1500.col;128;10396;greedy
6;2846085;100;10;1000;1000;0.9;73;0;9;instances/miles1500.col;128;10396;greedy
6;2837941;100;10;1000;1000;0.9;73;0;9;instances/miles1500.col;128;10396;greedy
6;2835076;100;10;1000;1000;0.9;73;0;9;instances/miles1500.col;128;10396;greedy
6;2831830;100;10;1000;1000;0.9;73;0;9;instances/miles1500.col;128;10396;greedy
6;2817129;100;10;1000;1000;0.9;73;0;9;instances/miles1500.col;128;10396;greedy
6;2796063;100;10;1000;1000;0.9;73;0;9;instances/miles1500.col;128;10396;greedy
6;2815806;100;10;1000;1000;0.9;73;0;9;instances/miles1500.col;128;10396;greedy
6;2832532;100;10;1000;1000;0.9;73;0;9;instances/miles1500.col;128;10396;greedy
6;4431141;100;10;1000;1000;0.9;73;0;9;instances/miles1500.col;128;10396;greedy
6;2880463;100;10;1000;1000;0.9;73;0;9;instances/miles1500.col;128;10396;greedy
6;2780329;100;10;1000;1000;0.9;73;0;9;instances/miles1500.col;128;10396;greedy
6;2860660;100;10;1000;1000;0.9;73;0;9;instances/miles1500.col;128;10396;greedy
6;2746864;100;10;1000;1000;0.9;73;0;9;instances/miles1500.col;128;10396;greedy
6;2810388;100;10;1000;1000;0.9;73;0;9;instances/miles1500.col;128;10396;greedy
6;2850653;100;10;1000;1000;0.9;73;0;9;instances/miles1500.col;128;10396;greedy
6;2848719;100;10;1000;1000;0.9;73;0;9;instances/miles1500.col;128;10396;greedy
6;2864452;100;10;1000;1000;0.9;73;0;9;instances/miles1500.col;128;10396;greedy
6;2809942;100;10;1000;1000;0.9;73;0;9;instances/miles1500.col;128;10396;greedy
6;2887305;100;10;1000;1000;0.9;73;0;9;instances/miles1500.col;128;10396;greedy
6;2817780;100;10;1000;1000;0.9;73;0;9;instances/miles1500.col;128;10396;greedy
6;4537149;100;10;1000;1000;0.9;73;0;9;instances/miles1500.col;128;10396;greedy
6;2839400;100;10;1000;1000;0.9;73;0;9;instances/miles1500.col;128;10396;greedy
6;2826949;100;10;1000;1000;0.9;73;0;9;instances/miles1500.col;128;10396;greedy
6;2847913;100;10;1000;1000;0.9;73;0;9;instances/miles1500.col;128;10396;greedy
6;2864685;100;10;1000;1000;0.9;73;0;9;instances/miles1500.col;128;10396;greedy
6;2853865;100;10;1000;1000;0.9;73;0;9;instances/miles1500.col;128;10396;greedy
6;2875193;100;10;1000;1000;0.9;73;0;9;instances/miles1500.col;128;10396;greedy
6;2818542;100;10;1000;1000;0.9;73;0;9;instances/miles1500.col;128;10396;greedy
6;2792285;100;10;1000;1000;0.9;73;0;9;instances/miles1500.col;128;10396;greedy
6;2851238;100;10;1000;1000;0.9;73;0;9;instances/miles1500.col;128;10396;greedy
6;2828156;100;10;1000;1000;0.9;73;0;9;instances/miles1500.col;128;10396;greedy
6;4484506;100;10;1000;1000;0.9;73;0;9;instances/miles1500.col;128;10396;greedy
6;2810861;100;10;1000;1000;0.9;73;0;9;instances/miles1500.col;128;10396;greedy
6;2814077;100;10;1000;1000;0.9;73;0;9;instances/miles1500.col;128;10396;greedy
6;2790336;100;10;1000;1000;0.9;73;0;9;instances/miles1500.col;128;10396;greedy
6;2850498;100;10;1000;1000;0.9;73;0;9;instances/miles1500.col;128;10396;greedy
6;2798623;100;10;1000;1000;0.9;73;0;9;instances/miles1500.col;128;10396;greedy
6;2770431;100;10;1000;1000;0.9;73;0;9;instances/miles1500.col;128;10396;greedy
6;2983097;100;10;1000;1000;0.9;73;0;9;instances/miles1500.col;128;10396;greedy
6;3015460;100;10;1000;1000;0.9;73;0;9;instances/miles1500.col;128;10396;greedy
6;2968805;100;10;1000;1000;0.9;73;0;9;instances/miles1500.col;128;10396;greedy
6;2923541;100;10;1000;1000;0.9;73;0;9;instances/miles1500.col;128;10396;greedy
6;4551151;100;10;1000;1000;0.9;73;0;9;instances/miles1500.col;128;10396;greedy
6;2867308;100;10;1000;1000;0.9;73;0;9;instances/miles1500.col;128;10396;greedy
6;2858835;100;10;1000;1000;0.9;73;0;9;instances/miles1500.col;128;10396;greedy
6;2855597;100;10;1000;1000;0.9;73;0;9;instances/miles1500.col;128;10396;greedy
6;2858003;100;10;1000;1000;0.9;73;0;9;instances/miles1500.col;128;10396;greedy
6;2876648;100;10;1000;1000;0.9;73;0;9;instances/miles1500.col;128;10396;greedy
6;2877986;100;10;1000;1000;0.9;73;0;9;instances/miles1500.col;128;10396;greedy
6;2859333;100;10;1000;1000;0.9;73;0;9;instances/miles1500.col;128;10396;greedy
6;2851344;100;10;1000;1000;0.9;73;0;9;instances/miles1500.col;128;10396;greedy
6;2868934;100;10;1000;1000;0.9;73;0;9;instances/miles1500.col;128;10396;greedy
6;2856913;100;10;1000;1000;0.9;73;0;9;instances/miles1500.col;128;10396;greedy
6;2861988;100;10;1000;1000;0.9;73;0;9;instances/miles1500.col;128;10396;greedy
6;4485790;100;10;1000;1000;0.9;73;0;9;instances/miles1500.col;128;10396;greedy
6;2831556;100;10;1000;1000;0.9;73;0;9;instances/miles1500.col;128;10396;greedy
6;2879413;100;10;1000;1000;0.9;73;0;9;instances/miles1500.col;128;10396;greedy
6;2852216;100;10;1000;1000;0.9;73;0;9;instances/miles1500.col;128;10396;greedy
6;2824863;100;10;1000;1000;0.9;73;0;9;instances/miles1500.col;128;10396;greedy
6;2876140;100;10;1000;1000;0.9;73;0;9;instances/miles1500.col;128;10396;greedy
6;2846769;100;10;1000;1000;0.9;73;0;9;instances/miles1500.col;128;10396;greedy
6;2801223;100;10;1000;1000;0.9;73;0;9;instances/miles1500.col;128;10396;greedy
6;2851906;100;10;1000;1000;0.9;73;0;9;instances/miles1500.col;128;10396;greedy
6;2919078;100;10;1000;1000;0.9;73;0;9;instances/miles1500.col;128;10396;greedy
84;4971684;100;10;1000;1000;0.9;73;28405;9;instances/miles1500.col;128;10396;random
80;2819024;100;10;1000;1000;0.9;73;16647;9;instances/miles1500.col;128;10396;random
84;2783869;100;10;1000;1000;0.9;73;12935;9;instances/miles1500.col;128;10396;random
88;2759885;100;10;1000;1000;0.9;73;28939;9;instances/miles1500.col;128;10396;random
84;2765267;100;10;1000;1000;0.9;73;28826;9;instances/miles1500.col;128;10396;random
72;2792293;100;10;1000;1000;0.9;73;27458;9;instances/miles1500.col;128;10396;random
82;3130471;100;10;1000;1000;0.9;73;25315;9;instances/miles1500.col;128;10396;random
84;2796080;100;10;1000;1000;0.9;73;24351;9;instances/miles1500.col;128;10396;random
82;2812613;100;10;1000;1000;0.9;73;17489;9;instances/miles1500.col;128;10396;random
88;2792457;100;10;1000;1000;0.9;73;18926;9;instances/miles1500.col;128;10396;random
82;14985203;100;10;1000;5000;0.9;73;143149;9;instances/miles1500.col;128;10396;random
70;14852557;100;10;1000;5000;0.9;73;106954;9;instances/miles1500.col;128;10396;random
80;15028209;100;10;1000;5000;0.9;73;18441;9;instances/miles1500.col;128;10396;random
76;14897121;100;10;1000;5000;0.9;73;147226;9;instances/miles1500.col;128;10396;random
82;14873331;100;10;1000;5000;0.9;73;93716;9;instances/miles1500.col;128;10396;random
78;15033795;100;10;1000;5000;0.9;73;134820;9;instances/miles1500.col;128;10396;random
76;14942385;100;10;1000;5000;0.9;73;126419;9;instances/miles1500.col;128;10396;random
72;14967040;100;10;1000;5000;0.9;73;133819;9;instances/miles1500.col;128;10396;random
80;14855788;100;10;1000;5000;0.9;73;107489;9;instances/miles1500.col;128;10396;random
80;15045441;100;10;1000;5000;0.9;73;96009;9;instances/miles1500.col;128;10396;random
82;14773135;100;10;1000;5000;0.9;73;132134;9;instances/miles1500.col;128;10396;random
74;15007230;100;10;1000;5000;0.9;73;59828;9;instances/miles1500.col;128;10396;random
76;14941022;100;10;1000;5000;0.9;73;130985;9;instances/miles1500.col;128;10396;random
80;15019004;100;10;1000;5000;0.9;73;130194;9;instances/miles1500.col;128;10396;random
78;14819445;100;10;1000;5000;0.9;73;148283;9;instances/miles1500.col;128;10396;random
78;14941847;100;10;1000;5000;0.9;73;122666;9;instances/miles1500.col;128;10396;random
76;14819142;100;10;1000;5000;0.9;73;119032;9;instances/miles1500.col;128;10396;random
82;14749202;100;10;1000;5000;0.9;73;142759;9;instances/miles1500.col;128;10396;random
70;14669113;100;10;1000;5000;0.9;73;146523;9;instances/miles1500.col;128;10396;random
72;15148179;100;10;1000;5000;0.9;73;136465;9;instances/miles1500.col;128;10396;random
76;14223434;100;10;1000;5000;0.9;73;146312;9;instances/miles1500.col;128;10396;random
78;14307808;100;10;1000;5000;0.9;73;118107;9;instances/miles1500.col;128;10396;random
78;15982246;100;10;1000;5000;0.9;73;131850;9;instances/miles1500.col;128;10396;random
80;14022692;100;10;1000;5000;0.9;73;135766;9;instances/miles1500.col;128;10396;random
78;16191023;100;10;1000;5000;0.9;73;133468;9;instances/miles1500.col;128;10396;random
74;13923581;100;10;1000;5000;0.9;73;117605;9;instances/miles1500.col;128;10396;random
80;16226140;100;10;1000;5000;0.9;73;97789;9;instances/miles1500.col;128;10396;random
82;14113320;100;10;1000;5000;0.9;73;145642;9;instances/miles1500.col;128;10396;random
82;15887220;100;10;1000;5000;0.9;73;123271;9;instances/miles1500.col;128;10396;random
74;14464863;100;10;1000;5000;0.9;73;144342;9;instances/miles1500.col;128;10396;random
