0;81;100;10;1000;1000;0.9;4;0;100;instances/mug100_1.col;100;166;greedy
0;80;100;10;1000;1000;0.9;4;0;100;instances/mug100_1.col;100;166;greedy
0;74;100;10;1000;1000;0.9;4;0;100;instances/mug100_1.col;100;166;greedy
0;78;100;10;1000;1000;0.9;4;0;100;instances/mug100_1.col;100;166;greedy
0;86;100;10;1000;1000;0.9;4;0;100;instances/mug100_1.col;100;166;greedy
0;88;100;10;1000;1000;0.9;4;0;100;instances/mug100_1.col;100;166;greedy
0;87;100;10;1000;1000;0.9;4;0;100;instances/mug100_1.col;100;166;greedy
0;94;100;10;1000;1000;0.9;4;0;100;instances/mug100_1.col;100;166;greedy
0;89;100;10;1000;1000;0.9;4;0;100;instances/mug100_1.col;100;166;greedy
0;94;100;10;1000;1000;0.9;4;0;100;instances/mug100_1.col;100;166;greedy
0;89;100;10;1000;1000;0.9;4;0;100;instances/mug100_1.col;100;166;greedy
0;98;100;10;1000;1000;0.9;4;0;100;instances/mug100_1.col;100;166;greedy
0;97;100;10;1000;1000;0.9;4;0;100;instances/mug100_1.col;100;166;greedy
0;109;100;10;1000;1000;0.9;4;0;100;instances/mug100_1.col;100;166;greedy
0;116;100;10;1000;1000;0.9;4;0;100;instances/mug100_1.col;100;166;greedy
0;102;100;10;1000;1000;0.9;4;0;100;instances/mug100_1.col;100;166;greedy
0;98;100;10;1000;1000;0.9;4;0;100;instances/mug100_1.col;100;166;greedy
0;114;100;10;1000;1000;0.9;4;0;100;instances/mug100_1.col;100;166;greedy
0;156;100;10;1000;1000;0.9;4;0;100;instances/mug100_1.col;100;166;greedy
0;118;100;10;1000;1000;0.9;4;0;100;instances/mug100_1.col;100;166;greedy
0;116;100;10;1000;1000;0.9;4;0;100;instances/mug100_1.col;100;166;greedy
0;110;100;10;1000;1000;0.9;4;0;100;instances/mug100_1.col;100;166;greedy
0;109;100;10;1000;1000;0.9;4;0;100;instances/mug100_1.col;100;166;greedy
0;124;100;10;1000;1000;0.9;4;0;100;instances/mug100_1.col;100;166;greedy
0;103;100;10;1000;1000;0.9;4;0;100;instances/mug100_1.col;100;166;greedy
0;104;100;10;1000;1000;0.9;4;0;100;instances/mug100_1.col;100;166;greedy
0;136;100;10;1000;1000;0.9;4;0;100;instances/mug100_1.col;100;166;greedy
0;94;100;10;1000;1000;0.9;4;0;100;instances/mug100_1.col;100;166;greedy
0;88;100;10;1000;1000;0.9;4;0;100;instances/mug100_1.col;100;166;greedy
0;84;100;10;1000;1000;0.9;4;0;100;instances/mug100_1.col;100;166;greedy
0;76;100;10;1000;1000;0.9;4;0;100;instances/mug100_1.col;100;166;greedy
0;76;100;10;1000;1000;0.9;4;0;100;instances/mug100_1.col;100;166;greedy
0;64;100;10;1000;1000;0.9;4;0;100;instances/mug100_1.col;100;166;greedy
0;68;100;10;1000;1000;0.9;4;0;100;instances/mug100_1.col;100;166;greedy
0;66;100;10;1000;1000;0.9;4;0;100;instances/mug100_1.col;100;166;greedy
0;66;100;10;1000;1000;0.9;4;0;100;instances/mug100_1.col;100;166;greedy
0;60;100;10;1000;1000;0.9;4;0;100;instances/mug100_1.col;100;166;greedy
0;63;100;10;1000;1000;0.9;4;0;100;instances/mug100_1.col;100;166;greedy
0;67;100;10;1000;1000;0.9;4;0;100;instances/mug100_1.col;100;166;greedy
0;66;100;10;1000;1000;0.9;4;0;100;instances/mug100_1.col;100;166;greedy
0;61;100;10;1000;1000;0.9;4;0;100;instances/mug100_1.col;100;166;greedy
0;57;100;10;1000;1000;0.9;4;0;100;instances/mug100_1.col;100;166;greedy
0;56;100;10;1000;1000;0.9;4;0;100;instances/mug100_1.col;100;166;greedy
0;54;100;10;1000;1000;0.9;4;0;100;instances/mug100_1.col;100;166;greedy
0;69;100;10;1000;1000;0.9;4;0;100;instances/mug100_1.col;100;166;greedy
0;56;100;10;1000;1000;0.9;4;0;100;instances/mug100_1.col;100;166;greedy
0;54;100;10;1000;1000;0.9;4;0;100;instances/mug100_1.col;100;166;greedy
0;59;100;10;1000;1000;0.9;4;0;100;instances/mug100_1.col;100;166;greedy
0;63;100;10;1000;1000;0.9;4;0;100;instances/mug100_1.col;100;166;greedy
0;67;100;10;1000;1000;0.9;4;0;100;instances/mug100_1.col;100;166;greedy
0;78;100;10;1000;1000;0.9;4;0;100;instances/mug100_1.col;100;166;greedy
0;67;100;10;1000;1000;0.9;4;0;100;instances/mug100_1.col;100;166;greedy
0;68;100;10;1000;1000;0.9;4;0;100;instances/mug100_1.col;100;166;greedy
0;67;100;10;1000;1000;0.9;4;0;100;instances/mug100_1.col;100;166;greedy
0;87;100;10;1000;1000;0.9;4;0;100;instances/mug100_1.col;100;166;greedy
0;78;100;10;1000;1000;0.9;4;0;100;instances/mug100_1.col;100;166;greedy
0;88;100;10;1000;1000;0.9;4;0;100;instances/mug100_1.col;100;166;greedy
0;85;100;10;1000;1000;0.9;4;0;100;instances/mug100_1.col;100;166;greedy
0;95;100;10;1000;1000;0.9;4;0;100;instances/mug100_1.col;100;166;greedy
0;90;100;10;1000;1000;0.9;4;0;100;instances/mug100_1.col;100;166;greedy
0;121;100;10;1000;1000;0.9;4;0;100;instances/mug100_1.col;100;166;greedy
0;96;100;10;1000;1000;0.9;4;0;100;instances/mug100_1.col;100;166;greedy
0;86;100;10;1000;1000;0.9;4;0;100;instances/mug100_1.col;100;166;greedy
0;98;100;10;1000;1000;0.9;4;0;100;instances/mug100_1.col;100;166;greedy
0;98;100;10;1000;1000;0.9;4;0;100;instances/mug100_1.col;100;166;greedy
0;91;100;10;1000;1000;0.9;4;0;100;instances/mug100_1.col;100;166;greedy
0;99;100;10;1000;1000;0.9;4;0;100;instances/mug100_1.col;100;166;greedy
0;96;100;10;1000;1000;0.9;4;0;100;instances/mug100_1.col;100;166;greedy
0;115;100;10;1000;1000;0.9;4;0;100;instances/mug100_1.col;100;166;greedy
0;102;100;10;1000;1000;0.9;4;0;100;instances/mug100_1.col;100;166;greedy
0;116;100;10;1000;1000;0.9;4;0;100;instances/mug100_1.col;100;166;greedy
0;108;100;10;1000;1000;0.9;4;0;100;instances/mug100_1.col;100;166;greedy
0;137;100;10;1000;1000;0.9;4;0;100;instances/mug100_1.col;100;166;greedy
0;104;100;10;1000;1000;0.9;4;0;100;instances/mug100_1.col;100;166;greedy
0;114;100;10;1000;1000;0.9;4;0;100;instances/mug100_1.col;100;166;greedy
0;125;100;10;1000;1000;0.9;4;0;100;instances/mug100_1.col;100;166;greedy
0;133;100;10;1000;1000;0.9;4;0;100;instances/mug100_1.col;100;166;greedy
0;130;100;10;1000;1000;0.9;4;0;100;instances/mug100_1.col;100;166;greedy
0;169;100;10;1000;1000;0.9;4;0;100;instances/mug100_1.col;100;166;greedy
0;142;100;10;1000;1000;0.9;4;0;100;instances/mug100_1.col;100;166;greedy
0;147;100;10;1000;1000;0.9;4;0;100;instances/mug100_1.col;100;166;greedy
0;156;100;10;1000;1000;0.9;4;0;100;instances/mug100_1.col;100;166;greedy
0;145;100;10;1000;1000;0.9;4;0;100;instances/mug100_1.col;100;166;greedy
0;128;100;10;1000;1000;0.9;4;0;100;instances/mug100_1.col;100;166;greedy
0;152;100;10;1000;1000;0.9;4;0;100;instances/mug100_1.col;100;166;greedy
0;173;100;10;1000;1000;0.9;4;0;100;instances/mug100_1.col;100;166;greedy
0;131;100;10;1000;1000;0.9;4;0;100;instances/mug100_1.col;100;166;greedy
0;173;100;10;1000;1000;0.9;4;0;100;instances/mug100_1.col;100;166;greedy
0;145;100;10;1000;1000;0.9;4;0;100;instances/mug100_1.col;100;166;greedy
0;133;100;10;1000;1000;0.9;4;0;100;instances/mug100_1.col;100;166;greedy
0;194;100;10;1000;1000;0.9;4;0;100;instances/mug100_1.col;100;166;greedy
0;152;100;10;1000;1000;0.9;4;0;100;instances/mug100_1.col;100;166;greedy
0;135;100;10;1000;1000;0.9;4;0;100;instances/mug100_1.col;100;166;greedy
0;158;100;10;1000;1000;0.9;4;0;100;instances/mug100_1.col;100;166;greedy
0;140;100;10;1000;1000;0.9;4;0;100;instances/mug100_1.col;100;166;greedy
0;171;100;10;1000;1000;0.9;4;0;100;instances/mug100_1.col;100;166;greedy
0;134;100;10;1000;1000;0.9;4;0;100;instances/mug100_1.col;100;166;greedy
0;146;100;10;1000;1000;0.9;4;0;100;instances/mug100_1.col;100;166;greedy
0;168;100;10;1000;1000;0.9;4;0;100;instances/mug100_1.col;100;166;greedy
0;162;100;10;1000;1000;0.9;4;0;100;instances/mug100_1.col;100;166;greedy
12;94263;100;10;1000;1000;0.9;4;21579;9;instances/mug100_1.col;100;166;random
17;90257;100;10;1000;1000;0.9;4;3334;9;instances/mug100_1.col;100;166;random
16;92620;100;10;1000;1000;0.9;4;3397;9;instances/mug100_1.col;100;166;random
14;91644;100;10;1000;1000;0.9;4;22530;9;instances/mug100_1.col;100;166;random
15;93936;100;10;1000;1000;0.9;4;17037;9;instances/mug100_1.col;100;166;random
14;92044;100;10;1000;1000;0.9;4;15331;9;instances/mug100_1.col;100;166;random
16;92717;100;10;1000;1000;0.9;4;12505;9;instances/mug100_1.col;100;166;random
16;93513;100;10;1000;1000;0.9;4;24740;9;instances/mug100_1.col;100;166;random
13;92160;100;10;1000;1000;0.9;4;17783;9;instances/mug100_1.col;100;166;random
13;104789;100;10;1000;1000;0.9;4;24378;9;instances/mug100_1.col;100;166;random
13;489926;100;10;1000;5000;0.9;4;128434;9;instances/mug100_1.col;100;166;random
14;501778;100;10;1000;5000;0.9;4;51995;9;instances/mug100_1.col;100;166;random
13;514841;100;10;1000;5000;0.9;4;113158;9;instances/mug100_1.col;100;166;random
11;505438;100;10;1000;5000;0.9;4;72811;9;instances/mug100_1.col;100;166;random
13;515661;100;10;1000;5000;0.9;4;134387;9;instances/mug100_1.col;100;166;random
16;526855;100;10;1000;5000;0.9;4;6496;9;instances/mug100_1.col;100;166;random
12;495247;100;10;1000;5000;0.9;4;107036;9;instances/mug100_1.col;100;166;random
13;497913;100;10;1000;5000;0.9;4;11774;9;instances/mug100_1.col;100;166;random
14;514709;100;10;1000;5000;0.9;4;123889;9;instances/mug100_1.col;100;166;random
15;494973;100;10;1000;5000;0.9;4;83856;9;instances/mug100_1.col;100;166;random
11;490337;100;10;1000;5000;0.9;4;107671;9;instances/mug100_1.col;100;166;random
12;500451;100;10;1000;5000;0.9;4;142428;9;instances/mug100_1.col;100;166;random
14;490850;100;10;1000;5000;0.9;4;8676;9;instances/mug100_1.col;100;166;random
13;497806;100;10;1000;5000;0.9;4;32785;9;instances/mug100_1.col;100;166;random
13;516056;100;10;1000;5000;0.9;4;17906;9;instances/mug100_1.col;100;166;random
12;495966;100;10;1000;5000;0.9;4;20500;9;instances/mug100_1.col;100;166;random
14;510220;100;10;1000;5000;0.9;4;116073;9;instances/mug100_1.col;100;166;random
14;500762;100;10;1000;5000;0.9;4;142502;9;instances/mug100_1.col;100;166;random
13;501136;100;10;1000;5000;0.9;4;83646;9;instances/mug100_1.col;100;166;random
13;513078;100;10;1000;5000;0.9;4;60910;9;instances/mug100_1.col;100;166;random
13;488263;100;10;1000;5000;0.9;4;107360;9;instances/mug100_1.col;100;166;random
15;486368;100;10;1000;5000;0.9;4;8342;9;instances/mug100_1.col;100;166;random
12;477024;100;10;1000;5000;0.9;4;130870;9;instances/mug100_1.col;100;166;random
16;478040;100;10;1000;5000;0.9;4;17108;9;instances/mug100_1.col;100;166;random
14;483435;100;10;1000;5000;0.9;4;106637;9;instances/mug100_1.col;100;166;random
16;472457;100;10;1000;5000;0.9;4;4622;9;instances/mug100_1.col;100;166;random
15;476286;100;10;1000;5000;0.9;4;48890;9;instances/mug100_1.col;100;166;random
14;479917;100;10;1000;5000;0.9;4;128678;9;instances/mug100_1.col;100;166;random
13;475641;100;10;1000;5000;0.9;4;121142;9;instances/mug100_1.col;100;166;random
13;473652;100;10;1000;5000;0.9;4;113099;9;instances/mug100_1.col;100;166;random
