0;169;100;10;1000;1000;0.9;4;0;100;instances/mug100_25.col;100;166;greedy
0;146;100;10;1000;1000;0.9;4;0;100;instances/mug100_25.col;100;166;greedy
0;152;100;10;1000;1000;0.9;4;0;100;instances/mug100_25.col;100;166;greedy
0;143;100;10;1000;1000;0.9;4;0;100;instances/mug100_25.col;100;166;greedy
0;133;100;10;1000;1000;0.9;4;0;100;instances/mug100_25.col;100;166;greedy
0;179;100;10;1000;1000;0.9;4;0;100;instances/mug100_25.col;100;166;greedy
0;145;100;10;1000;1000;0.9;4;0;100;instances/mug100_25.col;100;166;greedy
0;172;100;10;1000;1000;0.9;4;0;100;instances/mug100_25.col;100;166;greedy
0;133;100;10;1000;1000;0.9;4;0;100;instances/mug100_25.col;100;166;greedy
0;155;100;10;1000;1000;0.9;4;0;100;instances/mug100_25.col;100;166;greedy
0;167;100;10;1000;1000;0.9;4;0;100;instances/mug100_25.col;100;166;greedy
0;195;100;10;1000;1000;0.9;4;0;100;instances/mug100_25.col;100;166;greedy
0;154;100;10;1000;1000;0.9;4;0;100;instances/mug100_25.col;100;166;greedy
0;140;100;10;1000;1000;0.9;4;0;100;instances/mug100_25.col;100;166;greedy
0;160;100;10;1000;1000;0.9;4;0;100;instances/mug100_25.col;100;166;greedy
0;185;100;10;1000;1000;0.9;4;0;100;instances/mug100_25.col;100;166;greedy
0;158;100;10;1000;1000;0.9;4;0;100;instances/mug100_25.col;100;166;greedy
0;165;100;10;1000;1000;0.9;4;0;100;instances/mug100_25.col;100;166;greedy
0;163;100;10;1000;1000;0.9;4;0;100;instances/mug100_25.col;100;166;greedy
0;158;100;10;1000;1000;0.9;4;0;100;instances/mug100_25.col;100;166;greedy
0;137;100;10;1000;1000;0.9;4;0;100;instances/mug100_25.col;100;166;greedy
0;152;100;10;1000;1000;0.9;4;0;100;instances/mug100_25.col;100;166;greedy
0;140;100;10;1000;1000;0.9;4;0;100;instances/mug100_25.col;100;166;greedy
0;232;100;10;1000;1000;0.9;4;0;100;instances/mug100_25.col;100;166;greedy
0;177;100;10;1000;1000;0.9;4;0;100;instances/mug100_25.col;100;166;greedy
0;155;100;10;1000;1000;0.9;4;0;100;instances/mug100_25.col;100;166;greedy
0;164;100;10;1000;1000;0.9;4;0;100;instances/mug100_25.col;100;166;greedy
0;129;100;10;1000;1000;0.9;4;0;100;instances/mug100_25.col;100;166;greedy
0;178;100;10;1000;1000;0.9;4;0;100;instances/mug100_25.col;100;166;greedy
0;161;100;10;1000;1000;0.9;4;0;100;instances/mug100_25.col;100;166;greedy
0;125;100;10;1000;1000;0.9;4;0;100;instances/mug100_25.col;100;166;greedy
0;133;100;10;1000;1000;0.9;4;0;100;instances/mug100_25.col;100;166;greedy
0;127;100;10;1000;1000;0.9;4;0;100;instances/mug100_25.col;100;166;greedy
0;127;100;10;1000;1000;0.9;4;0;100;instances/mug100_25.col;100;166;greedy
0;108;100;10;1000;1000;0.9;4;0;100;instances/mug100_25.col;100;166;greedy
0;104;100;10;1000;1000;0.9;4;0;100;instances/mug100_25.col;100;166;greedy
0;124;100;10;1000;1000;0.9;4;0;100;instances/mug100_25.col;100;166;greedy
0;166;100;10;1000;1000;0.9;4;0;100;instances/mug100_25.col;100;166;greedy
0;107;100;10;1000;1000;0.9;4;0;100;instances/mug100_25.col;100;166;greedy
0;129;100;10;1000;1000;0.9;4;0;100;instances/mug100_25.col;100;166;greedy
0;143;100;10;1000;1000;0.9;4;0;100;instances/mug100_25.col;100;166;greedy
0;136;100;10;1000;1000;0.9;4;0;100;instances/mug100_25.col;100;166;greedy
0;144;100;10;1000;1000;0.9;4;0;100;instances/mug100_25.col;100;166;greedy
0;210;100;10;1000;1000;0.9;4;0;100;instances/mug100_25.col;100;166;greedy
0;114;100;10;1000;1000;0.9;4;0;100;instances/mug100_25.col;100;166;greedy
0;148;100;10;1000;1000;0.9;4;0;100;instances/mug100_25.col;100;166;greedy
0;112;100;10;1000;1000;0.9;4;0;100;instances/mug100_25.col;100;166;greedy
0;130;100;10;1000;1000;0.9;4;0;100;instances/mug100_25.col;100;166;greedy
0;133;100;10;1000;1000;0.9;4;0;100;instances/mug100_25.col;100;166;greedy
0;158;100;10;1000;1000;0.9;4;0;100;instances/mug100_25.col;100;166;greedy
0;143;100;10;1000;1000;0.9;4;0;100;instances/mug100_25.col;100;166;greedy
0;167;100;10;1000;1000;0.9;4;0;100;instances/mug100_25.col;100;166;greedy
0;147;100;10;1000;1000;0.9;4;0;100;instances/mug100_25.col;100;166;greedy
0;140;100;10;1000;1000;0.9;4;0;100;instances/mug100_25.col;100;166;greedy
0;162;100;10;1000;1000;0.9;4;0;100;instances/mug100_25.col;100;166;greedy
0;137;100;10;1000;1000;0.9;4;0;100;instances/mug100_25.col;100;166;greedy
0;156;100;10;1000;1000;0.9;4;0;100;instances/mug100_25.col;100;166;greedy
0;146;100;10;1000;1000;0.9;4;0;100;instances/mug100_25.col;100;166;greedy
0;136;100;10;1000;1000;0.9;4;0;100;instances/mug100_25.col;100;166;greedy
0;161;100;10;1000;1000;0.9;4;0;100;instances/mug100_25.col;100;166;greedy
0;149;100;10;1000;1000;0.9;4;0;100;instances/mug100_25.col;100;166;greedy
0;169;100;10;1000;1000;0.9;4;0;100;instances/mug100_25.col;100;166;greedy
0;162;100;10;1000;1000;0.9;4;0;100;instances/mug100_25.col;100;166;greedy
0;175;100;10;1000;1000;0.9;4;0;100;instances/mug100_25.col;100;166;greedy
0;161;100;10;1000;1000;0.9;4;0;100;instances/mug100_25.col;100;166;greedy
0;174;100;10;1000;1000;0.9;4;0;100;instances/mug100_25.col;100;166;greedy
0;138;100;10;1000;1000;0.9;4;0;100;instances/mug100_25.col;100;166;greedy
0;130;100;10;1000;1000;0.9;4;0;100;instances/mug100_25.col;100;166;greedy
0;125;100;10;1000;1000;0.9;4;0;100;instances/mug100_25.col;100;166;greedy
0;143;100;10;1000;1000;0.9;4;0;100;instances/mug100_25.col;100;166;greedy
0;197;100;10;1000;1000;0.9;4;0;100;instances/mug100_25.col;100;166;greedy
0;140;100;10;1000;1000;0.9;4;0;100;instances/mug100_25.col;100;166;greedy
0;164;100;10;1000;1000;0.9;4;0;100;instances/mug100_25.col;100;166;greedy
0;249;100;10;1000;1000;0.9;4;0;100;instances/mug100_25.col;100;166;greedy
0;157;100;10;1000;1000;0.9;4;0;100;instances/mug100_25.col;100;166;greedy
0;164;100;10;1000;1000;0.9;4;0;100;instances/mug100_25.col;100;166;greedy
0;148;100;10;1000;1000;0.9;4;0;100;instances/mug100_25.col;100;166;greedy
0;150;100;10;1000;1000;0.9;4;0;100;instances/mug100_25.col;100;166;greedy
0;163;100;10;1000;1000;0.9;4;0;100;instances/mug100_25.col;100;166;greedy
0;262;100;10;1000;1000;0.9;4;0;100;instances/mug100_25.col;100;166;greedy
0;166;100;10;1000;1000;0.9;4;0;100;instances/mug100_25.col;100;166;greedy
0;154;100;10;1000;1000;0.9;4;0;100;instances/mug100_25.col;100;166;greedy
0;142;100;10;1000;1000;0.9;4;0;100;instances/mug100_25.col;100;166;greedy
0;148;100;10;1000;1000;0.9;4;0;100;instances/mug100_25.col;100;166;greedy
0;187;100;10;1000;1000;0.9;4;0;100;instances/mug100_25.col;100;166;greedy
0;155;100;10;1000;1000;0.9;4;0;100;instances/mug100_25.col;100;166;greedy
0;165;100;10;1000;1000;0.9;4;0;100;instances/mug100_25.col;100;166;greedy
0;162;100;10;1000;1000;0.9;4;0;100;instances/mug100_25.col;100;166;greedy
0;151;100;10;1000;1000;0.9;4;0;100;instances/mug100_25.col;100;166;greedy
0;169;100;10;1000;1000;0.9;4;0;100;instances/mug100_25.col;100;166;greedy
0;161;100;10;1000;1000;0.9;4;0;100;instances/mug100_25.col;100;166;greedy
0;154;100;10;1000;1000;0.9;4;0;100;instances/mug100_25.col;100;166;greedy
0;154;100;10;1000;1000;0.9;4;0;100;instances/mug100_25.col;100;166;greedy
0;165;100;10;1000;1000;0.9;4;0;100;instances/mug100_25.col;100;166;greedy
0;154;100;10;1000;1000;0.9;4;0;100;instances/mug100_25.col;100;166;greedy
0;164;100;10;1000;1000;0.9;4;0;100;instances/mug100_25.col;100;166;greedy
0;172;100;10;1000;1000;0.9;4;0;100;instances/mug100_25.col;100;166;greedy
0;159;100;10;1000;1000;0.9;4;0;100;instances/mug100_25.col;100;166;greedy
0;164;100;10;1000;1000;0.9;4;0;100;instances/mug100_25.col;100;166;greedy
0;158;100;10;1000;1000;0.9;4;0;100;instances/mug100_25.col;100;166;greedy
11;106401;100;10;1000;1000;0.9;4;15076;9;instances/mug100_25.col;100;166;random
16;97459;100;10;1000;1000;0.9;4;12591;9;instances/mug100_25.col;100;166;random
13;94279;100;10;1000;1000;0.9;4;27009;9;instances/mug100_25.col;100;166;random
17;92648;100;10;1000;1000;0.9;4;3890;9;instances/mug100_25.col;100;166;random
15;91143;100;10;1000;1000;0.9;4;23973;9;instances/mug100_25.col;100;166;random
15;91983;100;10;1000;1000;0.9;4;675;9;instances/mug100_25.col;100;166;random
15;95227;100;10;1000;1000;0.9;4;24897;9;instances/mug100_25.col;100;166;random
15;101335;100;10;1000;1000;0.9;4;10992;9;instances/mug100_25.col;100;166;random
16;110185;100;10;1000;1000;0.9;4;17392;9;instances/mug100_25.col;100;166;random
14;96465;100;10;1000;1000;0.9;4;926;9;instances/mug100_25.col;100;166;random
14;495478;100;10;1000;5000;0.9;4;53270;9;instances/mug100_25.col;100;166;random
15;504692;100;10;1000;5000;0.9;4;30778;9;instances/mug100_25.col;100;166;random
12;497686;100;10;1000;5000;0.9;4;68597;9;instances/mug100_25.col;100;166;random
14;521391;100;10;1000;5000;0.9;4;63984;9;instances/mug100_25.col;100;166;random
13;496163;100;10;1000;5000;0.9;4;108067;9;instances/mug100_25.col;100;166;random
14;487551;100;10;1000;5000;0.9;4;9230;9;instances/mug100_25.col;100;166;random
14;495426;100;10;1000;5000;0.9;4;90092;9;instances/mug100_25.col;100;166;random
10;522663;100;10;1000;5000;0.9;4;135460;9;instances/mug100_25.col;100;166;random
14;496876;100;10;1000;5000;0.9;4;44944;9;instances/mug100_25.col;100;166;random
15;491323;100;10;1000;5000;0.9;4;124409;9;instances/mug100_25.col;100;166;random
15;514568;100;10;1000;5000;0.9;4;105830;9;instances/mug100_25.col;100;166;random
13;498247;100;10;1000;5000;0.9;4;90565;9;instances/mug100_25.col;100;166;random
14;510239;100;10;1000;5000;0.9;4;65821;9;instances/mug100_25.col;100;166;random
11;529953;100;10;1000;5000;0.9;4;138139;9;instances/mug100_25.col;100;166;random
15;505413;100;10;1000;5000;0.9;4;131900;9;instances/mug100_25.col;100;166;random
15;503264;100;10;1000;5000;0.9;4;35676;9;instances/mug100_25.col;100;166;random
11;519600;100;10;1000;5000;0.9;4;130458;9;instances/mug100_25.col;100;166;random
14;498804;100;10;1000;5000;0.9;4;128366;9;instances/mug100_25.col;100;166;random
14;519770;100;10;1000;5000;0.9;4;131264;9;instances/mug100_25.col;100;166;random
13;488623;100;10;1000;5000;0.9;4;16264;9;instances/mug100_25.col;100;166;random
15;483208;100;10;1000;5000;0.9;4;132930;9;instances/mug100_25.col;100;166;random
13;2252951;100;10;1000;5000;0.9;4;23935;9;instances/mug100_25.col;100;166;random
13;491162;100;10;1000;5000;0.9;4;21260;9;instances/mug100_25.col;100;166;random
15;487099;100;10;1000;5000;0.9;4;42760;9;instances/mug100_25.col;100;166;random
14;477513;100;10;1000;5000;0.9;4;106767;9;instances/mug100_25.col;100;166;random
12;461782;100;10;1000;5000;0.9;4;54578;9;instances/mug100_25.col;100;166;random
14;525282;100;10;1000;5000;0.9;4;80417;9;instances/mug100_25.col;100;166;random
11;492914;100;10;1000;5000;0.9;4;123181;9;instances/mug100_25.col;100;166;random
13;473403;100;10;1000;5000;0.9;4;125431;9;instances/mug100_25.col;100;166;random
11;480634;100;10;1000;5000;0.9;4;61785;9;instances/mug100_25.col;100;166;random
