0;56;100;10;1000;1000;0.9;4;0;100;instances/mug88_25.col;88;146;greedy
0;57;100;10;1000;1000;0.9;4;0;100;instances/mug88_25.col;88;146;greedy
0;55;100;10;1000;1000;0.9;4;0;100;instances/mug88_25.col;88;146;greedy
0;53;100;10;1000;1000;0.9;4;0;100;instances/mug88_25.col;88;146;greedy
0;54;100;10;1000;1000;0.9;4;0;100;instances/mug88_25.col;88;146;greedy
0;133;100;10;1000;1000;0.9;4;0;100;instances/mug88_25.col;88;146;greedy
0;53;100;10;1000;1000;0.9;4;0;100;instances/mug88_25.col;88;146;greedy
0;52;100;10;1000;1000;0.9;4;0;100;instances/mug88_25.col;88;146;greedy
0;48;100;10;1000;1000;0.9;4;0;100;instances/mug88_25.col;88;146;greedy
0;49;100;10;1000;1000;0.9;4;0;100;instances/mug88_25.col;88;146;greedy
0;54;100;10;1000;1000;0.9;4;0;100;instances/mug88_25.col;88;146;greedy
0;55;100;10;1000;1000;0.9;4;0;100;instances/mug88_25.col;88;146;greedy
0;187;100;10;1000;1000;0.9;4;0;100;instances/mug88_25.col;88;146;greedy
0;56;100;10;1000;1000;0.9;4;0;100;instances/mug88_25.col;88;146;greedy
0;54;100;10;1000;1000;0.9;4;0;100;instances/mug88_25.col;88;146;greedy
0;56;100;10;1000;1000;0.9;4;0;100;instances/mug88_25.col;88;146;greedy
0;61;100;10;1000;1000;0.9;4;0;100;instances/mug88_25.col;88;146;greedy
0;68;100;10;1000;1000;0.9;4;0;100;instances/mug88_25.col;88;146;greedy
0;64;100;10;1000;1000;0.9;4;0;100;instances/mug88_25.col;88;146;greedy
0;157;100;10;1000;1000;0.9;4;0;100;instances/mug88_25.col;88;146;greedy
0;68;100;10;1000;1000;0.9;4;0;100;instances/mug88_25.col;88;146;greedy
0;74;100;10;1000;1000;0.9;4;0;100;instances/mug88_25.col;88;146;greedy
0;75;100;10;1000;1000;0.9;4;0;100;instances/mug88_25.col;88;146;greedy
0;84;100;10;1000;1000;0.9;4;0;100;instances/mug88_25.col;88;146;greedy
0;75;100;10;1000;1000;0.9;4;0;100;instances/mug88_25.col;88;146;greedy
0;81;100;10;1000;1000;0.9;4;0;100;instances/mug88_25.col;88;146;greedy
0;192;100;10;1000;1000;0.9;4;0;100;instances/mug88_25.col;88;146;greedy
0;148;100;10;1000;1000;0.9;4;0;100;instances/mug88_25.col;88;146;greedy
0;74;100;10;1000;1000;0.9;4;0;100;instances/mug88_25.col;88;146;greedy
0;68;100;10;1000;1000;0.9;4;0;100;instances/mug88_25.col;88;146;greedy
0;58;100;10;1000;1000;0.9;4;0;100;instances/mug88_25.col;88;146;greedy
0;61;100;10;1000;1000;0.9;4;0;100;instances/mug88_25.col;88;146;greedy
0;60;100;10;1000;1000;0.9;4;0;100;instances/mug88_25.col;88;146;greedy
0;61;100;10;1000;1000;0.9;4;0;100;instances/mug88_25.col;88;146;greedy
0;63;100;10;1000;1000;0.9;4;0;100;instances/mug88_25.col;88;146;greedy
0;69;100;10;1000;1000;0.9;4;0;100;instances/mug88_25.col;88;146;greedy
0;75;100;10;1000;1000;0.9;4;0;100;instances/mug88_25.col;88;146;greedy
0;78;100;10;1000;1000;0.9;4;0;100;instances/mug88_25.col;88;146;greedy
0;75;100;10;1000;1000;0.9;4;0;100;instances/mug88_25.col;88;146;greedy
0;83;100;10;1000;1000;0.9;4;0;100;instances/mug88_25.col;88;146;greedy
0;72;100;10;1000;1000;0.9;4;0;100;instances/mug88_25.col;88;146;greedy
0;79;100;10;1000;1000;0.9;4;0;100;instances/mug88_25.col;88;146;greedy
0;83;100;10;1000;1000;0.9;4;0;100;instances/mug88_25.col;88;146;greedy
0;82;100;10;1000;1000;0.9;4;0;100;instances/mug88_25.col;88;146;greedy
0;88;100;10;1000;1000;0.9;4;0;100;instances/mug88_25.col;88;146;greedy
0;84;100;10;1000;1000;0.9;4;0;100;instances/mug88_25.col;88;146;greedy
0;80;100;10;1000;1000;0.9;4;0;100;instances/mug88_25.col;88;146;greedy
0;83;100;10;1000;1000;0.9;4;0;100;instances/mug88_25.col;88;146;greedy
0;77;100;10;1000;1000;0.9;4;0;100;instances/mug88_25.col;88;146;greedy
0;65;100;10;1000;1000;0.9;4;0;100;instances/mug88_25.col;88;146;greedy
0;63;100;10;1000;1000;0.9;4;0;100;instances/mug88_25.col;88;146;greedy
0;73;100;10;1000;1000;0.9;4;0;100;instances/mug88_25.col;88;146;greedy
0;68;100;10;1000;1000;0.9;4;0;100;instances/mug88_25.col;88;146;greedy
0;65;100;10;1000;1000;0.9;4;0;100;instances/mug88_25.col;88;146;greedy
0;66;100;10;1000;1000;0.9;4;0;100;instances/mug88_25.col;88;146;greedy
0;62;100;10;1000;1000;0.9;4;0;100;instances/mug88_25.col;88;146;greedy
0;68;100;10;1000;1000;0.9;4;0;100;instances/mug88_25.col;88;146;greedy
0;58;100;10;1000;1000;0.9;4;0;100;instances/mug88_25.col;88;146;greedy
0;60;100;10;1000;1000;0.9;4;0;100;instances/mug88_25.col;88;146;greedy
0;58;100;10;1000;1000;0.9;4;0;100;instances/mug88_25.col;88;146;greedy
0;56;100;10;1000;1000;0.9;4;0;100;instances/mug88_25.col;88;146;greedy
0;59;100;10;1000;1000;0.9;4;0;100;instances/mug88_25.col;88;146;greedy
0;58;100;10;1000;1000;0.9;4;0;100;instances/mug88_25.col;88;146;greedy
0;58;100;10;1000;1000;0.9;4;0;100;instances/mug88_25.col;88;146;greedy
0;53;100;10;1000;1000;0.9;4;0;100;instances/mug88_25.col;88;146;greedy
0;52;100;10;1000;1000;0.9;4;0;100;instances/mug88_25.col;88;146;greedy
0;55;100;10;1000;1000;0.9;4;0;100;instances/mug88_25.col;88;146;greedy
0;49;100;10;1000;1000;0.9;4;0;100;instances/mug88_25.col;88;146;greedy
0;47;100;10;1000;1000;0.9;4;0;100;instances/mug88_25.col;88;146;greedy
0;51;100;10;1000;1000;0.9;4;0;100;instances/mug88_25.col;88;146;greedy
0;53;100;10;1000;1000;0.9;4;0;100;instances/mug88_25.col;88;146;greedy
0;57;100;10;1000;1000;0.9;4;0;100;instances/mug88_25.col;88;146;greedy
0;61;100;10;1000;1000;0.9;4;0;100;instances/mug88_25.col;88;146;greedy
0;81;100;10;1000;1000;0.9;4;0;100;instances/mug88_25.col;88;146;greedy
0;61;100;10;1000;1000;0.9;4;0;100;instances/mug88_25.col;88;146;greedy
0;60;100;10;1000;1000;0.9;4;0;100;instances/mug88_25.col;88;146;greedy
0;64;100;10;1000;1000;0.9;4;0;100;instances/mug88_25.col;88;146;greedy
0;67;100;10;1000;1000;0.9;4;0;100;instances/mug88_25.col;88;146;greedy
0;64;100;10;1000;1000;0.9;4;0;100;instances/mug88_25.col;88;146;greedy
0;61;100;10;1000;1000;0.9;4;0;100;instances/mug88_25.col;88;146;greedy
0;57;100;10;1000;1000;0.9;4;0;100;instances/mug88_25.col;88;146;greedy
0;54;100;10;1000;1000;0.9;4;0;100;instances/mug88_25.col;88;146;greedy
0;61;100;10;1000;1000;0.9;4;0;100;instances/mug88_25.col;88;146;greedy
0;61;100;10;1000;1000;0.9;4;0;100;instances/mug88_25.col;88;146;greedy
0;60;100;10;1000;1000;0.9;4;0;100;instances/mug88_25.col;88;146;greedy
0;67;100;10;1000;1000;0.9;4;0;100;instances/mug88_25.col;88;146;greedy
0;70;100;10;1000;1000;0.9;4;0;100;instances/mug88_25.col;88;146;greedy
0;74;100;10;1000;1000;0.9;4;0;100;instances/mug88_25.col;88;146;greedy
0;68;100;10;1000;1000;0.9;4;0;100;instances/mug88_25.col;88;146;greedy
0;76;100;10;1000;1000;0.9;4;0;100;instances/mug88_25.col;88;146;greedy
0;78;100;10;1000;1000;0.9;4;0;100;instances/mug88_25.col;88;146;greedy
0;78;100;10;1000;1000;0.9;4;0;100;instances/mug88_25.col;88;146;greedy
0;77;100;10;1000;1000;0.9;4;0;100;instances/mug88_25.col;88;146;greedy
0;75;100;10;1000;1000;0.9;4;0;100;instances/mug88_25.col;88;146;greedy
0;138;100;10;1000;1000;0.9;4;0;100;instances/mug88_25.col;88;146;greedy
0;79;100;10;1000;1000;0.9;4;0;100;instances/mug88_25.col;88;146;greedy
0;75;100;10;1000;1000;0.9;4;0;100;instances/mug88_25.col;88;146;greedy
0;74;100;10;1000;1000;0.9;4;0;100;instances/mug88_25.col;88;146;greedy
0;67;100;10;1000;1000;0.9;4;0;100;instances/mug88_25.col;88;146;greedy
0;69;100;10;1000;1000;0.9;4;0;100;instances/mug88_25.col;88;146;greedy
12;89109;100;10;1000;1000;0.9;4;5865;9;instances/mug88_25.col;88;146;random
13;82225;100;10;1000;1000;0.9;4;25289;9;instances/mug88_25.col;88;146;random
12;94072;100;10;1000;1000;0.9;4;12150;9;instances/mug88_25.col;88;146;random
13;104280;100;10;1000;1000;0.9;4;16205;9;instances/mug88_25.col;88;146;random
14;81522;100;10;1000;1000;0.9;4;24220;9;instances/mug88_25.col;88;146;random
11;87314;100;10;1000;1000;0.9;4;28030;9;instances/mug88_25.col;88;146;random
14;83860;100;10;1000;1000;0.9;4;9047;9;instances/mug88_25.col;88;146;random
14;89634;100;10;1000;1000;0.9;4;17712;9;instances/mug88_25.col;88;146;random
13;80997;100;10;1000;1000;0.9;4;7378;9;instances/mug88_25.col;88;146;random
12;82084;100;10;1000;1000;0.9;4;3860;9;instances/mug88_25.col;88;146;random
11;449915;100;10;1000;5000;0.9;4;93809;9;instances/mug88_25.col;88;146;random
11;461158;100;10;1000;5000;0.9;4;40351;9;instances/mug88_25.col;88;146;random
12;462184;100;10;1000;5000;0.9;4;74204;9;instances/mug88_25.col;88;146;random
11;463169;100;10;1000;5000;0.9;4;14248;9;instances/mug88_25.col;88;146;random
11;435036;100;10;1000;5000;0.9;4;134075;9;instances/mug88_25.col;88;146;random
10;454687;100;10;1000;5000;0.9;4;58156;9;instances/mug88_25.col;88;146;random
12;445310;100;10;1000;5000;0.9;4;65143;9;instances/mug88_25.col;88;146;random
12;446713;100;10;1000;5000;0.9;4;35633;9;instances/mug88_25.col;88;146;random
12;442199;100;10;1000;5000;0.9;4;58352;9;instances/mug88_25.col;88;146;random
11;433052;100;10;1000;5000;0.9;4;131711;9;instances/mug88_25.col;88;146;random
11;446742;100;10;1000;5000;0.9;4;52051;9;instances/mug88_25.col;88;146;random
9;472185;100;10;1000;5000;0.9;4;122237;9;instances/mug88_25.col;88;146;random
12;447296;100;10;1000;5000;0.9;4;78007;9;instances/mug88_25.col;88;146;random
12;484665;100;10;1000;5000;0.9;4;292;9;instances/mug88_25.col;88;146;random
12;472103;100;10;1000;5000;0.9;4;33462;9;instances/mug88_25.col;88;146;random
12;435139;100;10;1000;5000;0.9;4;51795;9;instances/mug88_25.col;88;146;random
9;435669;100;10;1000;5000;0.9;4;44380;9;instances/mug88_25.col;88;146;random
11;449725;100;10;1000;5000;0.9;4;43128;9;instances/mug88_25.col;88;146;random
12;439259;100;10;1000;5000;0.9;4;39371;9;instances/mug88_25.col;88;146;random
12;437624;100;10;1000;5000;0.9;4;119287;9;instances/mug88_25.col;88;146;random
12;413802;100;10;1000;5000;0.9;4;55124;9;instances/mug88_25.col;88;146;random
11;419313;100;10;1000;5000;0.9;4;74609;9;instances/mug88_25.col;88;146;random
10;422967;100;10;1000;5000;0.9;4;16679;9;instances/mug88_25.col;88;146;random
10;428055;100;10;1000;5000;0.9;4;134188;9;instances/mug88_25.col;88;146;random
10;420633;100;10;1000;5000;0.9;4;79739;9;instances/mug88_25.col;88;146;random
10;417399;100;10;1000;5000;0.9;4;51365;9;instances/mug88_25.col;88;146;random
6;434054;100;10;1000;5000;0.9;4;26000;9;instances/mug88_25.col;88;146;random
12;420337;100;10;1000;5000;0.9;4;74650;9;instances/mug88_25.col;88;146;random
12;419983;100;10;1000;5000;0.9;4;89869;9;instances/mug88_25.col;88;146;random
11;424765;100;10;1000;5000;0.9;4;19811;9;instances/mug88_25.col;88;146;random
