0;154;100;10;1000;1000;0.9;4;0;100;instances/mug88_1.col;88;146;greedy
0;145;100;10;1000;1000;0.9;4;0;100;instances/mug88_1.col;88;146;greedy
0;140;100;10;1000;1000;0.9;4;0;100;instances/mug88_1.col;88;146;greedy
0;134;100;10;1000;1000;0.9;4;0;100;instances/mug88_1.col;88;146;greedy
0;177;100;10;1000;1000;0.9;4;0;100;instances/mug88_1.col;88;146;greedy
0;140;100;10;1000;1000;0.9;4;0;100;instances/mug88_1.col;88;146;greedy
0;154;100;10;1000;1000;0.9;4;0;100;instances/mug88_1.col;88;146;greedy
0;140;100;10;1000;1000;0.9;4;0;100;instances/mug88_1.col;88;146;greedy
0;144;100;10;1000;1000;0.9;4;0;100;instances/mug88_1.col;88;146;greedy
0;251;100;10;1000;1000;0.9;4;0;100;instances/mug88_1.col;88;146;greedy
0;178;100;10;1000;1000;0.9;4;0;100;instances/mug88_1.col;88;146;greedy
0;124;100;10;1000;1000;0.9;4;0;100;instances/mug88_1.col;88;146;greedy
0;121;100;10;1000;1000;0.9;4;0;100;instances/mug88_1.col;88;146;greedy
0;133;100;10;1000;1000;0.9;4;0;100;instances/mug88_1.col;88;146;greedy
0;141;100;10;1000;1000;0.9;4;0;100;instances/mug88_1.col;88;146;greedy
0;128;100;10;1000;1000;0.9;4;0;100;instances/mug88_1.col;88;146;greedy
0;142;100;10;1000;1000;0.9;4;0;100;instances/mug88_1.col;88;146;greedy
0;122;100;10;1000;1000;0.9;4;0;100;instances/mug88_1.col;88;146;greedy
0;114;100;10;1000;1000;0.9;4;0;100;instances/mug88_1.col;88;146;greedy
0;166;100;10;1000;1000;0.9;4;0;100;instances/mug88_1.col;88;146;greedy
0;148;100;10;1000;1000;0.9;4;0;100;instances/mug88_1.col;88;146;greedy
0;124;100;10;1000;1000;0.9;4;0;100;instances/mug88_1.col;88;146;greedy
0;165;100;10;1000;1000;0.9;4;0;100;instances/mug88_1.col;88;146;greedy
0;148;100;10;1000;1000;0.9;4;0;100;instances/mug88_1.col;88;146;greedy
0;147;100;10;1000;1000;0.9;4;0;100;instances/mug88_1.col;88;146;greedy
0;140;100;10;1000;1000;0.9;4;0;100;instances/mug88_1.col;88;146;greedy
0;142;100;10;1000;1000;0.9;4;0;100;instances/mug88_1.col;88;146;greedy
0;146;100;10;1000;1000;0.9;4;0;100;instances/mug88_1.col;88;146;greedy
0;128;100;10;1000;1000;0.9;4;0;100;instances/mug88_1.col;88;146;greedy
0;177;100;10;1000;1000;0.9;4;0;100;instances/mug88_1.col;88;146;greedy
0;139;100;10;1000;1000;0.9;4;0;100;instances/mug88_1.col;88;146;greedy
0;168;100;10;1000;1000;0.9;4;0;100;instances/mug88_1.col;88;146;greedy
0;158;100;10;1000;1000;0.9;4;0;100;instances/mug88_1.col;88;146;greedy
0;140;100;10;1000;1000;0.9;4;0;100;instances/mug88_1.col;88;146;greedy
0;133;100;10;1000;1000;0.9;4;0;100;instances/mug88_1.col;88;146;greedy
0;147;100;10;1000;1000;0.9;4;0;100;instances/mug88_1.col;88;146;greedy
0;139;100;10;1000;1000;0.9;4;0;100;instances/mug88_1.col;88;146;greedy
0;186;100;10;1000;1000;0.9;4;0;100;instances/mug88_1.col;88;146;greedy
0;128;100;10;1000;1000;0.9;4;0;100;instances/mug88_1.col;88;146;greedy
0;102;100;10;1000;1000;0.9;4;0;100;instances/mug88_1.col;88;146;greedy
0;112;100;10;1000;1000;0.9;4;0;100;instances/mug88_1.col;88;146;greedy
0;119;100;10;1000;1000;0.9;4;0;100;instances/mug88_1.col;88;146;greedy
0;121;100;10;1000;1000;0.9;4;0;100;instances/mug88_1.col;88;146;greedy
0;160;100;10;1000;1000;0.9;4;0;100;instances/mug88_1.col;88;146;greedy
0;137;100;10;1000;1000;0.9;4;0;100;instances/mug88_1.col;88;146;greedy
0;145;100;10;1000;1000;0.9;4;0;100;instances/mug88_1.col;88;146;greedy
0;143;100;10;1000;1000;0.9;4;0;100;instances/mug88_1.col;88;146;greedy
0;139;100;10;1000;1000;0.9;4;0;100;instances/mug88_1.col;88;146;greedy
0;142;100;10;1000;1000;0.9;4;0;100;instances/mug88_1.col;88;146;greedy
0;150;100;10;1000;1000;0.9;4;0;100;instances/mug88_1.col;88;146;greedy
0;177;100;10;1000;1000;0.9;4;0;100;instances/mug88_1.col;88;146;greedy
0;151;100;10;1000;1000;0.9;4;0;100;instances/mug88_1.col;88;146;greedy
0;140;100;10;1000;1000;0.9;4;0;100;instances/mug88_1.col;88;146;greedy
0;142;100;10;1000;1000;0.9;4;0;100;instances/mug88_1.col;88;146;greedy
0;140;100;10;1000;1000;0.9;4;0;100;instances/mug88_1.col;88;146;greedy
0;145;100;10;1000;1000;0.9;4;0;100;instances/mug88_1.col;88;146;greedy
0;149;100;10;1000;1000;0.9;4;0;100;instances/mug88_1.col;88;146;greedy
0;153;100;10;1000;1000;0.9;4;0;100;instances/mug88_1.col;88;146;greedy
0;147;100;10;1000;1000;0.9;4;0;100;instances/mug88_1.col;88;146;greedy
0;97;100;10;1000;1000;0.9;4;0;100;instances/mug88_1.col;88;146;greedy
0;77;100;10;1000;1000;0.9;4;0;100;instances/mug88_1.col;88;146;greedy
0;69;100;10;1000;1000;0.9;4;0;100;instances/mug88_1.col;88;146;greedy
0;64;100;10;1000;1000;0.9;4;0;100;instances/mug88_1.col;88;146;greedy
0;83;100;10;1000;1000;0.9;4;0;100;instances/mug88_1.col;88;146;greedy
0;74;100;10;1000;1000;0.9;4;0;100;instances/mug88_1.col;88;146;greedy
0;64;100;10;1000;1000;0.9;4;0;100;instances/mug88_1.col;88;146;greedy
0;56;100;10;1000;1000;0.9;4;0;100;instances/mug88_1.col;88;146;greedy
0;60;100;10;1000;1000;0.9;4;0;100;instances/mug88_1.col;88;146;greedy
0;48;100;10;1000;1000;0.9;4;0;100;instances/mug88_1.col;88;146;greedy
0;46;100;10;1000;1000;0.9;4;0;100;instances/mug88_1.col;88;146;greedy
0;46;100;10;1000;1000;0.9;4;0;100;instances/mug88_1.col;88;146;greedy
0;47;100;10;1000;1000;0.9;4;0;100;instances/mug88_1.col;88;146;greedy
0;48;100;10;1000;1000;0.9;4;0;100;instances/mug88_1.col;88;146;greedy
0;48;100;10;1000;1000;0.9;4;0;100;instances/mug88_1.col;88;146;greedy
0;49;100;10;1000;1000;0.9;4;0;100;instances/mug88_1.col;88;146;greedy
0;47;100;10;1000;1000;0.9;4;0;100;instances/mug88_1.col;88;146;greedy
0;47;100;10;1000;1000;0.9;4;0;100;instances/mug88_1.col;88;146;greedy
0;51;100;10;1000;1000;0.9;4;0;100;instances/mug88_1.col;88;146;greedy
0;46;100;10;1000;1000;0.9;4;0;100;instances/mug88_1.col;88;146;greedy
0;48;100;10;1000;1000;0.9;4;0;100;instances/mug88_1.col;88;146;greedy
0;47;100;10;1000;1000;0.9;4;0;100;instances/mug88_1.col;88;146;greedy
0;51;100;10;1000;1000;0.9;4;0;100;instances/mug88_1.col;88;146;greedy
0;47;100;10;1000;1000;0.9;4;0;100;instances/mug88_1.col;88;146;greedy
0;48;100;10;1000;1000;0.9;4;0;100;instances/mug88_1.col;88;146;greedy
0;47;100;10;1000;1000;0.9;4;0;100;instances/mug88_1.col;88;146;greedy
0;47;100;10;1000;1000;0.9;4;0;100;instances/mug88_1.col;88;146;greedy
0;47;100;10;1000;1000;0.9;4;0;100;instances/mug88_1.col;88;146;greedy
0;47;100;10;1000;1000;0.9;4;0;100;instances/mug88_1.col;88;146;greedy
0;47;100;10;1000;1000;0.9;4;0;100;instances/mug88_1.col;88;146;greedy
0;45;100;10;1000;1000;0.9;4;0;100;instances/mug88_1.col;88;146;greedy
0;47;100;10;1000;1000;0.9;4;0;100;instances/mug88_1.col;88;146;greedy
0;48;100;10;1000;1000;0.9;4;0;100;instances/mug88_1.col;88;146;greedy
0;49;100;10;1000;1000;0.9;4;0;100;instances/mug88_1.col;88;146;greedy
0;46;100;10;1000;1000;0.9;4;0;100;instances/mug88_1.col;88;146;greedy
0;48;100;10;1000;1000;0.9;4;0;100;instances/mug88_1.col;88;146;greedy
0;48;100;10;1000;1000;0.9;4;0;100;instances/mug88_1.col;88;146;greedy
0;45;100;10;1000;1000;0.9;4;0;100;instances/mug88_1.col;88;146;greedy
0;47;100;10;1000;1000;0.9;4;0;100;instances/mug88_1.col;88;146;greedy
0;49;100;10;1000;1000;0.9;4;0;100;instances/mug88_1.col;88;146;greedy
0;51;100;10;1000;1000;0.9;4;0;100;instances/mug88_1.col;88;146;greedy
13;81496;100;10;1000;1000;0.9;4;19481;9;instances/mug88_1.col;88;146;random
12;85139;100;10;1000;1000;0.9;4;14714;9;instances/mug88_1.col;88;146;random
12;81162;100;10;1000;1000;0.9;4;23059;9;instances/mug88_1.col;88;146;random
11;81181;100;10;1000;1000;0.9;4;11121;9;instances/mug88_1.col;88;146;random
14;84043;100;10;1000;1000;0.9;4;7364;9;instances/mug88_1.col;88;146;random
10;82196;100;10;1000;1000;0.9;4;17893;9;instances/mug88_1.col;88;146;random
13;82678;100;10;1000;1000;0.9;4;20153;9;instances/mug88_1.col;88;146;random
12;84694;100;10;1000;1000;0.9;4;6840;9;instances/mug88_1.col;88;146;random
11;82763;100;10;1000;1000;0.9;4;26891;9;instances/mug88_1.col;88;146;random
13;83127;100;10;1000;1000;0.9;4;25056;9;instances/mug88_1.col;88;146;random
11;459490;100;10;1000;5000;0.9;4;20903;9;instances/mug88_1.col;88;146;random
11;466597;100;10;1000;5000;0.9;4;129345;9;instances/mug88_1.col;88;146;random
11;466170;100;10;1000;5000;0.9;4;87220;9;instances/mug88_1.col;88;146;random
11;464640;100;10;1000;5000;0.9;4;134678;9;instances/mug88_1.col;88;146;random
10;464635;100;10;1000;5000;0.9;4;51473;9;instances/mug88_1.col;88;146;random
11;436475;100;10;1000;5000;0.9;4;26111;9;instances/mug88_1.col;88;146;random
9;444903;100;10;1000;5000;0.9;4;80128;9;instances/mug88_1.col;88;146;random
11;433783;100;10;1000;5000;0.9;4;51705;9;instances/mug88_1.col;88;146;random
11;443734;100;10;1000;5000;0.9;4;129060;9;instances/mug88_1.col;88;146;random
10;438493;100;10;1000;5000;0.9;4;64522;9;instances/mug88_1.col;88;146;random
8;442703;100;10;1000;5000;0.9;4;124129;9;instances/mug88_1.col;88;146;random
11;444317;100;10;1000;5000;0.9;4;91146;9;instances/mug88_1.col;88;146;random
10;446886;100;10;1000;5000;0.9;4;79523;9;instances/mug88_1.col;88;146;random
11;430849;100;10;1000;5000;0.9;4;110578;9;instances/mug88_1.col;88;146;random
12;439499;100;10;1000;5000;0.9;4;126224;9;instances/mug88_1.col;88;146;random
10;436716;100;10;1000;5000;0.9;4;21540;9;instances/mug88_1.col;88;146;random
12;431170;100;10;1000;5000;0.9;4;114449;9;instances/mug88_1.col;88;146;random
11;436778;100;10;1000;5000;0.9;4;116889;9;instances/mug88_1.col;88;146;random
12;443998;100;10;1000;5000;0.9;4;93202;9;instances/mug88_1.col;88;146;random
12;436975;100;10;1000;5000;0.9;4;14541;9;instances/mug88_1.col;88;146;random
14;423494;100;10;1000;5000;0.9;4;26288;9;instances/mug88_1.col;88;146;random
11;419645;100;10;1000;5000;0.9;4;120776;9;instances/mug88_1.col;88;146;random
11;432919;100;10;1000;5000;0.9;4;2373;9;instances/mug88_1.col;88;146;random
10;414236;100;10;1000;5000;0.9;4;116273;9;instances/mug88_1.col;88;146;random
10;417479;100;10;1000;5000;0.9;4;124701;9;instances/mug88_1.col;88;146;random
10;413586;100;10;1000;5000;0.9;4;129706;9;instances/mug88_1.col;88;146;random
11;411757;100;10;1000;5000;0.9;4;116938;9;instances/mug88_1.col;88;146;random
12;422871;100;10;1000;5000;0.9;4;127398;9;instances/mug88_1.col;88;146;random
12;416407;100;10;1000;5000;0.9;4;33482;9;instances/mug88_1.col;88;146;random
12;437150;100;10;1000;5000;0.9;4;9145;9;instances/mug88_1.col;88;146;random
