0;294;100;10;1000;1000;0.9;8;0;100;instances/myciel7.col;191;2360;greedy
0;316;100;10;1000;1000;0.9;8;0;100;instances/myciel7.col;191;2360;greedy
0;295;100;10;1000;1000;0.9;8;0;100;instances/myciel7.col;191;2360;greedy
0;325;100;10;1000;1000;0.9;8;0;100;instances/myciel7.col;191;2360;greedy
0;304;100;10;1000;1000;0.9;8;0;100;instances/myciel7.col;191;2360;greedy
0;335;100;10;1000;1000;0.9;8;0;100;instances/myciel7.col;191;2360;greedy
0;345;100;10;1000;1000;0.9;8;0;100;instances/myciel7.col;191;2360;greedy
0;285;100;10;1000;1000;0.9;8;0;100;instances/myciel7.col;191;2360;greedy
0;240;100;10;1000;1000;0.9;8;0;100;instances/myciel7.col;191;2360;greedy
0;227;100;10;1000;1000;0.9;8;0;100;instances/myciel7.col;191;2360;greedy
0;263;100;10;1000;1000;0.9;8;0;100;instances/myciel7.col;191;2360;greedy
0;334;100;10;1000;1000;0.9;8;0;100;instances/myciel7.col;191;2360;greedy
0;295;100;10;1000;1000;0.9;8;0;100;instances/myciel7.col;191;2360;greedy
0;288;100;10;1000;1000;0.9;8;0;100;instances/myciel7.col;191;2360;greedy
0;354;100;10;1000;1000;0.9;8;0;100;instances/myciel7.col;191;2360;greedy
0;435;100;10;1000;1000;0.9;8;0;100;instances/myciel7.col;191;2360;greedy
0;466;100;10;1000;1000;0.9;8;0;100;instances/myciel7.col;191;2360;greedy
0;553;100;10;1000;1000;0.9;8;0;100;instances/myciel7.col;191;2360;greedy
0;520;100;10;1000;1000;0.9;8;0;100;instances/myciel7.col;191;2360;greedy
0;482;100;10;1000;1000;0.9;8;0;100;instances/myciel7.col;191;2360;greedy
0;509;100;10;1000;1000;0.9;8;0;100;instances/myciel7.col;191;2360;greedy
0;482;100;10;1000;1000;0.9;8;0;100;instances/myciel7.col;191;2360;greedy
0;452;100;10;1000;1000;0.9;8;0;100;instances/myciel7.col;191;2360;greedy
0;368;100;10;1000;1000;0.9;8;0;100;instances/myciel7.col;191;2360;greedy
0;324;100;10;1000;1000;0.9;8;0;100;instances/myciel7.col;191;2360;greedy
0;375;100;10;1000;1000;0.9;8;0;100;instances/myciel7.col;191;2360;greedy
0;454;100;10;1000;1000;0.9;8;0;100;instances/myciel7.col;191;2360;greedy
0;490;100;10;1000;1000;0.9;8;0;100;instances/myciel7.col;191;2360;greedy
0;452;100;10;1000;1000;0.9;8;0;100;instances/myciel7.col;191;2360;greedy
0;411;100;10;1000;1000;0.9;8;0;100;instances/myciel7.col;191;2360;greedy
0;383;100;10;1000;1000;0.9;8;0;100;instances/myciel7.col;191;2360;greedy
0;359;100;10;1000;1000;0.9;8;0;100;instances/myciel7.col;191;2360;greedy
0;414;100;10;1000;1000;0.9;8;0;100;instances/myciel7.col;191;2360;greedy
0;308;100;10;1000;1000;0.9;8;0;100;instances/myciel7.col;191;2360;greedy
0;300;100;10;1000;1000;0.9;8;0;100;instances/myciel7.col;191;2360;greedy
0;235;100;10;1000;1000;0.9;8;0;100;instances/myciel7.col;191;2360;greedy
0;248;100;10;1000;1000;0.9;8;0;100;instances/myciel7.col;191;2360;greedy
0;255;100;10;1000;1000;0.9;8;0;100;instances/myciel7.col;191;2360;greedy
0;251;100;10;1000;1000;0.9;8;0;100;instances/myciel7.col;191;2360;greedy
0;279;100;10;1000;1000;0.9;8;0;100;instances/myciel7.col;191;2360;greedy
0;242;100;10;1000;1000;0.9;8;0;100;instances/myciel7.col;191;2360;greedy
0;245;100;10;1000;1000;0.9;8;0;100;instances/myciel7.col;191;2360;greedy
0;215;100;10;1000;1000;0.9;8;0;100;instances/myciel7.col;191;2360;greedy
0;228;100;10;1000;1000;0.9;8;0;100;instances/myciel7.col;191;2360;greedy
0;209;100;10;1000;1000;0.9;8;0;100;instances/myciel7.col;191;2360;greedy
0;221;100;10;1000;1000;0.9;8;0;100;instances/myciel7.col;191;2360;greedy
0;193;100;10;1000;1000;0.9;8;0;100;instances/myciel7.col;191;2360;greedy
0;258;100;10;1000;1000;0.9;8;0;100;instances/myciel7.col;191;2360;greedy
0;201;100;10;1000;1000;0.9;8;0;100;instances/myciel7.col;191;2360;greedy
0;249;100;10;1000;1000;0.9;8;0;100;instances/myciel7.col;191;2360;greedy
0;187;100;10;1000;1000;0.9;8;0;100;instances/myciel7.col;191;2360;greedy
0;222;100;10;1000;1000;0.9;8;0;100;instances/myciel7.col;191;2360;greedy
0;224;100;10;1000;1000;0.9;8;0;100;instances/myciel7.col;191;2360;greedy
0;203;100;10;1000;1000;0.9;8;0;100;instances/myciel7.col;191;2360;greedy
0;182;100;10;1000;1000;0.9;8;0;100;instances/myciel7.col;191;2360;greedy
0;189;100;10;1000;1000;0.9;8;0;100;instances/myciel7.col;191;2360;greedy
0;193;100;10;1000;1000;0.9;8;0;100;instances/myciel7.col;191;2360;greedy
0;308;100;10;1000;1000;0.9;8;0;100;instances/myciel7.col;191;2360;greedy
0;196;100;10;1000;1000;0.9;8;0;100;instances/myciel7.col;191;2360;greedy
0;205;100;10;1000;1000;0.9;8;0;100;instances/myciel7.col;191;2360;greedy
0;238;100;10;1000;1000;0.9;8;0;100;instances/myciel7.col;191;2360;greedy
0;288;100;10;1000;1000;0.9;8;0;100;instances/myciel7.col;191;2360;greedy
0;282;100;10;1000;1000;0.9;8;0;100;instances/myciel7.col;191;2360;greedy
0;295;100;10;1000;1000;0.9;8;0;100;instances/myciel7.col;191;2360;greedy
0;347;100;10;1000;1000;0.9;8;0;100;instances/myciel7.col;191;2360;greedy
0;440;100;10;1000;1000;0.9;8;0;100;instances/myciel7.col;191;2360;greedy
0;362;100;10;1000;1000;0.9;8;0;100;instances/myciel7.col;191;2360;greedy
0;413;100;10;1000;1000;0.9;8;0;100;instances/myciel7.col;191;2360;greedy
0;434;100;10;1000;1000;0.9;8;0;100;instances/myciel7.col;191;2360;greedy
0;528;100;10;1000;1000;0.9;8;0;100;instances/myciel7.col;191;2360;greedy
0;576;100;10;1000;1000;0.9;8;0;100;instances/myciel7.col;191;2360;greedy
0;494;100;10;1000;1000;0.9;8;0;100;instances/myciel7.col;191;2360;greedy
0;526;100;10;1000;1000;0.9;8;0;100;instances/myciel7.col;191;2360;greedy
0;496;100;10;1000;1000;0.9;8;0;100;instances/myciel7.col;191;2360;greedy
0;557;100;10;1000;1000;0.9;8;0;100;instances/myciel7.col;191;2360;greedy
0;600;100;10;1000;1000;0.9;8;0;100;instances/myciel7.col;191;2360;greedy
0;492;100;10;1000;1000;0.9;8;0;100;instances/myciel7.col;191;2360;greedy
0;545;100;10;1000;1000;0.9;8;0;100;instances/myciel7.col;191;2360;greedy
0;473;100;10;1000;1000;0.9;8;0;100;instances/myciel7.col;191;2360;greedy
0;494;100;10;1000;1000;0.9;8;0;100;instances/myciel7.col;191;2360;greedy
0;457;100;10;1000;1000;0.9;8;0;100;instances/myciel7.col;191;2360;greedy
0;531;100;10;1000;1000;0.9;8;0;100;instances/myciel7.col;191;2360;greedy
0;457;100;10;1000;1000;0.9;8;0;100;instances/myciel7.col;191;2360;greedy
0;532;100;10;1000;1000;0.9;8;0;100;instances/myciel7.col;191;2360;greedy
0;430;100;10;1000;1000;0.9;8;0;100;instances/myciel7.col;191;2360;greedy
0;442;100;10;1000;1000;0.9;8;0;100;instances/myciel7.col;191;2360;greedy
0;461;100;10;1000;1000;0.9;8;0;100;instances/myciel7.col;191;2360;greedy
0;200;100;10;1000;1000;0.9;8;0;100;instances/myciel7.col;191;2360;greedy
0;566;100;10;1000;1000;0.9;8;0;100;instances/myciel7.col;191;2360;greedy
0;550;100;10;1000;1000;0.9;8;0;100;instances/myciel7.col;191;2360;greedy
0;579;100;10;1000;1000;0.9;8;0;100;instances/myciel7.col;191;2360;greedy
0;558;100;10;1000;1000;0.9;8;0;100;instances/myciel7.col;191;2360;greedy
0;552;100;10;1000;1000;0.9;8;0;100;instances/myciel7.col;191;2360;greedy
0;536;100;10;1000;1000;0.9;8;0;100;instances/myciel7.col;191;2360;greedy
0;573;100;10;1000;1000;0.9;8;0;100;instances/myciel7.col;191;2360;greedy
0;472;100;10;1000;1000;0.9;8;0;100;instances/myciel7.col;191;2360;greedy
0;409;100;10;1000;1000;0.9;8;0;100;instances/myciel7.col;191;2360;greedy
0;413;100;10;1000;1000;0.9;8;0;100;instances/myciel7.col;191;2360;greedy
0;412;100;10;1000;1000;0.9;8;0;100;instances/myciel7.col;191;2360;greedy
0;568;100;10;1000;1000;0.9;8;0;100;instances/myciel7.col;191;2360;greedy
199;980064;100;10;1000;1000;0.9;8;31937;9;instances/myciel7.col;191;2360;random
200;963432;100;10;1000;1000;0.9;8;29054;9;instances/myciel7.col;191;2360;random
194;959530;100;10;1000;1000;0.9;8;31736;9;instances/myciel7.col;191;2360;random
194;3181057;100;10;1000;1000;0.9;8;31365;9;instances/myciel7.col;191;2360;random
188;965321;100;10;1000;1000;0.9;8;25233;9;instances/myciel7.col;191;2360;random
197;964937;100;10;1000;1000;0.9;8;26267;9;instances/myciel7.col;191;2360;random
195;956421;100;10;1000;1000;0.9;8;21698;9;instances/myciel7.col;191;2360;random
199;982946;100;10;1000;1000;0.9;8;27175;9;instances/myciel7.col;191;2360;random
188;960953;100;10;1000;1000;0.9;8;31625;9;instances/myciel7.col;191;2360;random
196;957990;100;10;1000;1000;0.9;8;29747;9;instances/myciel7.col;191;2360;random
186;5213235;100;10;1000;5000;0.9;8;80027;9;instances/myciel7.col;191;2360;random
193;5155705;100;10;1000;5000;0.9;8;138326;9;instances/myciel7.col;191;2360;random
191;5192250;100;10;1000;5000;0.9;8;80639;9;instances/myciel7.col;191;2360;random
191;5132101;100;10;1000;5000;0.9;8;146111;9;instances/myciel7.col;191;2360;random
182;5146942;100;10;1000;5000;0.9;8;146978;9;instances/myciel7.col;191;2360;random
192;5186601;100;10;1000;5000;0.9;8;118861;9;instances/myciel7.col;191;2360;random
177;5156791;100;10;1000;5000;0.9;8;128779;9;instances/myciel7.col;191;2360;random
188;5149672;100;10;1000;5000;0.9;8;132852;9;instances/myciel7.col;191;2360;random
191;5044535;100;10;1000;5000;0.9;8;159041;9;instances/myciel7.col;191;2360;random
187;5145058;100;10;1000;5000;0.9;8;121002;9;instances/myciel7.col;191;2360;random
199;5196758;100;10;1000;5000;0.9;8;85790;9;instances/myciel7.col;191;2360;random
181;5108543;100;10;1000;5000;0.9;8;157702;9;instances/myciel7.col;191;2360;random
193;5109333;100;10;1000;5000;0.9;8;106548;9;instances/myciel7.col;191;2360;random
187;5129865;100;10;1000;5000;0.9;8;70081;9;instances/myciel7.col;191;2360;random
181;5124514;100;10;1000;5000;0.9;8;158423;9;instances/myciel7.col;191;2360;random
186;5106647;100;10;1000;5000;0.9;8;140844;9;instances/myciel7.col;191;2360;random
192;5200398;100;10;1000;5000;0.9;8;157313;9;instances/myciel7.col;191;2360;random
193;5155213;100;10;1000;5000;0.9;8;93138;9;instances/myciel7.col;191;2360;random
188;5080676;100;10;1000;5000;0.9;8;162678;9;instances/myciel7.col;191;2360;random
185;5093140;100;10;1000;5000;0.9;8;134939;9;instances/myciel7.col;191;2360;random
187;4889386;100;10;1000;5000;0.9;8;162572;9;instances/myciel7.col;191;2360;random
196;4934242;100;10;1000;5000;0.9;8;160632;9;instances/myciel7.col;191;2360;random
188;4851923;100;10;1000;5000;0.9;8;120804;9;instances/myciel7.col;191;2360;random
190;4888779;100;10;1000;5000;0.9;8;133351;9;instances/myciel7.col;191;2360;random
193;4907001;100;10;1000;5000;0.9;8;160620;9;instances/myciel7.col;191;2360;random
188;4927963;100;10;1000;5000;0.9;8;87569;9;instances/myciel7.col;191;2360;random
196;6668712;100;10;1000;5000;0.9;8;131169;9;instances/myciel7.col;191;2360;random
191;4863706;100;10;1000;5000;0.9;8;139438;9;instances/myciel7.col;191;2360;random
188;4878264;100;10;1000;5000;0.9;8;154993;9;instances/myciel7.col;191;2360;random
190;4914660;100;10;1000;5000;0.9;8;137420;9;instances/myciel7.col;191;2360;random
