88;8310133;100;10;1000;1000;0.9;30;0;9;instances/qg.order30.col;900;26100;greedy
88;10367282;100;10;1000;1000;0.9;30;0;9;instances/qg.order30.col;900;26100;greedy
88;8479735;100;10;1000;1000;0.9;30;0;9;instances/qg.order30.col;900;26100;greedy
88;8562643;100;10;1000;1000;0.9;30;0;9;instances/qg.order30.col;900;26100;greedy
88;8344007;100;10;1000;1000;0.9;30;0;9;instances/qg.order30.col;900;26100;greedy
88;10123752;100;10;1000;1000;0.9;30;0;9;instances/qg.order30.col;900;26100;greedy
88;8358094;100;10;1000;1000;0.9;30;0;9;instances/qg.order30.col;900;26100;greedy
88;8424537;100;10;1000;1000;0.9;30;0;9;instances/qg.order30.col;900;26100;greedy
88;8386023;100;10;1000;1000;0.9;30;0;9;instances/qg.order30.col;900;26100;greedy
88;10171734;100;10;1000;1000;0.9;30;0;9;instances/qg.order30.col;900;26100;greedy
88;8404096;100;10;1000;1000;0.9;30;0;9;instances/qg.order30.col;900;26100;greedy
88;8674628;100;10;1000;1000;0.9;30;0;9;instances/qg.order30.col;900;26100;greedy
88;8772067;100;10;1000;1000;0.9;30;0;9;instances/qg.order30.col;900;26100;greedy
88;10367738;100;10;1000;1000;0.9;30;0;9;instances/qg.order30.col;900;26100;greedy
86;8397412;100;10;1000;1000;0.9;30;0;9;instances/qg.order30.col;900;26100;greedy
88;8510010;100;10;1000;1000;0.9;30;0;9;instances/qg.order30.col;900;26100;greedy
88;10347882;100;10;1000;1000;0.9;30;0;9;instances/qg.order30.col;900;26100;greedy
88;8730573;100;10;1000;1000;0.9;30;0;9;instances/qg.order30.col;900;26100;greedy
88;8459778;100;10;1000;1000;0.9;30;0;9;instances/qg.order30.col;900;26100;greedy
88;8398842;100;10;1000;1000;0.9;30;0;9;instances/qg.order30.col;900;26100;greedy
88;10246046;100;10;1000;1000;0.9;30;0;9;instances/qg.order30.col;900;26100;greedy
88;8493754;100;10;1000;1000;0.9;30;0;9;instances/qg.order30.col;900;26100;greedy
88;8420933;100;10;1000;1000;0.9;30;0;9;instances/qg.order30.col;900;26100;greedy
88;8344593;100;10;1000;1000;0.9;30;0;9;instances/qg.order30.col;900;26100;greedy
88;10320423;100;10;1000;1000;0.9;30;0;9;instances/qg.order30.col;900;26100;greedy
88;8320279;100;10;1000;1000;0.9;30;0;9;instances/qg.order30.col;900;26100;greedy
88;8543313;100;10;1000;1000;0.9;30;0;9;instances/qg.order30.col;900;26100;greedy
88;8598367;100;10;1000;1000;0.9;30;0;9;instances/qg.order30.col;900;26100;greedy
88;10013694;100;10;1000;1000;0.9;30;0;9;instances/qg.order30.col;900;26100;greedy
88;8564491;100;10;1000;1000;0.9;30;0;9;instances/qg.order30.col;900;26100;greedy
88;8422403;100;10;1000;1000;0.9;30;0;9;instances/qg.order30.col;900;26100;greedy
88;8415326;100;10;1000;1000;0.9;30;0;9;instances/qg.order30.col;900;26100;greedy
88;10333239;100;10;1000;1000;0.9;30;0;9;instances/qg.order30.col;900;26100;greedy
88;8556100;100;10;1000;1000;0.9;30;0;9;instances/qg.order30.col;900;26100;greedy
88;8534576;100;10;1000;1000;0.9;30;0;9;instances/qg.order30.col;900;26100;greedy
712;8218523;100;10;1000;1000;0.9;30;26018;9;instances/qg.order30.col;900;26100;random
723;8181924;100;10;1000;1000;0.9;30;30095;9;instances/qg.order30.col;900;26100;random
716;10941452;100;10;1000;1000;0.9;30;29794;9;instances/qg.order30.col;900;26100;random
736;8336585;100;10;1000;1000;0.9;30;7820;9;instances/qg.order30.col;900;26100;random
756;8447930;100;10;1000;1000;0.9;30;20786;9;instances/qg.order30.col;900;26100;random
733;8313882;100;10;1000;1000;0.9;30;28855;9;instances/qg.order30.col;900;26100;random
722;10448797;100;10;1000;1000;0.9;30;31504;9;instances/qg.order30.col;900;26100;random
739;8362359;100;10;1000;1000;0.9;30;19292;9;instances/qg.order30.col;900;26100;random
708;8263338;100;10;1000;1000;0.9;30;23144;9;instances/qg.order30.col;900;26100;random
696;8289370;100;10;1000;1000;0.9;30;28533;9;instances/qg.order30.col;900;26100;random
724;44677152;100;10;1000;5000;0.9;30;132997;9;instances/qg.order30.col;900;26100;random
716;44311809;100;10;1000;5000;0.9;30;158090;9;instances/qg.order30.col;900;26100;random
703;45066045;100;10;1000;5000;0.9;30;77398;9;instances/qg.order30.col;900;26100;random
708;44654145;100;10;1000;5000;0.9;30;158062;9;instances/qg.order30.col;900;26100;random
711;44194147;100;10;1000;5000;0.9;30;150561;9;instances/qg.order30.col;900;26100;random
693;44861059;100;10;1000;5000;0.9;30;158096;9;instances/qg.order30.col;900;26100;random
700;44549788;100;10;1000;5000;0.9;30;144984;9;instances/qg.order30.col;900;26100;random
683;44382812;100;10;1000;5000;0.9;30;154451;9;instances/qg.order30.col;900;26100;random
719;44804446;100;10;1000;5000;0.9;30;34876;9;instances/qg.order30.col;900;26100;random
703;44465712;100;10;1000;5000;0.9;30;158489;9;instances/qg.order30.col;900;26100;random
731;44719722;100;10;1000;5000;0.9;30;149028;9;instances/qg.order30.col;900;26100;random
687;44849576;100;10;1000;5000;0.9;30;154297;9;instances/qg.order30.col;900;26100;random
704;44924396;100;10;1000;5000;0.9;30;153280;9;instances/qg.order30.col;900;26100;random
699;44555927;100;10;1000;5000;0.9;30;158276;9;instances/qg.order30.col;900;26100;random
696;44677458;100;10;1000;5000;0.9;30;143568;9;instances/qg.order30.col;900;26100;random
708;44400884;100;10;1000;5000;0.9;30;154076;9;instances/qg.order30.col;900;26100;random
700;44611767;100;10;1000;5000;0.9;30;112387;9;instances/qg.order30.col;900;26100;random
720;44837599;100;10;1000;5000;0.9;30;151029;9;instances/qg.order30.col;900;26100;random
707;44792743;100;10;1000;5000;0.9;30;131336;9;instances/qg.order30.col;900;26100;random
703;45040068;100;10;1000;5000;0.9;30;154998;9;instances/qg.order30.col;900;26100;random
693;43950205;100;10;1000;5000;0.9;30;147019;9;instances/qg.order30.col;900;26100;random
679;44462577;100;10;1000;5000;0.9;30;158389;9;instances/qg.order30.col;900;26100;random
711;46268069;100;10;1000;5000;0.9;30;130978;9;instances/qg.order30.col;900;26100;random
730;43821078;100;10;1000;5000;0.9;30;69067;9;instances/qg.order30.col;900;26100;random
704;44484939;100;10;1000;5000;0.9;30;148545;9;instances/qg.order30.col;900;26100;random
680;45832207;100;10;1000;5000;0.9;30;154353;9;instances/qg.order30.col;900;26100;random
708;44135567;100;10;1000;5000;0.9;30;154372;9;instances/qg.order30.col;900;26100;random
701;44424137;100;10;1000;5000;0.9;30;157087;9;instances/qg.order30.col;900;26100;random
693;45829926;100;10;1000;5000;0.9;30;137355;9;instances/qg.order30.col;900;26100;random
703;44292257;100;10;1000;5000;0.9;30;153338;9;instances/qg.order30.col;900;26100;random
