14;257856;100;10;1000;1000;0.9;7;0;9;instances/queen6_6.col;36;580;greedy
14;258346;100;10;1000;1000;0.9;7;0;9;instances/queen6_6.col;36;580;greedy
14;256157;100;10;1000;1000;0.9;7;0;9;instances/queen6_6.col;36;580;greedy
14;262491;100;10;1000;1000;0.9;7;0;9;instances/queen6_6.col;36;580;greedy
14;248586;100;10;1000;1000;0.9;7;0;9;instances/queen6_6.col;36;580;greedy
14;280316;100;10;1000;1000;0.9;7;0;9;instances/queen6_6.col;36;580;greedy
14;254335;100;10;1000;1000;0.9;7;0;9;instances/queen6_6.col;36;580;greedy
14;289864;100;10;1000;1000;0.9;7;0;9;instances/queen6_6.col;36;580;greedy
14;261583;100;10;1000;1000;0.9;7;0;9;instances/queen6_6.col;36;580;greedy
14;245339;100;10;1000;1000;0.9;7;0;9;instances/queen6_6.col;36;580;greedy
14;248714;100;10;1000;1000;0.9;7;0;9;instances/queen6_6.col;36;580;greedy
14;248374;100;10;1000;1000;0.9;7;0;9;instances/queen6_6.col;36;580;greedy
14;248593;100;10;1000;1000;0.9;7;0;9;instances/queen6_6.col;36;580;greedy
14;268419;100;10;1000;1000;0.9;7;0;9;instances/queen6_6.col;36;580;greedy
14;284599;100;10;1000;1000;0.9;7;0;9;instances/queen6_6.col;36;580;greedy
12;249143;100;10;1000;1000;0.9;7;4;9;instances/queen6_6.col;36;580;greedy
14;251014;100;10;1000;1000;0.9;7;0;9;instances/queen6_6.col;36;580;greedy
14;246256;100;10;1000;1000;0.9;7;0;9;instances/queen6_6.col;36;580;greedy
14;244201;100;10;1000;1000;0.9;7;0;9;instances/queen6_6.col;36;580;greedy
14;286415;100;10;1000;1000;0.9;7;0;9;instances/queen6_6.col;36;580;greedy
14;252143;100;10;1000;1000;0.9;7;0;9;instances/queen6_6.col;36;580;greedy
14;249696;100;10;1000;1000;0.9;7;0;9;instances/queen6_6.col;36;580;greedy
14;246811;100;10;1000;1000;0.9;7;0;9;instances/queen6_6.col;36;580;greedy
14;270276;100;10;1000;1000;0.9;7;0;9;instances/queen6_6.col;36;580;greedy
14;248586;100;10;1000;1000;0.9;7;0;9;instances/queen6_6.col;36;580;greedy
12;247485;100;10;1000;1000;0.9;7;0;9;instances/queen6_6.col;36;580;greedy
14;246887;100;10;1000;1000;0.9;7;0;9;instances/queen6_6.col;36;580;greedy
14;265049;100;10;1000;1000;0.9;7;0;9;instances/queen6_6.col;36;580;greedy
14;262172;100;10;1000;1000;0.9;7;0;9;instances/queen6_6.col;36;580;greedy
14;244337;100;10;1000;1000;0.9;7;0;9;instances/queen6_6.col;36;580;greedy
14;258121;100;10;1000;1000;0.9;7;0;9;instances/queen6_6.col;36;580;greedy
14;255612;100;10;1000;1000;0.9;7;0;9;instances/queen6_6.col;36;580;greedy
14;251711;100;10;1000;1000;0.9;7;0;9;instances/queen6_6.col;36;580;greedy
14;251621;100;10;1000;1000;0.9;7;0;9;instances/queen6_6.col;36;580;greedy
14;252868;100;10;1000;1000;0.9;7;0;9;instances/queen6_6.col;36;580;greedy
12;256732;100;10;1000;1000;0.9;7;0;9;instances/queen6_6.col;36;580;greedy
14;251105;100;10;1000;1000;0.9;7;0;9;instances/queen6_6.col;36;580;greedy
14;264413;100;10;1000;1000;0.9;7;0;9;instances/queen6_6.col;36;580;greedy
14;259441;100;10;1000;1000;0.9;7;0;9;instances/queen6_6.col;36;580;greedy
14;260627;100;10;1000;1000;0.9;7;0;9;instances/queen6_6.col;36;580;greedy
12;244273;100;10;1000;1000;0.9;7;0;9;instances/queen6_6.col;36;580;greedy
14;243165;100;10;1000;1000;0.9;7;0;9;instances/queen6_6.col;36;580;greedy
14;263991;100;10;1000;1000;0.9;7;0;9;instances/queen6_6.col;36;580;greedy
14;278694;100;10;1000;1000;0.9;7;0;9;instances/queen6_6.col;36;580;greedy
14;245617;100;10;1000;1000;0.9;7;0;9;instances/queen6_6.col;36;580;greedy
14;245369;100;10;1000;1000;0.9;7;0;9;instances/queen6_6.col;36;580;greedy
14;245399;100;10;1000;1000;0.9;7;0;9;instances/queen6_6.col;36;580;greedy
14;244018;100;10;1000;1000;0.9;7;0;9;instances/queen6_6.col;36;580;greedy
14;254683;100;10;1000;1000;0.9;7;0;9;instances/queen6_6.col;36;580;greedy
14;252154;100;10;1000;1000;0.9;7;0;9;instances/queen6_6.col;36;580;greedy
14;238839;100;10;1000;1000;0.9;7;0;9;instances/queen6_6.col;36;580;greedy
14;242650;100;10;1000;1000;0.9;7;0;9;instances/queen6_6.col;36;580;greedy
14;247078;100;10;1000;1000;0.9;7;0;9;instances/queen6_6.col;36;580;greedy
14;262751;100;10;1000;1000;0.9;7;0;9;instances/queen6_6.col;36;580;greedy
14;251156;100;10;1000;1000;0.9;7;0;9;instances/queen6_6.col;36;580;greedy
14;244602;100;10;1000;1000;0.9;7;0;9;instances/queen6_6.col;36;580;greedy
14;244819;100;10;1000;1000;0.9;7;0;9;instances/queen6_6.col;36;580;greedy
10;243685;100;10;1000;1000;0.9;7;2;9;instances/queen6_6.col;36;580;greedy
14;265662;100;10;1000;1000;0.9;7;0;9;instances/queen6_6.col;36;580;greedy
14;248908;100;10;1000;1000;0.9;7;0;9;instances/queen6_6.col;36;580;greedy
14;249179;100;10;1000;1000;0.9;7;0;9;instances/queen6_6.col;36;580;greedy
14;244096;100;10;1000;1000;0.9;7;0;9;instances/queen6_6.col;36;580;greedy
14;243679;100;10;1000;1000;0.9;7;0;9;instances/queen6_6.col;36;580;greedy
14;247436;100;10;1000;1000;0.9;7;0;9;instances/queen6_6.col;36;580;greedy
14;250979;100;10;1000;1000;0.9;7;0;9;instances/queen6_6.col;36;580;greedy
12;253446;100;10;1000;1000;0.9;7;0;9;instances/queen6_6.col;36;580;greedy
14;250738;100;10;1000;1000;0.9;7;0;9;instances/queen6_6.col;36;580;greedy
14;244970;100;10;1000;1000;0.9;7;0;9;instances/queen6_6.col;36;580;greedy
14;248431;100;10;1000;1000;0.9;7;0;9;instances/queen6_6.col;36;580;greedy
14;250752;100;10;1000;1000;0.9;7;0;9;instances/queen6_6.col;36;580;greedy
14;250655;100;10;1000;1000;0.9;7;0;9;instances/queen6_6.col;36;580;greedy
14;243077;100;10;1000;1000;0.9;7;0;9;instances/queen6_6.col;36;580;greedy
14;237717;100;10;1000;1000;0.9;7;0;9;instances/queen6_6.col;36;580;greedy
14;246780;100;10;1000;1000;0.9;7;0;9;instances/queen6_6.col;36;580;greedy
14;244903;100;10;1000;1000;0.9;7;0;9;instances/queen6_6.col;36;580;greedy
14;244919;100;10;1000;1000;0.9;7;0;9;instances/queen6_6.col;36;580;greedy
14;249526;100;10;1000;1000;0.9;7;0;9;instances/queen6_6.col;36;580;greedy
14;246669;100;10;1000;1000;0.9;7;0;9;instances/queen6_6.col;36;580;greedy
14;244106;100;10;1000;1000;0.9;7;0;9;instances/queen6_6.col;36;580;greedy
14;256352;100;10;1000;1000;0.9;7;0;9;instances/queen6_6.col;36;580;greedy
14;271820;100;10;1000;1000;0.9;7;0;9;instances/queen6_6.col;36;580;greedy
14;266551;100;10;1000;1000;0.9;7;0;9;instances/queen6_6.col;36;580;greedy
14;1641990;100;10;1000;1000;0.9;7;0;9;instances/queen6_6.col;36;580;greedy
14;244669;100;10;1000;1000;0.9;7;0;9;instances/queen6_6.col;36;580;greedy
14;248365;100;10;1000;1000;0.9;7;0;9;instances/queen6_6.col;36;580;greedy
14;247314;100;10;1000;1000;0.9;7;0;9;instances/queen6_6.col;36;580;greedy
14;253041;100;10;1000;1000;0.9;7;0;9;instances/queen6_6.col;36;580;greedy
14;246959;100;10;1000;1000;0.9;7;0;9;instances/queen6_6.col;36;580;greedy
14;236573;100;10;1000;1000;0.9;7;0;9;instances/queen6_6.col;36;580;greedy
12;244580;100;10;1000;1000;0.9;7;0;9;instances/queen6_6.col;36;580;greedy
14;276679;100;10;1000;1000;0.9;7;0;9;instances/queen6_6.col;36;580;greedy
14;248031;100;10;1000;1000;0.9;7;0;9;instances/queen6_6.col;36;580;greedy
14;246553;100;10;1000;1000;0.9;7;0;9;instances/queen6_6.col;36;580;greedy
14;244940;100;10;1000;1000;0.9;7;0;9;instances/queen6_6.col;36;580;greedy
14;245400;100;10;1000;1000;0.9;7;0;9;instances/queen6_6.col;36;580;greedy
14;246353;100;10;1000;1000;0.9;7;0;9;instances/queen6_6.col;36;580;greedy
14;247191;100;10;1000;1000;0.9;7;0;9;instances/queen6_6.col;36;580;greedy
14;262475;100;10;1000;1000;0.9;7;0;9;instances/queen6_6.col;36;580;greedy
14;257718;100;10;1000;1000;0.9;7;0;9;instances/queen6_6.col;36;580;greedy
14;251335;100;10;1000;1000;0.9;7;0;9;instances/queen6_6.col;36;580;greedy
36;240998;100;10;1000;1000;0.9;7;21704;9;instances/queen6_6.col;36;580;random
30;244184;100;10;1000;1000;0.9;7;21146;9;instances/queen6_6.col;36;580;random
30;240441;100;10;1000;1000;0.9;7;25702;9;instances/queen6_6.col;36;580;random
34;236765;100;10;1000;1000;0.9;7;25798;9;instances/queen6_6.col;36;580;random
34;240947;100;10;1000;1000;0.9;7;32243;9;instances/queen6_6.col;36;580;random
30;248822;100;10;1000;1000;0.9;7;23906;9;instances/queen6_6.col;36;580;random
36;242676;100;10;1000;1000;0.9;7;31393;9;instances/queen6_6.col;36;580;random
36;244438;100;10;1000;1000;0.9;7;13601;9;instances/queen6_6.col;36;580;random
36;255956;100;10;1000;1000;0.9;7;14765;9;instances/queen6_6.col;36;580;random
34;242746;100;10;1000;1000;0.9;7;11128;9;instances/queen6_6.col;36;580;random
32;1338834;100;10;1000;5000;0.9;7;31145;9;instances/queen6_6.col;36;580;random
28;1264960;100;10;1000;5000;0.9;7;132307;9;instances/queen6_6.col;36;580;random
30;1295652;100;10;1000;5000;0.9;7;162366;9;instances/queen6_6.col;36;580;random
30;1366783;100;10;1000;5000;0.9;7;109443;9;instances/queen6_6.col;36;580;random
28;1337645;100;10;1000;5000;0.9;7;134095;9;instances/queen6_6.col;36;580;random
30;1307560;100;10;1000;5000;0.9;7;108929;9;instances/queen6_6.col;36;580;random
32;1330301;100;10;1000;5000;0.9;7;148325;9;instances/queen6_6.col;36;580;random
30;1315318;100;10;1000;5000;0.9;7;151368;9;instances/queen6_6.col;36;580;random
30;1313978;100;10;1000;5000;0.9;7;151309;9;instances/queen6_6.col;36;580;random
32;1291691;100;10;1000;5000;0.9;7;149729;9;instances/queen6_6.col;36;580;random
28;1314965;100;10;1000;5000;0.9;7;94716;9;instances/queen6_6.col;36;580;random
30;1305942;100;10;1000;5000;0.9;7;151325;9;instances/queen6_6.col;36;580;random
28;1316924;100;10;1000;5000;0.9;7;81903;9;instances/queen6_6.col;36;580;random
32;1337641;100;10;1000;5000;0.9;7;160422;9;instances/queen6_6.col;36;580;random
30;1298061;100;10;1000;5000;0.9;7;86213;9;instances/queen6_6.col;36;580;random
32;1300143;100;10;1000;5000;0.9;7;18265;9;instances/queen6_6.col;36;580;random
30;1312697;100;10;1000;5000;0.9;7;79210;9;instances/queen6_6.col;36;580;random
32;1375477;100;10;1000;5000;0.9;7;103345;9;instances/queen6_6.col;36;580;random
26;1327071;100;10;1000;5000;0.9;7;148173;9;instances/queen6_6.col;36;580;random
28;1310720;100;10;1000;5000;0.9;7;164095;9;instances/queen6_6.col;36;580;random
32;1212599;100;10;1000;5000;0.9;7;151189;9;instances/queen6_6.col;36;580;random
32;1199667;100;10;1000;5000;0.9;7;46291;9;instances/queen6_6.col;36;580;random
26;1228099;100;10;1000;5000;0.9;7;72027;9;instances/queen6_6.col;36;580;random
28;1233164;100;10;1000;5000;0.9;7;114397;9;instances/queen6_6.col;36;580;random
32;1205806;100;10;1000;5000;0.9;7;59970;9;instances/queen6_6.col;36;580;random
28;1223638;100;10;1000;5000;0.9;7;156944;9;instances/queen6_6.col;36;580;random
30;1239210;100;10;1000;5000;0.9;7;101008;9;instances/queen6_6.col;36;580;random
30;1227821;100;10;1000;5000;0.9;7;207;9;instances/queen6_6.col;36;580;random
30;1225366;100;10;1000;5000;0.9;7;142700;9;instances/queen6_6.col;36;580;random
34;1222415;100;10;1000;5000;0.9;7;105847;9;instances/queen6_6.col;36;580;random
