18;579255;100;10;1000;1000;0.9;9;0;9;instances/queen8_8.col;64;1456;greedy
18;609270;100;10;1000;1000;0.9;9;0;9;instances/queen8_8.col;64;1456;greedy
18;634521;100;10;1000;1000;0.9;9;0;9;instances/queen8_8.col;64;1456;greedy
18;659383;100;10;1000;1000;0.9;9;0;9;instances/queen8_8.col;64;1456;greedy
18;581669;100;10;1000;1000;0.9;9;0;9;instances/queen8_8.col;64;1456;greedy
18;579160;100;10;1000;1000;0.9;9;0;9;instances/queen8_8.col;64;1456;greedy
18;598009;100;10;1000;1000;0.9;9;0;9;instances/queen8_8.col;64;1456;greedy
18;579503;100;10;1000;1000;0.9;9;0;9;instances/queen8_8.col;64;1456;greedy
18;570071;100;10;1000;1000;0.9;9;0;9;instances/queen8_8.col;64;1456;greedy
18;582595;100;10;1000;1000;0.9;9;0;9;instances/queen8_8.col;64;1456;greedy
18;581636;100;10;1000;1000;0.9;9;0;9;instances/queen8_8.col;64;1456;greedy
18;587117;100;10;1000;1000;0.9;9;0;9;instances/queen8_8.col;64;1456;greedy
18;581278;100;10;1000;1000;0.9;9;0;9;instances/queen8_8.col;64;1456;greedy
18;609545;100;10;1000;1000;0.9;9;0;9;instances/queen8_8.col;64;1456;greedy
18;605007;100;10;1000;1000;0.9;9;0;9;instances/queen8_8.col;64;1456;greedy
18;575150;100;10;1000;1000;0.9;9;0;9;instances/queen8_8.col;64;1456;greedy
18;583937;100;10;1000;1000;0.9;9;0;9;instances/queen8_8.col;64;1456;greedy
18;592608;100;10;1000;1000;0.9;9;0;9;instances/queen8_8.col;64;1456;greedy
18;587241;100;10;1000;1000;0.9;9;0;9;instances/queen8_8.col;64;1456;greedy
18;601907;100;10;1000;1000;0.9;9;0;9;instances/queen8_8.col;64;1456;greedy
18;581260;100;10;1000;1000;0.9;9;0;9;instances/queen8_8.col;64;1456;greedy
16;2289106;100;10;1000;1000;0.9;9;0;9;instances/queen8_8.col;64;1456;greedy
18;572991;100;10;1000;1000;0.9;9;0;9;instances/queen8_8.col;64;1456;greedy
18;576407;100;10;1000;1000;0.9;9;0;9;instances/queen8_8.col;64;1456;greedy
18;592752;100;10;1000;1000;0.9;9;0;9;instances/queen8_8.col;64;1456;greedy
18;582350;100;10;1000;1000;0.9;9;0;9;instances/queen8_8.col;64;1456;greedy
18;591406;100;10;1000;1000;0.9;9;0;9;instances/queen8_8.col;64;1456;greedy
18;587380;100;10;1000;1000;0.9;9;0;9;instances/queen8_8.col;64;1456;greedy
18;576937;100;10;1000;1000;0.9;9;0;9;instances/queen8_8.col;64;1456;greedy
16;572685;100;10;1000;1000;0.9;9;0;9;instances/queen8_8.col;64;1456;greedy
18;579533;100;10;1000;1000;0.9;9;0;9;instances/queen8_8.col;64;1456;greedy
18;584399;100;10;1000;1000;0.9;9;0;9;instances/queen8_8.col;64;1456;greedy
18;594252;100;10;1000;1000;0.9;9;0;9;instances/queen8_8.col;64;1456;greedy
18;577951;100;10;1000;1000;0.9;9;0;9;instances/queen8_8.col;64;1456;greedy
18;586858;100;10;1000;1000;0.9;9;0;9;instances/queen8_8.col;64;1456;greedy
18;577099;100;10;1000;1000;0.9;9;0;9;instances/queen8_8.col;64;1456;greedy
18;581226;100;10;1000;1000;0.9;9;0;9;instances/queen8_8.col;64;1456;greedy
18;571947;100;10;1000;1000;0.9;9;0;9;instances/queen8_8.col;64;1456;greedy
16;579676;100;10;1000;1000;0.9;9;1;9;instances/queen8_8.col;64;1456;greedy
18;597018;100;10;1000;1000;0.9;9;0;9;instances/queen8_8.col;64;1456;greedy
18;590242;100;10;1000;1000;0.9;9;0;9;instances/queen8_8.col;64;1456;greedy
18;589939;100;10;1000;1000;0.9;9;0;9;instances/queen8_8.col;64;1456;greedy
18;585289;100;10;1000;1000;0.9;9;0;9;instances/queen8_8.col;64;1456;greedy
18;580329;100;10;1000;1000;0.9;9;0;9;instances/queen8_8.col;64;1456;greedy
18;591755;100;10;1000;1000;0.9;9;0;9;instances/queen8_8.col;64;1456;greedy
18;597505;100;10;1000;1000;0.9;9;0;9;instances/queen8_8.col;64;1456;greedy
18;570903;100;10;1000;1000;0.9;9;0;9;instances/queen8_8.col;64;1456;greedy
18;623085;100;10;1000;1000;0.9;9;0;9;instances/queen8_8.col;64;1456;greedy
18;587005;100;10;1000;1000;0.9;9;0;9;instances/queen8_8.col;64;1456;greedy
18;573227;100;10;1000;1000;0.9;9;0;9;instances/queen8_8.col;64;1456;greedy
16;578506;100;10;1000;1000;0.9;9;0;9;instances/queen8_8.col;64;1456;greedy
18;579925;100;10;1000;1000;0.9;9;0;9;instances/queen8_8.col;64;1456;greedy
18;591431;100;10;1000;1000;0.9;9;0;9;instances/queen8_8.col;64;1456;greedy
18;576085;100;10;1000;1000;0.9;9;0;9;instances/queen8_8.col;64;1456;greedy
18;584632;100;10;1000;1000;0.9;9;0;9;instances/queen8_8.col;64;1456;greedy
18;597527;100;10;1000;1000;0.9;9;0;9;instances/queen8_8.col;64;1456;greedy
18;592698;100;10;1000;1000;0.9;9;0;9;instances/queen8_8.col;64;1456;greedy
18;585389;100;10;1000;1000;0.9;9;0;9;instances/queen8_8.col;64;1456;greedy
18;579218;100;10;1000;1000;0.9;9;0;9;instances/queen8_8.col;64;1456;greedy
18;590698;100;10;1000;1000;0.9;9;0;9;instances/queen8_8.col;64;1456;greedy
18;580413;100;10;1000;1000;0.9;9;0;9;instances/queen8_8.col;64;1456;greedy
18;579195;100;10;1000;1000;0.9;9;0;9;instances/queen8_8.col;64;1456;greedy
18;574353;100;10;1000;1000;0.9;9;0;9;instances/queen8_8.col;64;1456;greedy
18;581799;100;10;1000;1000;0.9;9;0;9;instances/queen8_8.col;64;1456;greedy
18;582722;100;10;1000;1000;0.9;9;0;9;instances/queen8_8.col;64;1456;greedy
18;599749;100;10;1000;1000;0.9;9;0;9;instances/queen8_8.col;64;1456;greedy
18;581602;100;10;1000;1000;0.9;9;0;9;instances/queen8_8.col;64;1456;greedy
18;577140;100;10;1000;1000;0.9;9;0;9;instances/queen8_8.col;64;1456;greedy
18;590031;100;10;1000;1000;0.9;9;0;9;instances/queen8_8.col;64;1456;greedy
18;595781;100;10;1000;1000;0.9;9;0;9;instances/queen8_8.col;64;1456;greedy
18;587525;100;10;1000;1000;0.9;9;0;9;instances/queen8_8.col;64;1456;greedy
18;578826;100;10;1000;1000;0.9;9;0;9;instances/queen8_8.col;64;1456;greedy
18;581815;100;10;1000;1000;0.9;9;0;9;instances/queen8_8.col;64;1456;greedy
18;577607;100;10;1000;1000;0.9;9;0;9;instances/queen8_8.col;64;1456;greedy
18;574691;100;10;1000;1000;0.9;9;0;9;instances/queen8_8.col;64;1456;greedy
18;619094;100;10;1000;1000;0.9;9;0;9;instances/queen8_8.col;64;1456;greedy
18;2312308;100;10;1000;1000;0.9;9;0;9;instances/queen8_8.col;64;1456;greedy
18;599346;100;10;1000;1000;0.9;9;0;9;instances/queen8_8.col;64;1456;greedy
18;604328;100;10;1000;1000;0.9;9;0;9;instances/queen8_8.col;64;1456;greedy
18;570429;100;10;1000;1000;0.9;9;0;9;instances/queen8_8.col;64;1456;greedy
18;584954;100;10;1000;1000;0.9;9;0;9;instances/queen8_8.col;64;1456;greedy
18;575468;100;10;1000;1000;0.9;9;0;9;instances/queen8_8.col;64;1456;greedy
18;583481;100;10;1000;1000;0.9;9;0;9;instances/queen8_8.col;64;1456;greedy
18;586867;100;10;1000;1000;0.9;9;0;9;instances/queen8_8.col;64;1456;greedy
18;591776;100;10;1000;1000;0.9;9;0;9;instances/queen8_8.col;64;1456;greedy
18;586397;100;10;1000;1000;0.9;9;0;9;instances/queen8_8.col;64;1456;greedy
18;616278;100;10;1000;1000;0.9;9;0;9;instances/queen8_8.col;64;1456;greedy
18;590188;100;10;1000;1000;0.9;9;0;9;instances/queen8_8.col;64;1456;greedy
18;580596;100;10;1000;1000;0.9;9;0;9;instances/queen8_8.col;64;1456;greedy
18;605513;100;10;1000;1000;0.9;9;0;9;instances/queen8_8.col;64;1456;greedy
18;590506;100;10;1000;1000;0.9;9;0;9;instances/queen8_8.col;64;1456;greedy
18;576514;100;10;1000;1000;0.9;9;0;9;instances/queen8_8.col;64;1456;greedy
18;578616;100;10;1000;1000;0.9;9;0;9;instances/queen8_8.col;64;1456;greedy
18;582693;100;10;1000;1000;0.9;9;0;9;instances/queen8_8.col;64;1456;greedy
18;555457;100;10;1000;1000;0.9;9;0;9;instances/queen8_8.col;64;1456;greedy
18;577300;100;10;1000;1000;0.9;9;0;9;instances/queen8_8.col;64;1456;greedy
18;631278;100;10;1000;1000;0.9;9;0;9;instances/queen8_8.col;64;1456;greedy
18;571860;100;10;1000;1000;0.9;9;0;9;instances/queen8_8.col;64;1456;greedy
18;586317;100;10;1000;1000;0.9;9;0;9;instances/queen8_8.col;64;1456;greedy
18;587607;100;10;1000;1000;0.9;9;0;9;instances/queen8_8.col;64;1456;greedy
86;560624;100;10;1000;1000;0.9;9;32507;9;instances/queen8_8.col;64;1456;random
84;577452;100;10;1000;1000;0.9;9;21526;9;instances/queen8_8.col;64;1456;random
82;563531;100;10;1000;1000;0.9;9;25919;9;instances/queen8_8.col;64;1456;random
86;568642;100;10;1000;1000;0.9;9;32550;9;instances/queen8_8.col;64;1456;random
82;566282;100;10;1000;1000;0.9;9;21151;9;instances/queen8_8.col;64;1456;random
86;564051;100;10;1000;1000;0.9;9;33013;9;instances/queen8_8.col;64;1456;random
86;571282;100;10;1000;1000;0.9;9;29258;9;instances/queen8_8.col;64;1456;random
90;586266;100;10;1000;1000;0.9;9;13185;9;instances/queen8_8.col;64;1456;random
86;565995;100;10;1000;1000;0.9;9;30972;9;instances/queen8_8.col;64;1456;random
86;564449;100;10;1000;1000;0.9;9;29231;9;instances/queen8_8.col;64;1456;random
82;3102477;100;10;1000;5000;0.9;9;159944;9;instances/queen8_8.col;64;1456;random
84;3027965;100;10;1000;5000;0.9;9;63935;9;instances/queen8_8.col;64;1456;random
82;3048666;100;10;1000;5000;0.9;9;92614;9;instances/queen8_8.col;64;1456;random
82;3105003;100;10;1000;5000;0.9;9;108743;9;instances/queen8_8.col;64;1456;random
78;3050294;100;10;1000;5000;0.9;9;163448;9;instances/queen8_8.col;64;1456;random
82;3079646;100;10;1000;5000;0.9;9;160888;9;instances/queen8_8.col;64;1456;random
78;3145371;100;10;1000;5000;0.9;9;140969;9;instances/queen8_8.col;64;1456;random
82;3089705;100;10;1000;5000;0.9;9;136957;9;instances/queen8_8.col;64;1456;random
84;3089430;100;10;1000;5000;0.9;9;128620;9;instances/queen8_8.col;64;1456;random
76;3080602;100;10;1000;5000;0.9;9;151246;9;instances/queen8_8.col;64;1456;random
76;3114952;100;10;1000;5000;0.9;9;153879;9;instances/queen8_8.col;64;1456;random
74;3051509;100;10;1000;5000;0.9;9;143101;9;instances/queen8_8.col;64;1456;random
78;3075822;100;10;1000;5000;0.9;9;113084;9;instances/queen8_8.col;64;1456;random
78;3092075;100;10;1000;5000;0.9;9;160996;9;instances/queen8_8.col;64;1456;random
82;3046152;100;10;1000;5000;0.9;9;143410;9;instances/queen8_8.col;64;1456;random
76;2988004;100;10;1000;5000;0.9;9;131971;9;instances/queen8_8.col;64;1456;random
66;3047043;100;10;1000;5000;0.9;9;133521;9;instances/queen8_8.col;64;1456;random
76;3111411;100;10;1000;5000;0.9;9;153121;9;instances/queen8_8.col;64;1456;random
80;3075236;100;10;1000;5000;0.9;9;72661;9;instances/queen8_8.col;64;1456;random
74;3118604;100;10;1000;5000;0.9;9;152382;9;instances/queen8_8.col;64;1456;random
86;2950856;100;10;1000;5000;0.9;9;142903;9;instances/queen8_8.col;64;1456;random
80;4930044;100;10;1000;5000;0.9;9;154200;9;instances/queen8_8.col;64;1456;random
76;3082267;100;10;1000;5000;0.9;9;143517;9;instances/queen8_8.col;64;1456;random
84;2923576;100;10;1000;5000;0.9;9;11648;9;instances/queen8_8.col;64;1456;random
82;2848481;100;10;1000;5000;0.9;9;59463;9;instances/queen8_8.col;64;1456;random
82;2854278;100;10;1000;5000;0.9;9;152417;9;instances/queen8_8.col;64;1456;random
78;2788266;100;10;1000;5000;0.9;9;140172;9;instances/queen8_8.col;64;1456;random
80;2946111;100;10;1000;5000;0.9;9;163798;9;instances/queen8_8.col;64;1456;random
76;2918809;100;10;1000;5000;0.9;9;165747;9;instances/queen8_8.col;64;1456;random
72;2975328;100;10;1000;5000;0.9;9;163671;9;instances/queen8_8.col;64;1456;random
