32;816177;100;10;1000;1000;0.9;10;0;9;instances/queen9_9.col;81;2112;greedy
32;921618;100;10;1000;1000;0.9;10;0;9;instances/queen9_9.col;81;2112;greedy
32;843073;100;10;1000;1000;0.9;10;0;9;instances/queen9_9.col;81;2112;greedy
32;833728;100;10;1000;1000;0.9;10;0;9;instances/queen9_9.col;81;2112;greedy
32;832464;100;10;1000;1000;0.9;10;0;9;instances/queen9_9.col;81;2112;greedy
32;827000;100;10;1000;1000;0.9;10;0;9;instances/queen9_9.col;81;2112;greedy
32;811288;100;10;1000;1000;0.9;10;0;9;instances/queen9_9.col;81;2112;greedy
32;829338;100;10;1000;1000;0.9;10;0;9;instances/queen9_9.col;81;2112;greedy
32;828499;100;10;1000;1000;0.9;10;0;9;instances/queen9_9.col;81;2112;greedy
32;811387;100;10;1000;1000;0.9;10;0;9;instances/queen9_9.col;81;2112;greedy
32;811558;100;10;1000;1000;0.9;10;0;9;instances/queen9_9.col;81;2112;greedy
32;826505;100;10;1000;1000;0.9;10;0;9;instances/queen9_9.col;81;2112;greedy
32;831463;100;10;1000;1000;0.9;10;0;9;instances/queen9_9.col;81;2112;greedy
32;821133;100;10;1000;1000;0.9;10;0;9;instances/queen9_9.col;81;2112;greedy
32;868060;100;10;1000;1000;0.9;10;0;9;instances/queen9_9.col;81;2112;greedy
32;840248;100;10;1000;1000;0.9;10;0;9;instances/queen9_9.col;81;2112;greedy
32;820882;100;10;1000;1000;0.9;10;0;9;instances/queen9_9.col;81;2112;greedy
32;836796;100;10;1000;1000;0.9;10;0;9;instances/queen9_9.col;81;2112;greedy
32;828600;100;10;1000;1000;0.9;10;0;9;instances/queen9_9.col;81;2112;greedy
32;839260;100;10;1000;1000;0.9;10;0;9;instances/queen9_9.col;81;2112;greedy
32;854264;100;10;1000;1000;0.9;10;0;9;instances/queen9_9.col;81;2112;greedy
32;2549885;100;10;1000;1000;0.9;10;0;9;instances/queen9_9.col;81;2112;greedy
32;810826;100;10;1000;1000;0.9;10;0;9;instances/queen9_9.col;81;2112;greedy
32;822993;100;10;1000;1000;0.9;10;0;9;instances/queen9_9.col;81;2112;greedy
32;820441;100;10;1000;1000;0.9;10;0;9;instances/queen9_9.col;81;2112;greedy
32;815449;100;10;1000;1000;0.9;10;0;9;instances/queen9_9.col;81;2112;greedy
32;823818;100;10;1000;1000;0.9;10;0;9;instances/queen9_9.col;81;2112;greedy
32;813459;100;10;1000;1000;0.9;10;0;9;instances/queen9_9.col;81;2112;greedy
32;840079;100;10;1000;1000;0.9;10;0;9;instances/queen9_9.col;81;2112;greedy
32;846884;100;10;1000;1000;0.9;10;0;9;instances/queen9_9.col;81;2112;greedy
32;814578;100;10;1000;1000;0.9;10;0;9;instances/queen9_9.col;81;2112;greedy
32;827190;100;10;1000;1000;0.9;10;0;9;instances/queen9_9.col;81;2112;greedy
32;815620;100;10;1000;1000;0.9;10;0;9;instances/queen9_9.col;81;2112;greedy
32;874146;100;10;1000;1000;0.9;10;0;9;instances/queen9_9.col;81;2112;greedy
30;832907;100;10;1000;1000;0.9;10;0;9;instances/queen9_9.col;81;2112;greedy
32;809462;100;10;1000;1000;0.9;10;0;9;instances/queen9_9.col;81;2112;greedy
32;826527;100;10;1000;1000;0.9;10;0;9;instances/queen9_9.col;81;2112;greedy
32;830076;100;10;1000;1000;0.9;10;0;9;instances/queen9_9.col;81;2112;greedy
32;814845;100;10;1000;1000;0.9;10;0;9;instances/queen9_9.col;81;2112;greedy
32;858613;100;10;1000;1000;0.9;10;0;9;instances/queen9_9.col;81;2112;greedy
32;805598;100;10;1000;1000;0.9;10;0;9;instances/queen9_9.col;81;2112;greedy
32;828094;100;10;1000;1000;0.9;10;0;9;instances/queen9_9.col;81;2112;greedy
32;809785;100;10;1000;1000;0.9;10;0;9;instances/queen9_9.col;81;2112;greedy
32;816567;100;10;1000;1000;0.9;10;0;9;instances/queen9_9.col;81;2112;greedy
32;840198;100;10;1000;1000;0.9;10;0;9;instances/queen9_9.col;81;2112;greedy
32;833937;100;10;1000;1000;0.9;10;0;9;instances/queen9_9.col;81;2112;greedy
32;831062;100;10;1000;1000;0.9;10;0;9;instances/queen9_9.col;81;2112;greedy
32;816927;100;10;1000;1000;0.9;10;0;9;instances/queen9_9.col;81;2112;greedy
32;827451;100;10;1000;1000;0.9;10;0;9;instances/queen9_9.col;81;2112;greedy
32;816081;100;10;1000;1000;0.9;10;0;9;instances/queen9_9.col;81;2112;greedy
32;824267;100;10;1000;1000;0.9;10;0;9;instances/queen9_9.col;81;2112;greedy
32;814277;100;10;1000;1000;0.9;10;0;9;instances/queen9_9.col;81;2112;greedy
32;811847;100;10;1000;1000;0.9;10;0;9;instances/queen9_9.col;81;2112;greedy
32;805365;100;10;1000;1000;0.9;10;0;9;instances/queen9_9.col;81;2112;greedy
32;825751;100;10;1000;1000;0.9;10;0;9;instances/queen9_9.col;81;2112;greedy
32;826603;100;10;1000;1000;0.9;10;0;9;instances/queen9_9.col;81;2112;greedy
30;860953;100;10;1000;1000;0.9;10;0;9;instances/queen9_9.col;81;2112;greedy
32;810891;100;10;1000;1000;0.9;10;0;9;instances/queen9_9.col;81;2112;greedy
32;833108;100;10;1000;1000;0.9;10;0;9;instances/queen9_9.col;81;2112;greedy
32;819569;100;10;1000;1000;0.9;10;0;9;instances/queen9_9.col;81;2112;greedy
32;2580268;100;10;1000;1000;0.9;10;0;9;instances/queen9_9.col;81;2112;greedy
32;787245;100;10;1000;1000;0.9;10;0;9;instances/queen9_9.col;81;2112;greedy
32;836035;100;10;1000;1000;0.9;10;0;9;instances/queen9_9.col;81;2112;greedy
32;837147;100;10;1000;1000;0.9;10;0;9;instances/queen9_9.col;81;2112;greedy
32;820282;100;10;1000;1000;0.9;10;0;9;instances/queen9_9.col;81;2112;greedy
32;833642;100;10;1000;1000;0.9;10;0;9;instances/queen9_9.col;81;2112;greedy
32;830212;100;10;1000;1000;0.9;10;0;9;instances/queen9_9.col;81;2112;greedy
32;819420;100;10;1000;1000;0.9;10;0;9;instances/queen9_9.col;81;2112;greedy
32;842640;100;10;1000;1000;0.9;10;0;9;instances/queen9_9.col;81;2112;greedy
32;894804;100;10;1000;1000;0.9;10;0;9;instances/queen9_9.col;81;2112;greedy
32;846916;100;10;1000;1000;0.9;10;0;9;instances/queen9_9.col;81;2112;greedy
32;833261;100;10;1000;1000;0.9;10;0;9;instances/queen9_9.col;81;2112;greedy
32;802084;100;10;1000;1000;0.9;10;0;9;instances/queen9_9.col;81;2112;greedy
32;798409;100;10;1000;1000;0.9;10;0;9;instances/queen9_9.col;81;2112;greedy
32;798297;100;10;1000;1000;0.9;10;0;9;instances/queen9_9.col;81;2112;greedy
32;786516;100;10;1000;1000;0.9;10;0;9;instances/queen9_9.col;81;2112;greedy
32;791335;100;10;1000;1000;0.9;10;0;9;instances/queen9_9.col;81;2112;greedy
32;805625;100;10;1000;1000;0.9;10;0;9;instances/queen9_9.col;81;2112;greedy
32;850412;100;10;1000;1000;0.9;10;0;9;instances/queen9_9.col;81;2112;greedy
32;815197;100;10;1000;1000;0.9;10;0;9;instances/queen9_9.col;81;2112;greedy
32;844208;100;10;1000;1000;0.9;10;0;9;instances/queen9_9.col;81;2112;greedy
32;825595;100;10;1000;1000;0.9;10;0;9;instances/queen9_9.col;81;2112;greedy
32;831432;100;10;1000;1000;0.9;10;0;9;instances/queen9_9.col;81;2112;greedy
32;869000;100;10;1000;1000;0.9;10;0;9;instances/queen9_9.col;81;2112;greedy
32;833340;100;10;1000;1000;0.9;10;0;9;instances/queen9_9.col;81;2112;greedy
32;813317;100;10;1000;1000;0.9;10;0;9;instances/queen9_9.col;81;2112;greedy
32;822044;100;10;1000;1000;0.9;10;0;9;instances/queen9_9.col;81;2112;greedy
32;823792;100;10;1000;1000;0.9;10;0;9;instances/queen9_9.col;81;2112;greedy
32;822739;100;10;1000;1000;0.9;10;0;9;instances/queen9_9.col;81;2112;greedy
32;831549;100;10;1000;1000;0.9;10;0;9;instances/queen9_9.col;81;2112;greedy
32;832728;100;10;1000;1000;0.9;10;0;9;instances/queen9_9.col;81;2112;greedy
32;847370;100;10;1000;1000;0.9;10;0;9;instances/queen9_9.col;81;2112;greedy
32;837276;100;10;1000;1000;0.9;10;0;9;instances/queen9_9.col;81;2112;greedy
32;834297;100;10;1000;1000;0.9;10;0;9;instances/queen9_9.col;81;2112;greedy
32;821250;100;10;1000;1000;0.9;10;0;9;instances/queen9_9.col;81;2112;greedy
32;831689;100;10;1000;1000;0.9;10;0;9;instances/queen9_9.col;81;2112;greedy
32;834175;100;10;1000;1000;0.9;10;0;9;instances/queen9_9.col;81;2112;greedy
32;832845;100;10;1000;1000;0.9;10;0;9;instances/queen9_9.col;81;2112;greedy
32;842372;100;10;1000;1000;0.9;10;0;9;instances/queen9_9.col;81;2112;greedy
32;2583983;100;10;1000;1000;0.9;10;0;9;instances/queen9_9.col;81;2112;greedy
120;802505;100;10;1000;1000;0.9;10;32210;9;instances/queen9_9.col;81;2112;random
120;841893;100;10;1000;1000;0.9;10;28165;9;instances/queen9_9.col;81;2112;random
112;803575;100;10;1000;1000;0.9;10;21524;9;instances/queen9_9.col;81;2112;random
122;834308;100;10;1000;1000;0.9;10;24268;9;instances/queen9_9.col;81;2112;random
122;801917;100;10;1000;1000;0.9;10;18189;9;instances/queen9_9.col;81;2112;random
124;822152;100;10;1000;1000;0.9;10;931;9;instances/queen9_9.col;81;2112;random
116;819937;100;10;1000;1000;0.9;10;33278;9;instances/queen9_9.col;81;2112;random
118;831016;100;10;1000;1000;0.9;10;33195;9;instances/queen9_9.col;81;2112;random
116;807949;100;10;1000;1000;0.9;10;17425;9;instances/queen9_9.col;81;2112;random
120;808824;100;10;1000;1000;0.9;10;31811;9;instances/queen9_9.col;81;2112;random
118;4393487;100;10;1000;5000;0.9;10;100933;9;instances/queen9_9.col;81;2112;random
106;4395789;100;10;1000;5000;0.9;10;164941;9;instances/queen9_9.col;81;2112;random
112;4328121;100;10;1000;5000;0.9;10;152879;9;instances/queen9_9.col;81;2112;random
116;4387848;100;10;1000;5000;0.9;10;141987;9;instances/queen9_9.col;81;2112;random
118;4427351;100;10;1000;5000;0.9;10;96615;9;instances/queen9_9.col;81;2112;random
114;4420580;100;10;1000;5000;0.9;10;105731;9;instances/queen9_9.col;81;2112;random
110;4344355;100;10;1000;5000;0.9;10;164587;9;instances/queen9_9.col;81;2112;random
120;4334427;100;10;1000;5000;0.9;10;137478;9;instances/queen9_9.col;81;2112;random
120;4395203;100;10;1000;5000;0.9;10;166125;9;instances/queen9_9.col;81;2112;random
118;4338747;100;10;1000;5000;0.9;10;97425;9;instances/queen9_9.col;81;2112;random
114;4323000;100;10;1000;5000;0.9;10;161174;9;instances/queen9_9.col;81;2112;random
100;4327553;100;10;1000;5000;0.9;10;160461;9;instances/queen9_9.col;81;2112;random
118;4331027;100;10;1000;5000;0.9;10;66725;9;instances/queen9_9.col;81;2112;random
112;4311332;100;10;1000;5000;0.9;10;75706;9;instances/queen9_9.col;81;2112;random
120;4353569;100;10;1000;5000;0.9;10;130469;9;instances/queen9_9.col;81;2112;random
114;4363203;100;10;1000;5000;0.9;10;154281;9;instances/queen9_9.col;81;2112;random
120;4353387;100;10;1000;5000;0.9;10;80221;9;instances/queen9_9.col;81;2112;random
120;4317897;100;10;1000;5000;0.9;10;166612;9;instances/queen9_9.col;81;2112;random
102;4349870;100;10;1000;5000;0.9;10;146745;9;instances/queen9_9.col;81;2112;random
112;4403776;100;10;1000;5000;0.9;10;147152;9;instances/queen9_9.col;81;2112;random
110;4163381;100;10;1000;5000;0.9;10;162743;9;instances/queen9_9.col;81;2112;random
114;6143261;100;10;1000;5000;0.9;10;115888;9;instances/queen9_9.col;81;2112;random
112;4338376;100;10;1000;5000;0.9;10;110380;9;instances/queen9_9.col;81;2112;random
112;4092864;100;10;1000;5000;0.9;10;161106;9;instances/queen9_9.col;81;2112;random
116;4014088;100;10;1000;5000;0.9;10;156248;9;instances/queen9_9.col;81;2112;random
114;4031357;100;10;1000;5000;0.9;10;154555;9;instances/queen9_9.col;81;2112;random
112;4167472;100;10;1000;5000;0.9;10;158453;9;instances/queen9_9.col;81;2112;random
116;4151623;100;10;1000;5000;0.9;10;152293;9;instances/queen9_9.col;81;2112;random
116;4241932;100;10;1000;5000;0.9;10;140688;9;instances/queen9_9.col;81;2112;random
114;6254992;100;10;1000;5000;0.9;10;158563;9;instances/queen9_9.col;81;2112;random
