16;150075;100;10;1000;1000;0.9;5;0;9;instances/queen5_5.col;25;320;greedy
16;153319;100;10;1000;1000;0.9;5;0;9;instances/queen5_5.col;25;320;greedy
16;202335;100;10;1000;1000;0.9;5;0;9;instances/queen5_5.col;25;320;greedy
16;171469;100;10;1000;1000;0.9;5;0;9;instances/queen5_5.col;25;320;greedy
16;148813;100;10;1000;1000;0.9;5;0;9;instances/queen5_5.col;25;320;greedy
16;158205;100;10;1000;1000;0.9;5;0;9;instances/queen5_5.col;25;320;greedy
16;175012;100;10;1000;1000;0.9;5;0;9;instances/queen5_5.col;25;320;greedy
16;161205;100;10;1000;1000;0.9;5;0;9;instances/queen5_5.col;25;320;greedy
16;152182;100;10;1000;1000;0.9;5;0;9;instances/queen5_5.col;25;320;greedy
16;150091;100;10;1000;1000;0.9;5;0;9;instances/queen5_5.col;25;320;greedy
16;156624;100;10;1000;1000;0.9;5;0;9;instances/queen5_5.col;25;320;greedy
16;154415;100;10;1000;1000;0.9;5;0;9;instances/queen5_5.col;25;320;greedy
12;147939;100;10;1000;1000;0.9;5;0;9;instances/queen5_5.col;25;320;greedy
16;150955;100;10;1000;1000;0.9;5;0;9;instances/queen5_5.col;25;320;greedy
16;152085;100;10;1000;1000;0.9;5;0;9;instances/queen5_5.col;25;320;greedy
16;160604;100;10;1000;1000;0.9;5;0;9;instances/queen5_5.col;25;320;greedy
16;148919;100;10;1000;1000;0.9;5;0;9;instances/queen5_5.col;25;320;greedy
16;147919;100;10;1000;1000;0.9;5;0;9;instances/queen5_5.col;25;320;greedy
14;149955;100;10;1000;1000;0.9;5;2;9;instances/queen5_5.col;25;320;greedy
16;155163;100;10;1000;1000;0.9;5;0;9;instances/queen5_5.col;25;320;greedy
16;163815;100;10;1000;1000;0.9;5;0;9;instances/queen5_5.col;25;320;greedy
16;152197;100;10;1000;1000;0.9;5;0;9;instances/queen5_5.col;25;320;greedy
16;148926;100;10;1000;1000;0.9;5;0;9;instances/queen5_5.col;25;320;greedy
14;148008;100;10;1000;1000;0.9;5;1;9;instances/queen5_5.col;25;320;greedy
16;155717;100;10;1000;1000;0.9;5;0;9;instances/queen5_5.col;25;320;greedy
16;147945;100;10;1000;1000;0.9;5;0;9;instances/queen5_5.col;25;320;greedy
14;150545;100;10;1000;1000;0.9;5;0;9;instances/queen5_5.col;25;320;greedy
16;152622;100;10;1000;1000;0.9;5;0;9;instances/queen5_5.col;25;320;greedy
16;165107;100;10;1000;1000;0.9;5;0;9;instances/queen5_5.col;25;320;greedy
16;150471;100;10;1000;1000;0.9;5;0;9;instances/queen5_5.col;25;320;greedy
16;1995349;100;10;1000;1000;0.9;5;0;9;instances/queen5_5.col;25;320;greedy
16;167793;100;10;1000;1000;0.9;5;0;9;instances/queen5_5.col;25;320;greedy
14;167817;100;10;1000;1000;0.9;5;0;9;instances/queen5_5.col;25;320;greedy
16;158866;100;10;1000;1000;0.9;5;0;9;instances/queen5_5.col;25;320;greedy
16;149236;100;10;1000;1000;0.9;5;0;9;instances/queen5_5.col;25;320;greedy
16;147319;100;10;1000;1000;0.9;5;0;9;instances/queen5_5.col;25;320;greedy
16;154734;100;10;1000;1000;0.9;5;0;9;instances/queen5_5.col;25;320;greedy
14;150840;100;10;1000;1000;0.9;5;2;9;instances/queen5_5.col;25;320;greedy
16;161720;100;10;1000;1000;0.9;5;0;9;instances/queen5_5.col;25;320;greedy
16;147387;100;10;1000;1000;0.9;5;0;9;instances/queen5_5.col;25;320;greedy
16;150938;100;10;1000;1000;0.9;5;0;9;instances/queen5_5.col;25;320;greedy
16;143349;100;10;1000;1000;0.9;5;0;9;instances/queen5_5.col;25;320;greedy
16;157849;100;10;1000;1000;0.9;5;0;9;instances/queen5_5.col;25;320;greedy
16;151877;100;10;1000;1000;0.9;5;0;9;instances/queen5_5.col;25;320;greedy
16;149651;100;10;1000;1000;0.9;5;0;9;instances/queen5_5.col;25;320;greedy
16;148498;100;10;1000;1000;0.9;5;0;9;instances/queen5_5.col;25;320;greedy
16;148700;100;10;1000;1000;0.9;5;0;9;instances/queen5_5.col;25;320;greedy
16;158032;100;10;1000;1000;0.9;5;0;9;instances/queen5_5.col;25;320;greedy
16;159107;100;10;1000;1000;0.9;5;0;9;instances/queen5_5.col;25;320;greedy
14;159667;100;10;1000;1000;0.9;5;0;9;instances/queen5_5.col;25;320;greedy
16;152508;100;10;1000;1000;0.9;5;0;9;instances/queen5_5.col;25;320;greedy
14;186284;100;10;1000;1000;0.9;5;0;9;instances/queen5_5.col;25;320;greedy
16;157651;100;10;1000;1000;0.9;5;0;9;instances/queen5_5.col;25;320;greedy
16;157399;100;10;1000;1000;0.9;5;0;9;instances/queen5_5.col;25;320;greedy
14;158258;100;10;1000;1000;0.9;5;0;9;instances/queen5_5.col;25;320;greedy
16;157650;100;10;1000;1000;0.9;5;0;9;instances/queen5_5.col;25;320;greedy
16;162981;100;10;1000;1000;0.9;5;0;9;instances/queen5_5.col;25;320;greedy
16;168169;100;10;1000;1000;0.9;5;0;9;instances/queen5_5.col;25;320;greedy
16;155925;100;10;1000;1000;0.9;5;0;9;instances/queen5_5.col;25;320;greedy
16;156969;100;10;1000;1000;0.9;5;0;9;instances/queen5_5.col;25;320;greedy
12;156689;100;10;1000;1000;0.9;5;0;9;instances/queen5_5.col;25;320;greedy
16;158335;100;10;1000;1000;0.9;5;0;9;instances/queen5_5.col;25;320;greedy
16;163596;100;10;1000;1000;0.9;5;0;9;instances/queen5_5.col;25;320;greedy
16;157083;100;10;1000;1000;0.9;5;0;9;instances/queen5_5.col;25;320;greedy
16;158445;100;10;1000;1000;0.9;5;0;9;instances/queen5_5.col;25;320;greedy
12;155569;100;10;1000;1000;0.9;5;2;9;instances/queen5_5.col;25;320;greedy
14;171038;100;10;1000;1000;0.9;5;1;9;instances/queen5_5.col;25;320;greedy
16;160482;100;10;1000;1000;0.9;5;0;9;instances/queen5_5.col;25;320;greedy
16;171113;100;10;1000;1000;0.9;5;0;9;instances/queen5_5.col;25;320;greedy
14;163334;100;10;1000;1000;0.9;5;1;9;instances/queen5_5.col;25;320;greedy
16;156030;100;10;1000;1000;0.9;5;0;9;instances/queen5_5.col;25;320;greedy
14;155436;100;10;1000;1000;0.9;5;0;9;instances/queen5_5.col;25;320;greedy
16;166615;100;10;1000;1000;0.9;5;0;9;instances/queen5_5.col;25;320;greedy
16;154004;100;10;1000;1000;0.9;5;0;9;instances/queen5_5.col;25;320;greedy
14;169075;100;10;1000;1000;0.9;5;0;9;instances/queen5_5.col;25;320;greedy
16;168848;100;10;1000;1000;0.9;5;0;9;instances/queen5_5.col;25;320;greedy
16;180762;100;10;1000;1000;0.9;5;0;9;instances/queen5_5.col;25;320;greedy
16;159707;100;10;1000;1000;0.9;5;0;9;instances/queen5_5.col;25;320;greedy
16;156518;100;10;1000;1000;0.9;5;0;9;instances/queen5_5.col;25;320;greedy
14;155619;100;10;1000;1000;0.9;5;0;9;instances/queen5_5.col;25;320;greedy
16;156854;100;10;1000;1000;0.9;5;0;9;instances/queen5_5.col;25;320;greedy
16;157758;100;10;1000;1000;0.9;5;0;9;instances/queen5_5.col;25;320;greedy
16;167966;100;10;1000;1000;0.9;5;0;9;instances/queen5_5.col;25;320;greedy
12;157192;100;10;1000;1000;0.9;5;1;9;instances/queen5_5.col;25;320;greedy
16;151830;100;10;1000;1000;0.9;5;0;9;instances/queen5_5.col;25;320;greedy
16;151218;100;10;1000;1000;0.9;5;0;9;instances/queen5_5.col;25;320;greedy
16;153551;100;10;1000;1000;0.9;5;0;9;instances/queen5_5.col;25;320;greedy
16;158677;100;10;1000;1000;0.9;5;0;9;instances/queen5_5.col;25;320;greedy
14;156515;100;10;1000;1000;0.9;5;0;9;instances/queen5_5.col;25;320;greedy
16;149119;100;10;1000;1000;0.9;5;0;9;instances/queen5_5.col;25;320;greedy
16;166284;100;10;1000;1000;0.9;5;0;9;instances/queen5_5.col;25;320;greedy
16;155873;100;10;1000;1000;0.9;5;0;9;instances/queen5_5.col;25;320;greedy
16;151283;100;10;1000;1000;0.9;5;0;9;instances/queen5_5.col;25;320;greedy
16;151251;100;10;1000;1000;0.9;5;0;9;instances/queen5_5.col;25;320;greedy
14;160497;100;10;1000;1000;0.9;5;0;9;instances/queen5_5.col;25;320;greedy
16;160238;100;10;1000;1000;0.9;5;0;9;instances/queen5_5.col;25;320;greedy
16;194021;100;10;1000;1000;0.9;5;0;9;instances/queen5_5.col;25;320;greedy
16;163821;100;10;1000;1000;0.9;5;0;9;instances/queen5_5.col;25;320;greedy
16;149216;100;10;1000;1000;0.9;5;0;9;instances/queen5_5.col;25;320;greedy
16;159143;100;10;1000;1000;0.9;5;0;9;instances/queen5_5.col;25;320;greedy
22;153817;100;10;1000;1000;0.9;5;21807;9;instances/queen5_5.col;25;320;random
20;149967;100;10;1000;1000;0.9;5;22519;9;instances/queen5_5.col;25;320;random
24;153806;100;10;1000;1000;0.9;5;21236;9;instances/queen5_5.col;25;320;random
24;147047;100;10;1000;1000;0.9;5;28485;9;instances/queen5_5.col;25;320;random
22;146859;100;10;1000;1000;0.9;5;19432;9;instances/queen5_5.col;25;320;random
22;155447;100;10;1000;1000;0.9;5;24094;9;instances/queen5_5.col;25;320;random
20;148417;100;10;1000;1000;0.9;5;29492;9;instances/queen5_5.col;25;320;random
20;146915;100;10;1000;1000;0.9;5;28412;9;instances/queen5_5.col;25;320;random
22;147568;100;10;1000;1000;0.9;5;31830;9;instances/queen5_5.col;25;320;random
20;155905;100;10;1000;1000;0.9;5;30430;9;instances/queen5_5.col;25;320;random
20;798880;100;10;1000;5000;0.9;5;125725;9;instances/queen5_5.col;25;320;random
16;796392;100;10;1000;5000;0.9;5;131439;9;instances/queen5_5.col;25;320;random
18;824411;100;10;1000;5000;0.9;5;138462;9;instances/queen5_5.col;25;320;random
16;812223;100;10;1000;5000;0.9;5;135318;9;instances/queen5_5.col;25;320;random
18;795777;100;10;1000;5000;0.9;5;152440;9;instances/queen5_5.col;25;320;random
18;813826;100;10;1000;5000;0.9;5;101511;9;instances/queen5_5.col;25;320;random
20;790623;100;10;1000;5000;0.9;5;12583;9;instances/queen5_5.col;25;320;random
18;811942;100;10;1000;5000;0.9;5;48008;9;instances/queen5_5.col;25;320;random
18;791277;100;10;1000;5000;0.9;5;39005;9;instances/queen5_5.col;25;320;random
20;840867;100;10;1000;5000;0.9;5;47332;9;instances/queen5_5.col;25;320;random
20;834839;100;10;1000;5000;0.9;5;141532;9;instances/queen5_5.col;25;320;random
14;825621;100;10;1000;5000;0.9;5;150359;9;instances/queen5_5.col;25;320;random
20;811868;100;10;1000;5000;0.9;5;132711;9;instances/queen5_5.col;25;320;random
20;800855;100;10;1000;5000;0.9;5;20916;9;instances/queen5_5.col;25;320;random
18;801508;100;10;1000;5000;0.9;5;39641;9;instances/queen5_5.col;25;320;random
22;795649;100;10;1000;5000;0.9;5;38165;9;instances/queen5_5.col;25;320;random
18;837339;100;10;1000;5000;0.9;5;156085;9;instances/queen5_5.col;25;320;random
22;795959;100;10;1000;5000;0.9;5;112984;9;instances/queen5_5.col;25;320;random
12;862553;100;10;1000;5000;0.9;5;131894;9;instances/queen5_5.col;25;320;random
22;785325;100;10;1000;5000;0.9;5;2641;9;instances/queen5_5.col;25;320;random
20;2642209;100;10;1000;5000;0.9;5;112163;9;instances/queen5_5.col;25;320;random
18;815557;100;10;1000;5000;0.9;5;76627;9;instances/queen5_5.col;25;320;random
20;812474;100;10;1000;5000;0.9;5;127250;9;instances/queen5_5.col;25;320;random
18;807906;100;10;1000;5000;0.9;5;122976;9;instances/queen5_5.col;25;320;random
20;772100;100;10;1000;5000;0.9;5;101164;9;instances/queen5_5.col;25;320;random
18;767113;100;10;1000;5000;0.9;5;95892;9;instances/queen5_5.col;25;320;random
22;757243;100;10;1000;5000;0.9;5;147058;9;instances/queen5_5.col;25;320;random
18;758617;100;10;1000;5000;0.9;5;114679;9;instances/queen5_5.col;25;320;random
20;756897;100;10;1000;5000;0.9;5;126430;9;instances/queen5_5.col;25;320;random
20;752384;100;10;1000;5000;0.9;5;69786;9;instances/queen5_5.col;25;320;random
