122;2494836;100;10;1000;1000;0.9;13;0;9;instances/queen13_13.col;169;6656;greedy
122;2526193;100;10;1000;1000;0.9;13;0;9;instances/queen13_13.col;169;6656;greedy
122;2488783;100;10;1000;1000;0.9;13;0;9;instances/queen13_13.col;169;6656;greedy
122;4514104;100;10;1000;1000;0.9;13;0;9;instances/queen13_13.col;169;6656;greedy
120;2569022;100;10;1000;1000;0.9;13;0;9;instances/queen13_13.col;169;6656;greedy
122;2457121;100;10;1000;1000;0.9;13;0;9;instances/queen13_13.col;169;6656;greedy
122;2384025;100;10;1000;1000;0.9;13;0;9;instances/queen13_13.col;169;6656;greedy
122;2415441;100;10;1000;1000;0.9;13;0;9;instances/queen13_13.col;169;6656;greedy
122;2387333;100;10;1000;1000;0.9;13;0;9;instances/queen13_13.col;169;6656;greedy
122;2389073;100;10;1000;1000;0.9;13;0;9;instances/queen13_13.col;169;6656;greedy
122;2328220;100;10;1000;1000;0.9;13;0;9;instances/queen13_13.col;169;6656;greedy
122;2384553;100;10;1000;1000;0.9;13;0;9;instances/queen13_13.col;169;6656;greedy
122;2437752;100;10;1000;1000;0.9;13;0;9;instances/queen13_13.col;169;6656;greedy
122;2493934;100;10;1000;1000;0.9;13;0;9;instances/queen13_13.col;169;6656;greedy
122;2496708;100;10;1000;1000;0.9;13;0;9;instances/queen13_13.col;169;6656;greedy
122;2440912;100;10;1000;1000;0.9;13;0;9;instances/queen13_13.col;169;6656;greedy
122;4542171;100;10;1000;1000;0.9;13;0;9;instances/queen13_13.col;169;6656;greedy
122;2559147;100;10;1000;1000;0.9;13;0;9;instances/queen13_13.col;169;6656;greedy
122;2466758;100;10;1000;1000;0.9;13;0;9;instances/queen13_13.col;169;6656;greedy
122;2470052;100;10;1000;1000;0.9;13;0;9;instances/queen13_13.col;169;6656;greedy
120;2401242;100;10;1000;1000;0.9;13;0;9;instances/queen13_13.col;169;6656;greedy
122;2434077;100;10;1000;1000;0.9;13;0;9;instances/queen13_13.col;169;6656;greedy
122;2405470;100;10;1000;1000;0.9;13;0;9;instances/queen13_13.col;169;6656;greedy
122;2363678;100;10;1000;1000;0.9;13;0;9;instances/queen13_13.col;169;6656;greedy
122;2387814;100;10;1000;1000;0.9;13;0;9;instances/queen13_13.col;169;6656;greedy
122;2390713;100;10;1000;1000;0.9;13;0;9;instances/queen13_13.col;169;6656;greedy
122;2450149;100;10;1000;1000;0.9;13;0;9;instances/queen13_13.col;169;6656;greedy
122;2474045;100;10;1000;1000;0.9;13;0;9;instances/queen13_13.col;169;6656;greedy
122;2479345;100;10;1000;1000;0.9;13;0;9;instances/queen13_13.col;169;6656;greedy
122;4546912;100;10;1000;1000;0.9;13;0;9;instances/queen13_13.col;169;6656;greedy
122;2629452;100;10;1000;1000;0.9;13;0;9;instances/queen13_13.col;169;6656;greedy
122;2546261;100;10;1000;1000;0.9;13;0;9;instances/queen13_13.col;169;6656;greedy
122;2485857;100;10;1000;1000;0.9;13;0;9;instances/queen13_13.col;169;6656;greedy
122;2462663;100;10;1000;1000;0.9;13;0;9;instances/queen13_13.col;169;6656;greedy
122;2461643;100;10;1000;1000;0.9;13;0;9;instances/queen13_13.col;169;6656;greedy
122;2402838;100;10;1000;1000;0.9;13;0;9;instances/queen13_13.col;169;6656;greedy
122;2363286;100;10;1000;1000;0.9;13;0;9;instances/queen13_13.col;169;6656;greedy
122;2365864;100;10;1000;1000;0.9;13;0;9;instances/queen13_13.col;169;6656;greedy
122;2485324;100;10;1000;1000;0.9;13;0;9;instances/queen13_13.col;169;6656;greedy
122;2568615;100;10;1000;1000;0.9;13;0;9;instances/queen13_13.col;169;6656;greedy
122;2464511;100;10;1000;1000;0.9;13;0;9;instances/queen13_13.col;169;6656;greedy
122;2460254;100;10;1000;1000;0.9;13;0;9;instances/queen13_13.col;169;6656;greedy
122;4449787;100;10;1000;1000;0.9;13;0;9;instances/queen13_13.col;169;6656;greedy
122;2561738;100;10;1000;1000;0.9;13;0;9;instances/queen13_13.col;169;6656;greedy
122;2488870;100;10;1000;1000;0.9;13;0;9;instances/queen13_13.col;169;6656;greedy
122;2393441;100;10;1000;1000;0.9;13;0;9;instances/queen13_13.col;169;6656;greedy
122;2398695;100;10;1000;1000;0.9;13;0;9;instances/queen13_13.col;169;6656;greedy
122;2353921;100;10;1000;1000;0.9;13;0;9;instances/queen13_13.col;169;6656;greedy
120;2447096;100;10;1000;1000;0.9;13;0;9;instances/queen13_13.col;169;6656;greedy
122;2420381;100;10;1000;1000;0.9;13;0;9;instances/queen13_13.col;169;6656;greedy
122;2413471;100;10;1000;1000;0.9;13;0;9;instances/queen13_13.col;169;6656;greedy
122;2451570;100;10;1000;1000;0.9;13;0;9;instances/queen13_13.col;169;6656;greedy
122;2473981;100;10;1000;1000;0.9;13;0;9;instances/queen13_13.col;169;6656;greedy
122;2487381;100;10;1000;1000;0.9;13;0;9;instances/queen13_13.col;169;6656;greedy
122;2475766;100;10;1000;1000;0.9;13;0;9;instances/queen13_13.col;169;6656;greedy
122;4413918;100;10;1000;1000;0.9;13;0;9;instances/queen13_13.col;169;6656;greedy
122;2521178;100;10;1000;1000;0.9;13;0;9;instances/queen13_13.col;169;6656;greedy
122;2511402;100;10;1000;1000;0.9;13;0;9;instances/queen13_13.col;169;6656;greedy
122;2420126;100;10;1000;1000;0.9;13;0;9;instances/queen13_13.col;169;6656;greedy
122;2390221;100;10;1000;1000;0.9;13;0;9;instances/queen13_13.col;169;6656;greedy
122;2432328;100;10;1000;1000;0.9;13;0;9;instances/queen13_13.col;169;6656;greedy
120;2397775;100;10;1000;1000;0.9;13;2;9;instances/queen13_13.col;169;6656;greedy
122;2453543;100;10;1000;1000;0.9;13;0;9;instances/queen13_13.col;169;6656;greedy
122;2425015;100;10;1000;1000;0.9;13;0;9;instances/queen13_13.col;169;6656;greedy
122;2449575;100;10;1000;1000;0.9;13;0;9;instances/queen13_13.col;169;6656;greedy
122;2469659;100;10;1000;1000;0.9;13;0;9;instances/queen13_13.col;169;6656;greedy
122;2505118;100;10;1000;1000;0.9;13;0;9;instances/queen13_13.col;169;6656;greedy
122;2460325;100;10;1000;1000;0.9;13;0;9;instances/queen13_13.col;169;6656;greedy
122;4474223;100;10;1000;1000;0.9;13;0;9;instances/queen13_13.col;169;6656;greedy
122;2568791;100;10;1000;1000;0.9;13;0;9;instances/queen13_13.col;169;6656;greedy
122;2455492;100;10;1000;1000;0.9;13;0;9;instances/queen13_13.col;169;6656;greedy
122;2513594;100;10;1000;1000;0.9;13;0;9;instances/queen13_13.col;169;6656;greedy
122;2413921;100;10;1000;1000;0.9;13;0;9;instances/queen13_13.col;169;6656;greedy
116;2394576;100;10;1000;1000;0.9;13;2;9;instances/queen13_13.col;169;6656;greedy
122;2407152;100;10;1000;1000;0.9;13;0;9;instances/queen13_13.col;169;6656;greedy
122;2430384;100;10;1000;1000;0.9;13;0;9;instances/queen13_13.col;169;6656;greedy
122;2401712;100;10;1000;1000;0.9;13;0;9;instances/queen13_13.col;169;6656;greedy
122;2477162;100;10;1000;1000;0.9;13;0;9;instances/queen13_13.col;169;6656;greedy
122;2466931;100;10;1000;1000;0.9;13;0;9;instances/queen13_13.col;169;6656;greedy
122;2448012;100;10;1000;1000;0.9;13;0;9;instances/queen13_13.col;169;6656;greedy
122;2458273;100;10;1000;1000;0.9;13;0;9;instances/queen13_13.col;169;6656;greedy
122;4556183;100;10;1000;1000;0.9;13;0;9;instances/queen13_13.col;169;6656;greedy
122;2540795;100;10;1000;1000;0.9;13;0;9;instances/queen13_13.col;169;6656;greedy
122;2498131;100;10;1000;1000;0.9;13;0;9;instances/queen13_13.col;169;6656;greedy
122;2375228;100;10;1000;1000;0.9;13;0;9;instances/queen13_13.col;169;6656;greedy
122;2403662;100;10;1000;1000;0.9;13;0;9;instances/queen13_13.col;169;6656;greedy
122;2434463;100;10;1000;1000;0.9;13;0;9;instances/queen13_13.col;169;6656;greedy
120;2488048;100;10;1000;1000;0.9;13;0;9;instances/queen13_13.col;169;6656;greedy
122;2455188;100;10;1000;1000;0.9;13;0;9;instances/queen13_13.col;169;6656;greedy
122;2457546;100;10;1000;1000;0.9;13;0;9;instances/queen13_13.col;169;6656;greedy
122;2466396;100;10;1000;1000;0.9;13;0;9;instances/queen13_13.col;169;6656;greedy
122;2493697;100;10;1000;1000;0.9;13;0;9;instances/queen13_13.col;169;6656;greedy
122;2460595;100;10;1000;1000;0.9;13;0;9;instances/queen13_13.col;169;6656;greedy
122;2446715;100;10;1000;1000;0.9;13;0;9;instances/queen13_13.col;169;6656;greedy
122;4369531;100;10;1000;1000;0.9;13;0;9;instances/queen13_13.col;169;6656;greedy
122;2504730;100;10;1000;1000;0.9;13;0;9;instances/queen13_13.col;169;6656;greedy
122;2489226;100;10;1000;1000;0.9;13;0;9;instances/queen13_13.col;169;6656;greedy
122;2419466;100;10;1000;1000;0.9;13;0;9;instances/queen13_13.col;169;6656;greedy
122;2355572;100;10;1000;1000;0.9;13;0;9;instances/queen13_13.col;169;6656;greedy
120;2383985;100;10;1000;1000;0.9;13;0;9;instances/queen13_13.col;169;6656;greedy
330;4634137;100;10;1000;1000;0.9;13;33700;9;instances/queen13_13.col;169;6656;random
348;2418609;100;10;1000;1000;0.9;13;33654;9;instances/queen13_13.col;169;6656;random
336;2413046;100;10;1000;1000;0.9;13;28471;9;instances/queen13_13.col;169;6656;random
344;2404703;100;10;1000;1000;0.9;13;33409;9;instances/queen13_13.col;169;6656;random
342;2423704;100;10;1000;1000;0.9;13;32169;9;instances/queen13_13.col;169;6656;random
340;2443978;100;10;1000;1000;0.9;13;33165;9;instances/queen13_13.col;169;6656;random
352;2398403;100;10;1000;1000;0.9;13;33489;9;instances/queen13_13.col;169;6656;random
366;2437362;100;10;1000;1000;0.9;13;30467;9;instances/queen13_13.col;169;6656;random
338;2401662;100;10;1000;1000;0.9;13;30779;9;instances/queen13_13.col;169;6656;random
338;2435357;100;10;1000;1000;0.9;13;33095;9;instances/queen13_13.col;169;6656;random
344;13046724;100;10;1000;5000;0.9;13;139458;9;instances/queen13_13.col;169;6656;random
342;13016022;100;10;1000;5000;0.9;13;147435;9;instances/queen13_13.col;169;6656;random
332;13065502;100;10;1000;5000;0.9;13;162490;9;instances/queen13_13.col;169;6656;random
330;13076449;100;10;1000;5000;0.9;13;150705;9;instances/queen13_13.col;169;6656;random
338;13106926;100;10;1000;5000;0.9;13;133481;9;instances/queen13_13.col;169;6656;random
334;12921769;100;10;1000;5000;0.9;13;167786;9;instances/queen13_13.col;169;6656;random
336;13093786;100;10;1000;5000;0.9;13;165766;9;instances/queen13_13.col;169;6656;random
338;13042174;100;10;1000;5000;0.9;13;168627;9;instances/queen13_13.col;169;6656;random
318;13104002;100;10;1000;5000;0.9;13;152310;9;instances/queen13_13.col;169;6656;random
342;12962988;100;10;1000;5000;0.9;13;151621;9;instances/queen13_13.col;169;6656;random
326;13050833;100;10;1000;5000;0.9;13;165929;9;instances/queen13_13.col;169;6656;random
330;12953115;100;10;1000;5000;0.9;13;155298;9;instances/queen13_13.col;169;6656;random
340;12957408;100;10;1000;5000;0.9;13;102965;9;instances/queen13_13.col;169;6656;random
336;12865992;100;10;1000;5000;0.9;13;161578;9;instances/queen13_13.col;169;6656;random
332;12932095;100;10;1000;5000;0.9;13;167282;9;instances/queen13_13.col;169;6656;random
324;13017394;100;10;1000;5000;0.9;13;155699;9;instances/queen13_13.col;169;6656;random
312;13084748;100;10;1000;5000;0.9;13;169874;9;instances/queen13_13.col;169;6656;random
338;13037874;100;10;1000;5000;0.9;13;158458;9;instances/queen13_13.col;169;6656;random
330;13052759;100;10;1000;5000;0.9;13;167942;9;instances/queen13_13.col;169;6656;random
328;13037119;100;10;1000;5000;0.9;13;162916;9;instances/queen13_13.col;169;6656;random
338;12443706;100;10;1000;5000;0.9;13;141103;9;instances/queen13_13.col;169;6656;random
324;14235087;100;10;1000;5000;0.9;13;66378;9;instances/queen13_13.col;169;6656;random
314;12390030;100;10;1000;5000;0.9;13;125836;9;instances/queen13_13.col;169;6656;random
328;12469455;100;10;1000;5000;0.9;13;153683;9;instances/queen13_13.col;169;6656;random
336;14237565;100;10;1000;5000;0.9;13;161188;9;instances/queen13_13.col;169;6656;random
342;12450778;100;10;1000;5000;0.9;13;155419;9;instances/queen13_13.col;169;6656;random
338;14193819;100;10;1000;5000;0.9;13;162787;9;instances/queen13_13.col;169;6656;random
342;12751696;100;10;1000;5000;0.9;13;152397;9;instances/queen13_13.col;169;6656;random
324;12379863;100;10;1000;5000;0.9;13;163487;9;instances/queen13_13.col;169;6656;random
334;14263522;100;10;1000;5000;0.9;13;146655;9;instances/queen13_13.col;169;6656;random
