34;426997;100;10;1000;1000;0.9;7;0;9;instances/queen7_7.col;49;952;greedy
34;423665;100;10;1000;1000;0.9;7;0;9;instances/queen7_7.col;49;952;greedy
34;404922;100;10;1000;1000;0.9;7;0;9;instances/queen7_7.col;49;952;greedy
34;406680;100;10;1000;1000;0.9;7;0;9;instances/queen7_7.col;49;952;greedy
34;406673;100;10;1000;1000;0.9;7;0;9;instances/queen7_7.col;49;952;greedy
34;420320;100;10;1000;1000;0.9;7;0;9;instances/queen7_7.col;49;952;greedy
34;400470;100;10;1000;1000;0.9;7;0;9;instances/queen7_7.col;49;952;greedy
34;410316;100;10;1000;1000;0.9;7;0;9;instances/queen7_7.col;49;952;greedy
34;418322;100;10;1000;1000;0.9;7;0;9;instances/queen7_7.col;49;952;greedy
34;417309;100;10;1000;1000;0.9;7;0;9;instances/queen7_7.col;49;952;greedy
34;406950;100;10;1000;1000;0.9;7;0;9;instances/queen7_7.col;49;952;greedy
34;418275;100;10;1000;1000;0.9;7;0;9;instances/queen7_7.col;49;952;greedy
34;397887;100;10;1000;1000;0.9;7;0;9;instances/queen7_7.col;49;952;greedy
34;396409;100;10;1000;1000;0.9;7;0;9;instances/queen7_7.col;49;952;greedy
32;420063;100;10;1000;1000;0.9;7;0;9;instances/queen7_7.col;49;952;greedy
34;415207;100;10;1000;1000;0.9;7;0;9;instances/queen7_7.col;49;952;greedy
34;402660;100;10;1000;1000;0.9;7;0;9;instances/queen7_7.col;49;952;greedy
34;398703;100;10;1000;1000;0.9;7;0;9;instances/queen7_7.col;49;952;greedy
34;414837;100;10;1000;1000;0.9;7;0;9;instances/queen7_7.col;49;952;greedy
34;409795;100;10;1000;1000;0.9;7;0;9;instances/queen7_7.col;49;952;greedy
34;410511;100;10;1000;1000;0.9;7;0;9;instances/queen7_7.col;49;952;greedy
34;413529;100;10;1000;1000;0.9;7;0;9;instances/queen7_7.col;49;952;greedy
34;397979;100;10;1000;1000;0.9;7;0;9;instances/queen7_7.col;49;952;greedy
34;404150;100;10;1000;1000;0.9;7;0;9;instances/queen7_7.col;49;952;greedy
34;414789;100;10;1000;1000;0.9;7;0;9;instances/queen7_7.col;49;952;greedy
34;410249;100;10;1000;1000;0.9;7;0;9;instances/queen7_7.col;49;952;greedy
34;400220;100;10;1000;1000;0.9;7;0;9;instances/queen7_7.col;49;952;greedy
34;398869;100;10;1000;1000;0.9;7;0;9;instances/queen7_7.col;49;952;greedy
34;399376;100;10;1000;1000;0.9;7;0;9;instances/queen7_7.col;49;952;greedy
32;397440;100;10;1000;1000;0.9;7;1;9;instances/queen7_7.col;49;952;greedy
34;430336;100;10;1000;1000;0.9;7;0;9;instances/queen7_7.col;49;952;greedy
34;402924;100;10;1000;1000;0.9;7;0;9;instances/queen7_7.col;49;952;greedy
34;398995;100;10;1000;1000;0.9;7;0;9;instances/queen7_7.col;49;952;greedy
34;432514;100;10;1000;1000;0.9;7;0;9;instances/queen7_7.col;49;952;greedy
34;400346;100;10;1000;1000;0.9;7;0;9;instances/queen7_7.col;49;952;greedy
34;404004;100;10;1000;1000;0.9;7;0;9;instances/queen7_7.col;49;952;greedy
34;419680;100;10;1000;1000;0.9;7;0;9;instances/queen7_7.col;49;952;greedy
34;399629;100;10;1000;1000;0.9;7;0;9;instances/queen7_7.col;49;952;greedy
34;399368;100;10;1000;1000;0.9;7;0;9;instances/queen7_7.col;49;952;greedy
34;402029;100;10;1000;1000;0.9;7;0;9;instances/queen7_7.col;49;952;greedy
34;424743;100;10;1000;1000;0.9;7;0;9;instances/queen7_7.col;49;952;greedy
32;395470;100;10;1000;1000;0.9;7;0;9;instances/queen7_7.col;49;952;greedy
34;399147;100;10;1000;1000;0.9;7;0;9;instances/queen7_7.col;49;952;greedy
34;397311;100;10;1000;1000;0.9;7;0;9;instances/queen7_7.col;49;952;greedy
34;411104;100;10;1000;1000;0.9;7;0;9;instances/queen7_7.col;49;952;greedy
34;422949;100;10;1000;1000;0.9;7;0;9;instances/queen7_7.col;49;952;greedy
34;418633;100;10;1000;1000;0.9;7;0;9;instances/queen7_7.col;49;952;greedy
34;423847;100;10;1000;1000;0.9;7;0;9;instances/queen7_7.col;49;952;greedy
30;398204;100;10;1000;1000;0.9;7;0;9;instances/queen7_7.col;49;952;greedy
30;423093;100;10;1000;1000;0.9;7;0;9;instances/queen7_7.col;49;952;greedy
34;417138;100;10;1000;1000;0.9;7;0;9;instances/queen7_7.col;49;952;greedy
34;402524;100;10;1000;1000;0.9;7;0;9;instances/queen7_7.col;49;952;greedy
34;396277;100;10;1000;1000;0.9;7;0;9;instances/queen7_7.col;49;952;greedy
34;411401;100;10;1000;1000;0.9;7;0;9;instances/queen7_7.col;49;952;greedy
34;396478;100;10;1000;1000;0.9;7;0;9;instances/queen7_7.col;49;952;greedy
34;409607;100;10;1000;1000;0.9;7;0;9;instances/queen7_7.col;49;952;greedy
32;408365;100;10;1000;1000;0.9;7;0;9;instances/queen7_7.col;49;952;greedy
34;401144;100;10;1000;1000;0.9;7;0;9;instances/queen7_7.col;49;952;greedy
34;418925;100;10;1000;1000;0.9;7;0;9;instances/queen7_7.col;49;952;greedy
34;405681;100;10;1000;1000;0.9;7;0;9;instances/queen7_7.col;49;952;greedy
34;402239;100;10;1000;1000;0.9;7;0;9;instances/queen7_7.col;49;952;greedy
34;401876;100;10;1000;1000;0.9;7;0;9;instances/queen7_7.col;49;952;greedy
34;401116;100;10;1000;1000;0.9;7;0;9;instances/queen7_7.col;49;952;greedy
34;410185;100;10;1000;1000;0.9;7;0;9;instances/queen7_7.col;49;952;greedy
34;400937;100;10;1000;1000;0.9;7;0;9;instances/queen7_7.col;49;952;greedy
34;410477;100;10;1000;1000;0.9;7;0;9;instances/queen7_7.col;49;952;greedy
34;417868;100;10;1000;1000;0.9;7;0;9;instances/queen7_7.col;49;952;greedy
34;2136059;100;10;1000;1000;0.9;7;0;9;instances/queen7_7.col;49;952;greedy
32;400697;100;10;1000;1000;0.9;7;0;9;instances/queen7_7.col;49;952;greedy
34;417931;100;10;1000;1000;0.9;7;0;9;instances/queen7_7.col;49;952;greedy
34;409077;100;10;1000;1000;0.9;7;0;9;instances/queen7_7.col;49;952;greedy
34;411170;100;10;1000;1000;0.9;7;0;9;instances/queen7_7.col;49;952;greedy
34;397178;100;10;1000;1000;0.9;7;0;9;instances/queen7_7.col;49;952;greedy
32;400243;100;10;1000;1000;0.9;7;0;9;instances/queen7_7.col;49;952;greedy
34;402223;100;10;1000;1000;0.9;7;0;9;instances/queen7_7.col;49;952;greedy
34;399363;100;10;1000;1000;0.9;7;0;9;instances/queen7_7.col;49;952;greedy
34;403820;100;10;1000;1000;0.9;7;0;9;instances/queen7_7.col;49;952;greedy
30;418562;100;10;1000;1000;0.9;7;0;9;instances/queen7_7.col;49;952;greedy
32;400297;100;10;1000;1000;0.9;7;1;9;instances/queen7_7.col;49;952;greedy
34;409198;100;10;1000;1000;0.9;7;0;9;instances/queen7_7.col;49;952;greedy
32;413113;100;10;1000;1000;0.9;7;0;9;instances/queen7_7.col;49;952;greedy
34;417472;100;10;1000;1000;0.9;7;0;9;instances/queen7_7.col;49;952;greedy
34;402714;100;10;1000;1000;0.9;7;0;9;instances/queen7_7.col;49;952;greedy
34;409390;100;10;1000;1000;0.9;7;0;9;instances/queen7_7.col;49;952;greedy
34;407774;100;10;1000;1000;0.9;7;0;9;instances/queen7_7.col;49;952;greedy
34;431811;100;10;1000;1000;0.9;7;0;9;instances/queen7_7.col;49;952;greedy
34;404064;100;10;1000;1000;0.9;7;0;9;instances/queen7_7.col;49;952;greedy
34;402956;100;10;1000;1000;0.9;7;0;9;instances/queen7_7.col;49;952;greedy
34;407734;100;10;1000;1000;0.9;7;0;9;instances/queen7_7.col;49;952;greedy
32;437163;100;10;1000;1000;0.9;7;0;9;instances/queen7_7.col;49;952;greedy
34;401556;100;10;1000;1000;0.9;7;0;9;instances/queen7_7.col;49;952;greedy
34;418482;100;10;1000;1000;0.9;7;0;9;instances/queen7_7.col;49;952;greedy
32;404950;100;10;1000;1000;0.9;7;0;9;instances/queen7_7.col;49;952;greedy
34;437046;100;10;1000;1000;0.9;7;0;9;instances/queen7_7.col;49;952;greedy
30;404490;100;10;1000;1000;0.9;7;3;9;instances/queen7_7.col;49;952;greedy
34;404248;100;10;1000;1000;0.9;7;0;9;instances/queen7_7.col;49;952;greedy
34;403099;100;10;1000;1000;0.9;7;0;9;instances/queen7_7.col;49;952;greedy
34;402456;100;10;1000;1000;0.9;7;0;9;instances/queen7_7.col;49;952;greedy
34;406535;100;10;1000;1000;0.9;7;0;9;instances/queen7_7.col;49;952;greedy
34;415340;100;10;1000;1000;0.9;7;0;9;instances/queen7_7.col;49;952;greedy
70;396928;100;10;1000;1000;0.9;7;24011;9;instances/queen7_7.col;49;952;random
66;393415;100;10;1000;1000;0.9;7;27032;9;instances/queen7_7.col;49;952;random
72;391028;100;10;1000;1000;0.9;7;5555;9;instances/queen7_7.col;49;952;random
66;430660;100;10;1000;1000;0.9;7;27940;9;instances/queen7_7.col;49;952;random
66;393961;100;10;1000;1000;0.9;7;33529;9;instances/queen7_7.col;49;952;random
68;395678;100;10;1000;1000;0.9;7;20065;9;instances/queen7_7.col;49;952;random
66;410339;100;10;1000;1000;0.9;7;33698;9;instances/queen7_7.col;49;952;random
72;404924;100;10;1000;1000;0.9;7;21596;9;instances/queen7_7.col;49;952;random
58;405327;100;10;1000;1000;0.9;7;31373;9;instances/queen7_7.col;49;952;random
64;398446;100;10;1000;1000;0.9;7;31316;9;instances/queen7_7.col;49;952;random
64;2126025;100;10;1000;5000;0.9;7;140608;9;instances/queen7_7.col;49;952;random
60;2109627;100;10;1000;5000;0.9;7;146022;9;instances/queen7_7.col;49;952;random
56;2159263;100;10;1000;5000;0.9;7;89186;9;instances/queen7_7.col;49;952;random
62;2173973;100;10;1000;5000;0.9;7;131840;9;instances/queen7_7.col;49;952;random
66;2147383;100;10;1000;5000;0.9;7;89489;9;instances/queen7_7.col;49;952;random
60;2170208;100;10;1000;5000;0.9;7;102650;9;instances/queen7_7.col;49;952;random
62;2112011;100;10;1000;5000;0.9;7;134802;9;instances/queen7_7.col;49;952;random
64;2142323;100;10;1000;5000;0.9;7;81289;9;instances/queen7_7.col;49;952;random
64;2167740;100;10;1000;5000;0.9;7;150096;9;instances/queen7_7.col;49;952;random
64;2132134;100;10;1000;5000;0.9;7;110038;9;instances/queen7_7.col;49;952;random
64;2154089;100;10;1000;5000;0.9;7;144961;9;instances/queen7_7.col;49;952;random
62;2156896;100;10;1000;5000;0.9;7;79048;9;instances/queen7_7.col;49;952;random
62;2150725;100;10;1000;5000;0.9;7;35116;9;instances/queen7_7.col;49;952;random
66;2117037;100;10;1000;5000;0.9;7;92001;9;instances/queen7_7.col;49;952;random
66;2130821;100;10;1000;5000;0.9;7;129189;9;instances/queen7_7.col;49;952;random
66;2106693;100;10;1000;5000;0.9;7;91499;9;instances/queen7_7.col;49;952;random
64;2166031;100;10;1000;5000;0.9;7;160679;9;instances/queen7_7.col;49;952;random
64;2121257;100;10;1000;5000;0.9;7;134482;9;instances/queen7_7.col;49;952;random
58;2132298;100;10;1000;5000;0.9;7;8699;9;instances/queen7_7.col;49;952;random
60;2113920;100;10;1000;5000;0.9;7;125579;9;instances/queen7_7.col;49;952;random
62;2019221;100;10;1000;5000;0.9;7;95452;9;instances/queen7_7.col;49;952;random
62;1990116;100;10;1000;5000;0.9;7;98578;9;instances/queen7_7.col;49;952;random
56;2069667;100;10;1000;5000;0.9;7;153991;9;instances/queen7_7.col;49;952;random
62;2064611;100;10;1000;5000;0.9;7;129402;9;instances/queen7_7.col;49;952;random
60;2075277;100;10;1000;5000;0.9;7;166261;9;instances/queen7_7.col;49;952;random
58;2117863;100;10;1000;5000;0.9;7;115155;9;instances/queen7_7.col;49;952;random
66;4026377;100;10;1000;5000;0.9;7;57146;9;instances/queen7_7.col;49;952;random
62;2083576;100;10;1000;5000;0.9;7;160416;9;instances/queen7_7.col;49;952;random
58;2046524;100;10;1000;5000;0.9;7;164469;9;instances/queen7_7.col;49;952;random
60;2012547;100;10;1000;5000;0.9;7;119064;9;instances/queen7_7.col;49;952;random
