28;1008966;100;10;1000;1000;0.9;12;0;9;instances/queen8_12.col;96;2736;greedy
28;1150009;100;10;1000;1000;0.9;12;0;9;instances/queen8_12.col;96;2736;greedy
28;1149281;100;10;1000;1000;0.9;12;0;9;instances/queen8_12.col;96;2736;greedy
28;1013735;100;10;1000;1000;0.9;12;0;9;instances/queen8_12.col;96;2736;greedy
28;1009171;100;10;1000;1000;0.9;12;0;9;instances/queen8_12.col;96;2736;greedy
28;1039759;100;10;1000;1000;0.9;12;0;9;instances/queen8_12.col;96;2736;greedy
28;1040126;100;10;1000;1000;0.9;12;0;9;instances/queen8_12.col;96;2736;greedy
28;1048353;100;10;1000;1000;0.9;12;0;9;instances/queen8_12.col;96;2736;greedy
28;1005727;100;10;1000;1000;0.9;12;0;9;instances/queen8_12.col;96;2736;greedy
28;1062459;100;10;1000;1000;0.9;12;0;9;instances/queen8_12.col;96;2736;greedy
28;1033724;100;10;1000;1000;0.9;12;0;9;instances/queen8_12.col;96;2736;greedy
28;1026868;100;10;1000;1000;0.9;12;0;9;instances/queen8_12.col;96;2736;greedy
28;1030265;100;10;1000;1000;0.9;12;0;9;instances/queen8_12.col;96;2736;greedy
28;1018152;100;10;1000;1000;0.9;12;0;9;instances/queen8_12.col;96;2736;greedy
28;1015267;100;10;1000;1000;0.9;12;0;9;instances/queen8_12.col;96;2736;greedy
28;1020964;100;10;1000;1000;0.9;12;0;9;instances/queen8_12.col;96;2736;greedy
28;1060290;100;10;1000;1000;0.9;12;0;9;instances/queen8_12.col;96;2736;greedy
28;1023517;100;10;1000;1000;0.9;12;0;9;instances/queen8_12.col;96;2736;greedy
28;2704080;100;10;1000;1000;0.9;12;0;9;instances/queen8_12.col;96;2736;greedy
28;1027853;100;10;1000;1000;0.9;12;0;9;instances/queen8_12.col;96;2736;greedy
28;1018533;100;10;1000;1000;0.9;12;0;9;instances/queen8_12.col;96;2736;greedy
28;1029263;100;10;1000;1000;0.9;12;0;9;instances/queen8_12.col;96;2736;greedy
28;1025324;100;10;1000;1000;0.9;12;0;9;instances/queen8_12.col;96;2736;greedy
28;1008396;100;10;1000;1000;0.9;12;0;9;instances/queen8_12.col;96;2736;greedy
28;1023595;100;10;1000;1000;0.9;12;0;9;instances/queen8_12.col;96;2736;greedy
26;1076630;100;10;1000;1000;0.9;12;0;9;instances/queen8_12.col;96;2736;greedy
28;1038432;100;10;1000;1000;0.9;12;0;9;instances/queen8_12.col;96;2736;greedy
28;1043424;100;10;1000;1000;0.9;12;0;9;instances/queen8_12.col;96;2736;greedy
28;1044910;100;10;1000;1000;0.9;12;0;9;instances/queen8_12.col;96;2736;greedy
28;1018622;100;10;1000;1000;0.9;12;0;9;instances/queen8_12.col;96;2736;greedy
28;1042170;100;10;1000;1000;0.9;12;0;9;instances/queen8_12.col;96;2736;greedy
28;1033764;100;10;1000;1000;0.9;12;0;9;instances/queen8_12.col;96;2736;greedy
28;1017441;100;10;1000;1000;0.9;12;0;9;instances/queen8_12.col;96;2736;greedy
28;1011919;100;10;1000;1000;0.9;12;0;9;instances/queen8_12.col;96;2736;greedy
28;1013493;100;10;1000;1000;0.9;12;0;9;instances/queen8_12.col;96;2736;greedy
28;1039373;100;10;1000;1000;0.9;12;0;9;instances/queen8_12.col;96;2736;greedy
28;1000974;100;10;1000;1000;0.9;12;0;9;instances/queen8_12.col;96;2736;greedy
28;1011848;100;10;1000;1000;0.9;12;0;9;instances/queen8_12.col;96;2736;greedy
28;1004312;100;10;1000;1000;0.9;12;0;9;instances/queen8_12.col;96;2736;greedy
28;1030661;100;10;1000;1000;0.9;12;0;9;instances/queen8_12.col;96;2736;greedy
28;1033434;100;10;1000;1000;0.9;12;0;9;instances/queen8_12.col;96;2736;greedy
28;1015122;100;10;1000;1000;0.9;12;0;9;instances/queen8_12.col;96;2736;greedy
28;1024483;100;10;1000;1000;0.9;12;0;9;instances/queen8_12.col;96;2736;greedy
28;1031407;100;10;1000;1000;0.9;12;0;9;instances/queen8_12.col;96;2736;greedy
28;1012815;100;10;1000;1000;0.9;12;0;9;instances/queen8_12.col;96;2736;greedy
28;1019833;100;10;1000;1000;0.9;12;0;9;instances/queen8_12.col;96;2736;greedy
28;1019055;100;10;1000;1000;0.9;12;0;9;instances/queen8_12.col;96;2736;greedy
28;1018812;100;10;1000;1000;0.9;12;0;9;instances/queen8_12.col;96;2736;greedy
28;1046319;100;10;1000;1000;0.9;12;0;9;instances/queen8_12.col;96;2736;greedy
28;2757895;100;10;1000;1000;0.9;12;0;9;instances/queen8_12.col;96;2736;greedy
28;1034338;100;10;1000;1000;0.9;12;0;9;instances/queen8_12.col;96;2736;greedy
28;1037451;100;10;1000;1000;0.9;12;0;9;instances/queen8_12.col;96;2736;greedy
28;1056620;100;10;1000;1000;0.9;12;0;9;instances/queen8_12.col;96;2736;greedy
28;1018189;100;10;1000;1000;0.9;12;0;9;instances/queen8_12.col;96;2736;greedy
28;1072608;100;10;1000;1000;0.9;12;0;9;instances/queen8_12.col;96;2736;greedy
28;1032351;100;10;1000;1000;0.9;12;0;9;instances/queen8_12.col;96;2736;greedy
28;1045909;100;10;1000;1000;0.9;12;0;9;instances/queen8_12.col;96;2736;greedy
28;1021329;100;10;1000;1000;0.9;12;0;9;instances/queen8_12.col;96;2736;greedy
28;1024827;100;10;1000;1000;0.9;12;0;9;instances/queen8_12.col;96;2736;greedy
28;1038724;100;10;1000;1000;0.9;12;0;9;instances/queen8_12.col;96;2736;greedy
28;1029063;100;10;1000;1000;0.9;12;0;9;instances/queen8_12.col;96;2736;greedy
28;998792;100;10;1000;1000;0.9;12;0;9;instances/queen8_12.col;96;2736;greedy
28;1018449;100;10;1000;1000;0.9;12;0;9;instances/queen8_12.col;96;2736;greedy
28;1017680;100;10;1000;1000;0.9;12;0;9;instances/queen8_12.col;96;2736;greedy
28;1031108;100;10;1000;1000;0.9;12;0;9;instances/queen8_12.col;96;2736;greedy
28;1014284;100;10;1000;1000;0.9;12;0;9;instances/queen8_12.col;96;2736;greedy
28;1077343;100;10;1000;1000;0.9;12;0;9;instances/queen8_12.col;96;2736;greedy
28;1030514;100;10;1000;1000;0.9;12;0;9;instances/queen8_12.col;96;2736;greedy
28;1026811;100;10;1000;1000;0.9;12;0;9;instances/queen8_12.col;96;2736;greedy
28;1041085;100;10;1000;1000;0.9;12;0;9;instances/queen8_12.col;96;2736;greedy
28;1022088;100;10;1000;1000;0.9;12;0;9;instances/queen8_12.col;96;2736;greedy
28;1018580;100;10;1000;1000;0.9;12;0;9;instances/queen8_12.col;96;2736;greedy
28;1027799;100;10;1000;1000;0.9;12;0;9;instances/queen8_12.col;96;2736;greedy
28;1007402;100;10;1000;1000;0.9;12;0;9;instances/queen8_12.col;96;2736;greedy
28;1045629;100;10;1000;1000;0.9;12;0;9;instances/queen8_12.col;96;2736;greedy
28;1017405;100;10;1000;1000;0.9;12;0;9;instances/queen8_12.col;96;2736;greedy
28;1020381;100;10;1000;1000;0.9;12;0;9;instances/queen8_12.col;96;2736;greedy
28;1020677;100;10;1000;1000;0.9;12;0;9;instances/queen8_12.col;96;2736;greedy
28;1024175;100;10;1000;1000;0.9;12;0;9;instances/queen8_12.col;96;2736;greedy
28;1020366;100;10;1000;1000;0.9;12;0;9;instances/queen8_12.col;96;2736;greedy
28;2726139;100;10;1000;1000;0.9;12;0;9;instances/queen8_12.col;96;2736;greedy
28;1027248;100;10;1000;1000;0.9;12;0;9;instances/queen8_12.col;96;2736;greedy
28;1029003;100;10;1000;1000;0.9;12;0;9;instances/queen8_12.col;96;2736;greedy
28;1024775;100;10;1000;1000;0.9;12;0;9;instances/queen8_12.col;96;2736;greedy
28;1028183;100;10;1000;1000;0.9;12;0;9;instances/queen8_12.col;96;2736;greedy
28;1028678;100;10;1000;1000;0.9;12;0;9;instances/queen8_12.col;96;2736;greedy
28;1021264;100;10;1000;1000;0.9;12;0;9;instances/queen8_12.col;96;2736;greedy
28;1012126;100;10;1000;1000;0.9;12;0;9;instances/queen8_12.col;96;2736;greedy
28;1016612;100;10;1000;1000;0.9;12;0;9;instances/queen8_12.col;96;2736;greedy
28;1002898;100;10;1000;1000;0.9;12;0;9;instances/queen8_12.col;96;2736;greedy
28;1030136;100;10;1000;1000;0.9;12;0;9;instances/queen8_12.col;96;2736;greedy
28;1018273;100;10;1000;1000;0.9;12;0;9;instances/queen8_12.col;96;2736;greedy
28;1016543;100;10;1000;1000;0.9;12;0;9;instances/queen8_12.col;96;2736;greedy
28;1018695;100;10;1000;1000;0.9;12;0;9;instances/queen8_12.col;96;2736;greedy
28;1028118;100;10;1000;1000;0.9;12;0;9;instances/queen8_12.col;96;2736;greedy
28;1013257;100;10;1000;1000;0.9;12;0;9;instances/queen8_12.col;96;2736;greedy
28;1025830;100;10;1000;1000;0.9;12;0;9;instances/queen8_12.col;96;2736;greedy
28;1045476;100;10;1000;1000;0.9;12;0;9;instances/queen8_12.col;96;2736;greedy
28;1017331;100;10;1000;1000;0.9;12;0;9;instances/queen8_12.col;96;2736;greedy
28;1006662;100;10;1000;1000;0.9;12;0;9;instances/queen8_12.col;96;2736;greedy
144;1029640;100;10;1000;1000;0.9;12;20879;9;instances/queen8_12.col;96;2736;random
128;992345;100;10;1000;1000;0.9;12;32194;9;instances/queen8_12.col;96;2736;random
136;1008204;100;10;1000;1000;0.9;12;23797;9;instances/queen8_12.col;96;2736;random
130;993148;100;10;1000;1000;0.9;12;25669;9;instances/queen8_12.col;96;2736;random
136;1015093;100;10;1000;1000;0.9;12;26162;9;instances/queen8_12.col;96;2736;random
138;1007020;100;10;1000;1000;0.9;12;31976;9;instances/queen8_12.col;96;2736;random
134;3197642;100;10;1000;1000;0.9;12;32280;9;instances/queen8_12.col;96;2736;random
124;999937;100;10;1000;1000;0.9;12;30333;9;instances/queen8_12.col;96;2736;random
130;997009;100;10;1000;1000;0.9;12;27715;9;instances/queen8_12.col;96;2736;random
142;1004245;100;10;1000;1000;0.9;12;22981;9;instances/queen8_12.col;96;2736;random
132;5344487;100;10;1000;5000;0.9;12;127214;9;instances/queen8_12.col;96;2736;random
130;5365033;100;10;1000;5000;0.9;12;151753;9;instances/queen8_12.col;96;2736;random
132;5451623;100;10;1000;5000;0.9;12;130224;9;instances/queen8_12.col;96;2736;random
128;5433572;100;10;1000;5000;0.9;12;125523;9;instances/queen8_12.col;96;2736;random
132;5426355;100;10;1000;5000;0.9;12;137009;9;instances/queen8_12.col;96;2736;random
132;5387280;100;10;1000;5000;0.9;12;134058;9;instances/queen8_12.col;96;2736;random
130;5447054;100;10;1000;5000;0.9;12;137537;9;instances/queen8_12.col;96;2736;random
130;5405061;100;10;1000;5000;0.9;12;73922;9;instances/queen8_12.col;96;2736;random
126;5416132;100;10;1000;5000;0.9;12;119889;9;instances/queen8_12.col;96;2736;random
128;5380088;100;10;1000;5000;0.9;12;165101;9;instances/queen8_12.col;96;2736;random
128;5460061;100;10;1000;5000;0.9;12;133716;9;instances/queen8_12.col;96;2736;random
122;5501268;100;10;1000;5000;0.9;12;138966;9;instances/queen8_12.col;96;2736;random
122;5465976;100;10;1000;5000;0.9;12;128775;9;instances/queen8_12.col;96;2736;random
130;5494402;100;10;1000;5000;0.9;12;105113;9;instances/queen8_12.col;96;2736;random
114;5449857;100;10;1000;5000;0.9;12;98157;9;instances/queen8_12.col;96;2736;random
124;5399375;100;10;1000;5000;0.9;12;124653;9;instances/queen8_12.col;96;2736;random
114;5368725;100;10;1000;5000;0.9;12;160736;9;instances/queen8_12.col;96;2736;random
112;5394102;100;10;1000;5000;0.9;12;157664;9;instances/queen8_12.col;96;2736;random
124;5382282;100;10;1000;5000;0.9;12;106227;9;instances/queen8_12.col;96;2736;random
122;5394606;100;10;1000;5000;0.9;12;162785;9;instances/queen8_12.col;96;2736;random
130;4969331;100;10;1000;5000;0.9;12;160032;9;instances/queen8_12.col;96;2736;random
124;4996975;100;10;1000;5000;0.9;12;146033;9;instances/queen8_12.col;96;2736;random
130;4976461;100;10;1000;5000;0.9;12;141116;9;instances/queen8_12.col;96;2736;random
126;5140310;100;10;1000;5000;0.9;12;163594;9;instances/queen8_12.col;96;2736;random
118;7098424;100;10;1000;5000;0.9;12;138361;9;instances/queen8_12.col;96;2736;random
124;5227128;100;10;1000;5000;0.9;12;157244;9;instances/queen8_12.col;96;2736;random
130;4974108;100;10;1000;5000;0.9;12;91600;9;instances/queen8_12.col;96;2736;random
130;5021856;100;10;1000;5000;0.9;12;110359;9;instances/queen8_12.col;96;2736;random
126;5078695;100;10;1000;5000;0.9;12;118629;9;instances/queen8_12.col;96;2736;random
124;5193956;100;10;1000;5000;0.9;12;133071;9;instances/queen8_12.col;96;2736;random
