76;1571763;100;10;1000;1000;0.9;11;0;9;instances/queen11_11.col;121;3960;greedy
76;1635349;100;10;1000;1000;0.9;11;0;9;instances/queen11_11.col;121;3960;greedy
76;1578305;100;10;1000;1000;0.9;11;0;9;instances/queen11_11.col;121;3960;greedy
76;1566277;100;10;1000;1000;0.9;11;0;9;instances/queen11_11.col;121;3960;greedy
76;1565265;100;10;1000;1000;0.9;11;0;9;instances/queen11_11.col;121;3960;greedy
76;1536540;100;10;1000;1000;0.9;11;0;9;instances/queen11_11.col;121;3960;greedy
76;1537783;100;10;1000;1000;0.9;11;0;9;instances/queen11_11.col;121;3960;greedy
76;1552264;100;10;1000;1000;0.9;11;0;9;instances/queen11_11.col;121;3960;greedy
76;1517737;100;10;1000;1000;0.9;11;0;9;instances/queen11_11.col;121;3960;greedy
76;1534334;100;10;1000;1000;0.9;11;0;9;instances/queen11_11.col;121;3960;greedy
76;1504035;100;10;1000;1000;0.9;11;0;9;instances/queen11_11.col;121;3960;greedy
76;1487899;100;10;1000;1000;0.9;11;0;9;instances/queen11_11.col;121;3960;greedy
76;1455406;100;10;1000;1000;0.9;11;0;9;instances/queen11_11.col;121;3960;greedy
74;1500715;100;10;1000;1000;0.9;11;0;9;instances/queen11_11.col;121;3960;greedy
76;1532247;100;10;1000;1000;0.9;11;0;9;instances/queen11_11.col;121;3960;greedy
76;1515015;100;10;1000;1000;0.9;11;0;9;instances/queen11_11.col;121;3960;greedy
76;1546592;100;10;1000;1000;0.9;11;0;9;instances/queen11_11.col;121;3960;greedy
76;1530094;100;10;1000;1000;0.9;11;0;9;instances/queen11_11.col;121;3960;greedy
74;1532662;100;10;1000;1000;0.9;11;0;9;instances/queen11_11.col;121;3960;greedy
76;1525896;100;10;1000;1000;0.9;11;0;9;instances/queen11_11.col;121;3960;greedy
76;3223163;100;10;1000;1000;0.9;11;0;9;instances/queen11_11.col;121;3960;greedy
76;1562379;100;10;1000;1000;0.9;11;0;9;instances/queen11_11.col;121;3960;greedy
76;1591261;100;10;1000;1000;0.9;11;0;9;instances/queen11_11.col;121;3960;greedy
76;1578437;100;10;1000;1000;0.9;11;0;9;instances/queen11_11.col;121;3960;greedy
76;1548698;100;10;1000;1000;0.9;11;0;9;instances/queen11_11.col;121;3960;greedy
72;1555057;100;10;1000;1000;0.9;11;0;9;instances/queen11_11.col;121;3960;greedy
76;1520846;100;10;1000;1000;0.9;11;0;9;instances/queen11_11.col;121;3960;greedy
76;1574765;100;10;1000;1000;0.9;11;0;9;instances/queen11_11.col;121;3960;greedy
76;1505640;100;10;1000;1000;0.9;11;0;9;instances/queen11_11.col;121;3960;greedy
76;1584679;100;10;1000;1000;0.9;11;0;9;instances/queen11_11.col;121;3960;greedy
76;1522522;100;10;1000;1000;0.9;11;0;9;instances/queen11_11.col;121;3960;greedy
76;1518198;100;10;1000;1000;0.9;11;0;9;instances/queen11_11.col;121;3960;greedy
74;1508812;100;10;1000;1000;0.9;11;0;9;instances/queen11_11.col;121;3960;greedy
76;1489089;100;10;1000;1000;0.9;11;0;9;instances/queen11_11.col;121;3960;greedy
76;1477981;100;10;1000;1000;0.9;11;0;9;instances/queen11_11.col;121;3960;greedy
76;1576676;100;10;1000;1000;0.9;11;0;9;instances/queen11_11.col;121;3960;greedy
76;1583105;100;10;1000;1000;0.9;11;0;9;instances/queen11_11.col;121;3960;greedy
76;1524314;100;10;1000;1000;0.9;11;0;9;instances/queen11_11.col;121;3960;greedy
76;1554430;100;10;1000;1000;0.9;11;0;9;instances/queen11_11.col;121;3960;greedy
76;1542787;100;10;1000;1000;0.9;11;0;9;instances/queen11_11.col;121;3960;greedy
76;1509832;100;10;1000;1000;0.9;11;0;9;instances/queen11_11.col;121;3960;greedy
76;3262570;100;10;1000;1000;0.9;11;0;9;instances/queen11_11.col;121;3960;greedy
76;1590120;100;10;1000;1000;0.9;11;0;9;instances/queen11_11.col;121;3960;greedy
76;1637818;100;10;1000;1000;0.9;11;0;9;instances/queen11_11.col;121;3960;greedy
76;1609090;100;10;1000;1000;0.9;11;0;9;instances/queen11_11.col;121;3960;greedy
76;1523884;100;10;1000;1000;0.9;11;0;9;instances/queen11_11.col;121;3960;greedy
76;1522178;100;10;1000;1000;0.9;11;0;9;instances/queen11_11.col;121;3960;greedy
76;1511525;100;10;1000;1000;0.9;11;0;9;instances/queen11_11.col;121;3960;greedy
76;1492607;100;10;1000;1000;0.9;11;0;9;instances/queen11_11.col;121;3960;greedy
76;1501925;100;10;1000;1000;0.9;11;0;9;instances/queen11_11.col;121;3960;greedy
76;1494424;100;10;1000;1000;0.9;11;0;9;instances/queen11_11.col;121;3960;greedy
76;1561204;100;10;1000;1000;0.9;11;0;9;instances/queen11_11.col;121;3960;greedy
76;1481266;100;10;1000;1000;0.9;11;0;9;instances/queen11_11.col;121;3960;greedy
76;1469623;100;10;1000;1000;0.9;11;0;9;instances/queen11_11.col;121;3960;greedy
76;1479490;100;10;1000;1000;0.9;11;0;9;instances/queen11_11.col;121;3960;greedy
76;1515030;100;10;1000;1000;0.9;11;0;9;instances/queen11_11.col;121;3960;greedy
76;1471928;100;10;1000;1000;0.9;11;0;9;instances/queen11_11.col;121;3960;greedy
76;1542131;100;10;1000;1000;0.9;11;0;9;instances/queen11_11.col;121;3960;greedy
76;1538434;100;10;1000;1000;0.9;11;0;9;instances/queen11_11.col;121;3960;greedy
76;1527009;100;10;1000;1000;0.9;11;0;9;instances/queen11_11.col;121;3960;greedy
76;1533852;100;10;1000;1000;0.9;11;0;9;instances/queen11_11.col;121;3960;greedy
76;1523727;100;10;1000;1000;0.9;11;0;9;instances/queen11_11.col;121;3960;greedy
74;3303829;100;10;1000;1000;0.9;11;0;9;instances/queen11_11.col;121;3960;greedy
76;1599447;100;10;1000;1000;0.9;11;0;9;instances/queen11_11.col;121;3960;greedy
74;1605106;100;10;1000;1000;0.9;11;1;9;instances/queen11_11.col;121;3960;greedy
76;1608211;100;10;1000;1000;0.9;11;0;9;instances/queen11_11.col;121;3960;greedy
76;1589327;100;10;1000;1000;0.9;11;0;9;instances/queen11_11.col;121;3960;greedy
76;1536093;100;10;1000;1000;0.9;11;0;9;instances/queen11_11.col;121;3960;greedy
76;1539268;100;10;1000;1000;0.9;11;0;9;instances/queen11_11.col;121;3960;greedy
76;1509703;100;10;1000;1000;0.9;11;0;9;instances/queen11_11.col;121;3960;greedy
76;1556399;100;10;1000;1000;0.9;11;0;9;instances/queen11_11.col;121;3960;greedy
76;1496403;100;10;1000;1000;0.9;11;0;9;instances/queen11_11.col;121;3960;greedy
76;1554264;100;10;1000;1000;0.9;11;0;9;instances/queen11_11.col;121;3960;greedy
76;1457333;100;10;1000;1000;0.9;11;0;9;instances/queen11_11.col;121;3960;greedy
76;1448939;100;10;1000;1000;0.9;11;0;9;instances/queen11_11.col;121;3960;greedy
76;1457371;100;10;1000;1000;0.9;11;0;9;instances/queen11_11.col;121;3960;greedy
76;1478091;100;10;1000;1000;0.9;11;0;9;instances/queen11_11.col;121;3960;greedy
76;1476888;100;10;1000;1000;0.9;11;0;9;instances/queen11_11.col;121;3960;greedy
70;1504050;100;10;1000;1000;0.9;11;0;9;instances/queen11_11.col;121;3960;greedy
76;1525427;100;10;1000;1000;0.9;11;0;9;instances/queen11_11.col;121;3960;greedy
76;1493291;100;10;1000;1000;0.9;11;0;9;instances/queen11_11.col;121;3960;greedy
76;1508411;100;10;1000;1000;0.9;11;0;9;instances/queen11_11.col;121;3960;greedy
76;1517381;100;10;1000;1000;0.9;11;0;9;instances/queen11_11.col;121;3960;greedy
74;3280465;100;10;1000;1000;0.9;11;1;9;instances/queen11_11.col;121;3960;greedy
76;1607767;100;10;1000;1000;0.9;11;0;9;instances/queen11_11.col;121;3960;greedy
76;1619251;100;10;1000;1000;0.9;11;0;9;instances/queen11_11.col;121;3960;greedy
76;1603522;100;10;1000;1000;0.9;11;0;9;instances/queen11_11.col;121;3960;greedy
76;1620007;100;10;1000;1000;0.9;11;0;9;instances/queen11_11.col;121;3960;greedy
76;1506343;100;10;1000;1000;0.9;11;0;9;instances/queen11_11.col;121;3960;greedy
76;1500057;100;10;1000;1000;0.9;11;0;9;instances/queen11_11.col;121;3960;greedy
76;1495281;100;10;1000;1000;0.9;11;0;9;instances/queen11_11.col;121;3960;greedy
76;1507081;100;10;1000;1000;0.9;11;0;9;instances/queen11_11.col;121;3960;greedy
76;1515413;100;10;1000;1000;0.9;11;0;9;instances/queen11_11.col;121;3960;greedy
76;1490142;100;10;1000;1000;0.9;11;0;9;instances/queen11_11.col;121;3960;greedy
76;1495759;100;10;1000;1000;0.9;11;0;9;instances/queen11_11.col;121;3960;greedy
76;1457116;100;10;1000;1000;0.9;11;0;9;instances/queen11_11.col;121;3960;greedy
76;1504255;100;10;1000;1000;0.9;11;0;9;instances/queen11_11.col;121;3960;greedy
76;1435671;100;10;1000;1000;0.9;11;0;9;instances/queen11_11.col;121;3960;greedy
76;1460022;100;10;1000;1000;0.9;11;0;9;instances/queen11_11.col;121;3960;greedy
76;1484213;100;10;1000;1000;0.9;11;0;9;instances/queen11_11.col;121;3960;greedy
224;1483364;100;10;1000;1000;0.9;11;33407;9;instances/queen11_11.col;121;3960;random
198;1481941;100;10;1000;1000;0.9;11;32683;9;instances/queen11_11.col;121;3960;random
228;1500921;100;10;1000;1000;0.9;11;29920;9;instances/queen11_11.col;121;3960;random
224;1475067;100;10;1000;1000;0.9;11;33457;9;instances/queen11_11.col;121;3960;random
218;1521108;100;10;1000;1000;0.9;11;33842;9;instances/queen11_11.col;121;3960;random
230;1463672;100;10;1000;1000;0.9;11;32456;9;instances/queen11_11.col;121;3960;random
226;1499914;100;10;1000;1000;0.9;11;32508;9;instances/queen11_11.col;121;3960;random
214;1483212;100;10;1000;1000;0.9;11;18259;9;instances/queen11_11.col;121;3960;random
218;1490278;100;10;1000;1000;0.9;11;33346;9;instances/queen11_11.col;121;3960;random
220;1483005;100;10;1000;1000;0.9;11;33420;9;instances/queen11_11.col;121;3960;random
210;8035233;100;10;1000;5000;0.9;11;157199;9;instances/queen11_11.col;121;3960;random
220;7988492;100;10;1000;5000;0.9;11;106584;9;instances/queen11_11.col;121;3960;random
206;7995935;100;10;1000;5000;0.9;11;165588;9;instances/queen11_11.col;121;3960;random
224;8051046;100;10;1000;5000;0.9;11;168502;9;instances/queen11_11.col;121;3960;random
210;8064614;100;10;1000;5000;0.9;11;168366;9;instances/queen11_11.col;121;3960;random
226;7977599;100;10;1000;5000;0.9;11;157236;9;instances/queen11_11.col;121;3960;random
214;7993418;100;10;1000;5000;0.9;11;157087;9;instances/queen11_11.col;121;3960;random
222;7932819;100;10;1000;5000;0.9;11;160950;9;instances/queen11_11.col;121;3960;random
226;7914575;100;10;1000;5000;0.9;11;119769;9;instances/queen11_11.col;121;3960;random
206;8004255;100;10;1000;5000;0.9;11;141980;9;instances/queen11_11.col;121;3960;random
212;7999812;100;10;1000;5000;0.9;11;153513;9;instances/queen11_11.col;121;3960;random
224;7981238;100;10;1000;5000;0.9;11;167219;9;instances/queen11_11.col;121;3960;random
214;7969320;100;10;1000;5000;0.9;11;164819;9;instances/queen11_11.col;121;3960;random
220;7954775;100;10;1000;5000;0.9;11;162871;9;instances/queen11_11.col;121;3960;random
214;7976425;100;10;1000;5000;0.9;11;159759;9;instances/queen11_11.col;121;3960;random
226;7960403;100;10;1000;5000;0.9;11;125024;9;instances/queen11_11.col;121;3960;random
220;8033463;100;10;1000;5000;0.9;11;152816;9;instances/queen11_11.col;121;3960;random
204;7996272;100;10;1000;5000;0.9;11;160557;9;instances/queen11_11.col;121;3960;random
224;8076889;100;10;1000;5000;0.9;11;170140;9;instances/queen11_11.col;121;3960;random
226;8040095;100;10;1000;5000;0.9;11;163310;9;instances/queen11_11.col;121;3960;random
222;7645219;100;10;1000;5000;0.9;11;165824;9;instances/queen11_11.col;121;3960;random
224;7449726;100;10;1000;5000;0.9;11;169300;9;instances/queen11_11.col;121;3960;random
218;7607514;100;10;1000;5000;0.9;11;162529;9;instances/queen11_11.col;121;3960;random
226;7835530;100;10;1000;5000;0.9;11;159217;9;instances/queen11_11.col;121;3960;random
226;9544397;100;10;1000;5000;0.9;11;142435;9;instances/queen11_11.col;121;3960;random
218;7363454;100;10;1000;5000;0.9;11;160596;9;instances/queen11_11.col;121;3960;random
224;7662546;100;10;1000;5000;0.9;11;162340;9;instances/queen11_11.col;121;3960;random
216;7618026;100;10;1000;5000;0.9;11;123468;9;instances/queen11_11.col;121;3960;random
224;9598933;100;10;1000;5000;0.9;11;142065;9;instances/queen11_11.col;121;3960;random
210;7660025;100;10;1000;5000;0.9;11;161909;9;instances/queen11_11.col;121;3960;random
