75;3006171;100;10;1000;1000;0.9;7;0;9;instances/will199GPIA.col;701;7065;greedy
75;3052593;100;10;1000;1000;0.9;7;0;9;instances/will199GPIA.col;701;7065;greedy
75;3056309;100;10;1000;1000;0.9;7;0;9;instances/will199GPIA.col;701;7065;greedy
75;3008556;100;10;1000;1000;0.9;7;0;9;instances/will199GPIA.col;701;7065;greedy
71;3037041;100;10;1000;1000;0.9;7;1;9;instances/will199GPIA.col;701;7065;greedy
75;3033027;100;10;1000;1000;0.9;7;0;9;instances/will199GPIA.col;701;7065;greedy
74;4817378;100;10;1000;1000;0.9;7;3;9;instances/will199GPIA.col;701;7065;greedy
75;3067756;100;10;1000;1000;0.9;7;0;9;instances/will199GPIA.col;701;7065;greedy
75;3031817;100;10;1000;1000;0.9;7;0;9;instances/will199GPIA.col;701;7065;greedy
75;3029309;100;10;1000;1000;0.9;7;0;9;instances/will199GPIA.col;701;7065;greedy
74;3016775;100;10;1000;1000;0.9;7;0;9;instances/will199GPIA.col;701;7065;greedy
75;3010334;100;10;1000;1000;0.9;7;0;9;instances/will199GPIA.col;701;7065;greedy
75;3044095;100;10;1000;1000;0.9;7;0;9;instances/will199GPIA.col;701;7065;greedy
75;3034679;100;10;1000;1000;0.9;7;0;9;instances/will199GPIA.col;701;7065;greedy
75;3047146;100;10;1000;1000;0.9;7;0;9;instances/will199GPIA.col;701;7065;greedy
75;3055970;100;10;1000;1000;0.9;7;0;9;instances/will199GPIA.col;701;7065;greedy
75;3061406;100;10;1000;1000;0.9;7;0;9;instances/will199GPIA.col;701;7065;greedy
75;4859511;100;10;1000;1000;0.9;7;0;9;instances/will199GPIA.col;701;7065;greedy
75;3090347;100;10;1000;1000;0.9;7;0;9;instances/will199GPIA.col;701;7065;greedy
75;3048690;100;10;1000;1000;0.9;7;0;9;instances/will199GPIA.col;701;7065;greedy
75;3039042;100;10;1000;1000;0.9;7;0;9;instances/will199GPIA.col;701;7065;greedy
75;2986602;100;10;1000;1000;0.9;7;0;9;instances/will199GPIA.col;701;7065;greedy
75;3022311;100;10;1000;1000;0.9;7;0;9;instances/will199GPIA.col;701;7065;greedy
75;3067600;100;10;1000;1000;0.9;7;0;9;instances/will199GPIA.col;701;7065;greedy
75;3262712;100;10;1000;1000;0.9;7;0;9;instances/will199GPIA.col;701;7065;greedy
75;3299399;100;10;1000;1000;0.9;7;0;9;instances/will199GPIA.col;701;7065;greedy
75;3208420;100;10;1000;1000;0.9;7;0;9;instances/will199GPIA.col;701;7065;greedy
75;4846354;100;10;1000;1000;0.9;7;0;9;instances/will199GPIA.col;701;7065;greedy
75;3007073;100;10;1000;1000;0.9;7;0;9;instances/will199GPIA.col;701;7065;greedy
75;3102826;100;10;1000;1000;0.9;7;0;9;instances/will199GPIA.col;701;7065;greedy
75;3082603;100;10;1000;1000;0.9;7;0;9;instances/will199GPIA.col;701;7065;greedy
75;3019646;100;10;1000;1000;0.9;7;0;9;instances/will199GPIA.col;701;7065;greedy
75;3017692;100;10;1000;1000;0.9;7;0;9;instances/will199GPIA.col;701;7065;greedy
75;3022903;100;10;1000;1000;0.9;7;0;9;instances/will199GPIA.col;701;7065;greedy
75;3037040;100;10;1000;1000;0.9;7;0;9;instances/will199GPIA.col;701;7065;greedy
75;3012260;100;10;1000;1000;0.9;7;0;9;instances/will199GPIA.col;701;7065;greedy
75;3028798;100;10;1000;1000;0.9;7;0;9;instances/will199GPIA.col;701;7065;greedy
75;3041619;100;10;1000;1000;0.9;7;0;9;instances/will199GPIA.col;701;7065;greedy
75;4911285;100;10;1000;1000;0.9;7;0;9;instances/will199GPIA.col;701;7065;greedy
75;3116149;100;10;1000;1000;0.9;7;0;9;instances/will199GPIA.col;701;7065;greedy
75;3070937;100;10;1000;1000;0.9;7;0;9;instances/will199GPIA.col;701;7065;greedy
75;3016539;100;10;1000;1000;0.9;7;0;9;instances/will199GPIA.col;701;7065;greedy
75;3027839;100;10;1000;1000;0.9;7;0;9;instances/will199GPIA.col;701;7065;greedy
75;3053190;100;10;1000;1000;0.9;7;0;9;instances/will199GPIA.col;701;7065;greedy
75;3027048;100;10;1000;1000;0.9;7;0;9;instances/will199GPIA.col;701;7065;greedy
75;3022716;100;10;1000;1000;0.9;7;0;9;instances/will199GPIA.col;701;7065;greedy
75;3020006;100;10;1000;1000;0.9;7;0;9;instances/will199GPIA.col;701;7065;greedy
75;3017842;100;10;1000;1000;0.9;7;0;9;instances/will199GPIA.col;701;7065;greedy
75;4884300;100;10;1000;1000;0.9;7;0;9;instances/will199GPIA.col;701;7065;greedy
75;3076880;100;10;1000;1000;0.9;7;0;9;instances/will199GPIA.col;701;7065;greedy
75;3067349;100;10;1000;1000;0.9;7;0;9;instances/will199GPIA.col;701;7065;greedy
75;3082040;100;10;1000;1000;0.9;7;0;9;instances/will199GPIA.col;701;7065;greedy
75;2896000;100;10;1000;1000;0.9;7;0;9;instances/will199GPIA.col;701;7065;greedy
75;3009477;100;10;1000;1000;0.9;7;0;9;instances/will199GPIA.col;701;7065;greedy
75;3018418;100;10;1000;1000;0.9;7;0;9;instances/will199GPIA.col;701;7065;greedy
75;3051106;100;10;1000;1000;0.9;7;0;9;instances/will199GPIA.col;701;7065;greedy
75;3040144;100;10;1000;1000;0.9;7;0;9;instances/will199GPIA.col;701;7065;greedy
75;3032939;100;10;1000;1000;0.9;7;0;9;instances/will199GPIA.col;701;7065;greedy
75;3016825;100;10;1000;1000;0.9;7;0;9;instances/will199GPIA.col;701;7065;greedy
75;4823971;100;10;1000;1000;0.9;7;0;9;instances/will199GPIA.col;701;7065;greedy
75;3058115;100;10;1000;1000;0.9;7;0;9;instances/will199GPIA.col;701;7065;greedy
75;3080753;100;10;1000;1000;0.9;7;0;9;instances/will199GPIA.col;701;7065;greedy
75;3031748;100;10;1000;1000;0.9;7;0;9;instances/will199GPIA.col;701;7065;greedy
75;3051245;100;10;1000;1000;0.9;7;0;9;instances/will199GPIA.col;701;7065;greedy
75;2979245;100;10;1000;1000;0.9;7;0;9;instances/will199GPIA.col;701;7065;greedy
75;2960974;100;10;1000;1000;0.9;7;0;9;instances/will199GPIA.col;701;7065;greedy
75;3011575;100;10;1000;1000;0.9;7;0;9;instances/will199GPIA.col;701;7065;greedy
75;3004815;100;10;1000;1000;0.9;7;0;9;instances/will199GPIA.col;701;7065;greedy
75;3073462;100;10;1000;1000;0.9;7;0;9;instances/will199GPIA.col;701;7065;greedy
74;4839116;100;10;1000;1000;0.9;7;0;9;instances/will199GPIA.col;701;7065;greedy
75;3116633;100;10;1000;1000;0.9;7;0;9;instances/will199GPIA.col;701;7065;greedy
75;3112941;100;10;1000;1000;0.9;7;0;9;instances/will199GPIA.col;701;7065;greedy
75;3033937;100;10;1000;1000;0.9;7;0;9;instances/will199GPIA.col;701;7065;greedy
75;2990553;100;10;1000;1000;0.9;7;0;9;instances/will199GPIA.col;701;7065;greedy
75;3004020;100;10;1000;1000;0.9;7;0;9;instances/will199GPIA.col;701;7065;greedy
75;2975499;100;10;1000;1000;0.9;7;0;9;instances/will199GPIA.col;701;7065;greedy
75;2994874;100;10;1000;1000;0.9;7;0;9;instances/will199GPIA.col;701;7065;greedy
75;3058370;100;10;1000;1000;0.9;7;0;9;instances/will199GPIA.col;701;7065;greedy
75;3085881;100;10;1000;1000;0.9;7;0;9;instances/will199GPIA.col;701;7065;greedy
75;3025700;100;10;1000;1000;0.9;7;0;9;instances/will199GPIA.col;701;7065;greedy
75;4883736;100;10;1000;1000;0.9;7;0;9;instances/will199GPIA.col;701;7065;greedy
75;3177272;100;10;1000;1000;0.9;7;0;9;instances/will199GPIA.col;701;7065;greedy
75;3030468;100;10;1000;1000;0.9;7;0;9;instances/will199GPIA.col;701;7065;greedy
75;2978794;100;10;1000;1000;0.9;7;0;9;instances/will199GPIA.col;701;7065;greedy
75;3003414;100;10;1000;1000;0.9;7;0;9;instances/will199GPIA.col;701;7065;greedy
75;3000067;100;10;1000;1000;0.9;7;0;9;instances/will199GPIA.col;701;7065;greedy
75;2953759;100;10;1000;1000;0.9;7;0;9;instances/will199GPIA.col;701;7065;greedy
75;2988955;100;10;1000;1000;0.9;7;0;9;instances/will199GPIA.col;701;7065;greedy
75;3026178;100;10;1000;1000;0.9;7;0;9;instances/will199GPIA.col;701;7065;greedy
75;3086383;100;10;1000;1000;0.9;7;0;9;instances/will199GPIA.col;701;7065;greedy
75;3037865;100;10;1000;1000;0.9;7;0;9;instances/will199GPIA.col;701;7065;greedy
75;4966012;100;10;1000;1000;0.9;7;0;9;instances/will199GPIA.col;701;7065;greedy
75;3108617;100;10;1000;1000;0.9;7;0;9;instances/will199GPIA.col;701;7065;greedy
75;2995622;100;10;1000;1000;0.9;7;0;9;instances/will199GPIA.col;701;7065;greedy
75;2966049;100;10;1000;1000;0.9;7;0;9;instances/will199GPIA.col;701;7065;greedy
75;3061510;100;10;1000;1000;0.9;7;0;9;instances/will199GPIA.col;701;7065;greedy
75;3076801;100;10;1000;1000;0.9;7;0;9;instances/will199GPIA.col;701;7065;greedy
75;3005773;100;10;1000;1000;0.9;7;0;9;instances/will199GPIA.col;701;7065;greedy
75;3106755;100;10;1000;1000;0.9;7;0;9;instances/will199GPIA.col;701;7065;greedy
75;3067410;100;10;1000;1000;0.9;7;0;9;instances/will199GPIA.col;701;7065;greedy
774;3046546;100;10;1000;1000;0.9;7;22382;9;instances/will199GPIA.col;701;7065;random
761;2995065;100;10;1000;1000;0.9;7;11666;9;instances/will199GPIA.col;701;7065;random
762;2984954;100;10;1000;1000;0.9;7;29767;9;instances/will199GPIA.col;701;7065;random
734;2997927;100;10;1000;1000;0.9;7;32524;9;instances/will199GPIA.col;701;7065;random
751;3000696;100;10;1000;1000;0.9;7;31343;9;instances/will199GPIA.col;701;7065;random
747;2991199;100;10;1000;1000;0.9;7;28308;9;instances/will199GPIA.col;701;7065;random
771;3004281;100;10;1000;1000;0.9;7;31772;9;instances/will199GPIA.col;701;7065;random
754;2969205;100;10;1000;1000;0.9;7;27470;9;instances/will199GPIA.col;701;7065;random
764;5188334;100;10;1000;1000;0.9;7;31035;9;instances/will199GPIA.col;701;7065;random
753;3079248;100;10;1000;1000;0.9;7;32266;9;instances/will199GPIA.col;701;7065;random
743;16253682;100;10;1000;5000;0.9;7;163827;9;instances/will199GPIA.col;701;7065;random
740;16058703;100;10;1000;5000;0.9;7;165064;9;instances/will199GPIA.col;701;7065;random
741;16056603;100;10;1000;5000;0.9;7;131886;9;instances/will199GPIA.col;701;7065;random
748;16002805;100;10;1000;5000;0.9;7;72676;9;instances/will199GPIA.col;701;7065;random
744;15963657;100;10;1000;5000;0.9;7;156655;9;instances/will199GPIA.col;701;7065;random
734;16220515;100;10;1000;5000;0.9;7;160058;9;instances/will199GPIA.col;701;7065;random
718;16086475;100;10;1000;5000;0.9;7;142474;9;instances/will199GPIA.col;701;7065;random
733;16051612;100;10;1000;5000;0.9;7;163528;9;instances/will199GPIA.col;701;7065;random
733;15965664;100;10;1000;5000;0.9;7;155263;9;instances/will199GPIA.col;701;7065;random
744;16018758;100;10;1000;5000;0.9;7;130951;9;instances/will199GPIA.col;701;7065;random
752;16304667;100;10;1000;5000;0.9;7;156521;9;instances/will199GPIA.col;701;7065;random
744;16216015;100;10;1000;5000;0.9;7;151157;9;instances/will199GPIA.col;701;7065;random
728;16125730;100;10;1000;5000;0.9;7;151135;9;instances/will199GPIA.col;701;7065;random
741;16241972;100;10;1000;5000;0.9;7;162974;9;instances/will199GPIA.col;701;7065;random
717;16091935;100;10;1000;5000;0.9;7;148712;9;instances/will199GPIA.col;701;7065;random
714;15878342;100;10;1000;5000;0.9;7;154692;9;instances/will199GPIA.col;701;7065;random
735;16014452;100;10;1000;5000;0.9;7;163782;9;instances/will199GPIA.col;701;7065;random
732;15998865;100;10;1000;5000;0.9;7;134237;9;instances/will199GPIA.col;701;7065;random
747;16082333;100;10;1000;5000;0.9;7;158952;9;instances/will199GPIA.col;701;7065;random
743;16016373;100;10;1000;5000;0.9;7;159662;9;instances/will199GPIA.col;701;7065;random
738;17244869;100;10;1000;5000;0.9;7;158073;9;instances/will199GPIA.col;701;7065;random
731;15339630;100;10;1000;5000;0.9;7;164440;9;instances/will199GPIA.col;701;7065;random
733;17189680;100;10;1000;5000;0.9;7;142496;9;instances/will199GPIA.col;701;7065;random
717;15256678;100;10;1000;5000;0.9;7;155760;9;instances/will199GPIA.col;701;7065;random
742;17136932;100;10;1000;5000;0.9;7;163242;9;instances/will199GPIA.col;701;7065;random
745;15409063;100;10;1000;5000;0.9;7;156932;9;instances/will199GPIA.col;701;7065;random
724;17087771;100;10;1000;5000;0.9;7;147609;9;instances/will199GPIA.col;701;7065;random
733;15371063;100;10;1000;5000;0.9;7;154671;9;instances/will199GPIA.col;701;7065;random
706;15355872;100;10;1000;5000;0.9;7;163236;9;instances/will199GPIA.col;701;7065;random
724;17104805;100;10;1000;5000;0.9;7;149519;9;instances/will199GPIA.col;701;7065;random
